2.947303
3
31
7
619370
20 59
29 102
118 119
32 92
37 65
59 85
34 85
6 85
62 119
17 57
7 57
8 114
87 114
0 64
15 121
25 55
46 119
101 137
82 104
30 52
67 137
0 22
80 108
3 108
66 100
20 117
25 39
12 93
92 96
11 19
90 130
5 58
10 58
5 49
3 83
6 24
16 50
53 57
102 119
29 31
84 89
84 136
79 132
4 102
79 138
36 48
72 94
16 48
13 90
13 44
13 18
4 65
102 115
113 116
107 113
22 111
14 42
79 93
108 127
100 135
68 117
117 126
99 123
4 11
92 110
17 23
11 77
73 78
73 130
11 128
93 114
57 65
64 93
38 93
64 73
52 132
26 41
2 53
26 54
2 68
2 107
45 46
38 77
102 109
55 93
69 125
48 75
94 139
76 105
1 71
103 131
1 12
4 33
4 120
77 81
73 104
77 124
14 79
57 69
77 108
88 92
85 106
63 120
61 63
33 98
70 115
56 125
14 122
114 121
100 129
112 128
112 129
23 95
74 76
58 73
60 93
69 137
40 84
60 92
39 84
26 63
55 99
21 124
9 45
48 63
97 102
43 102
9 105
9 94
9 103
27 93
51 65
65 134
11 133
86 122
9 91
35 84
14 28
47 105
