9.809524
1
52
42252
87176
9 194
87 139
45 153
29 50
143 242
161 217
157 187
48 205
20 152
27 191
146 228
172 201
10 247
176 179
68 152
204 209
110 218
93 234
22 221
134 203
95 248
165 177
1 191
4 229
26 31
17 31
31 175
2 238
109 214
101 165
128 231
23 165
108 203
2 153
162 218
132 214
120 234
116 139
137 238
32 127
24 138
100 138
184 247
111 179
57 152
62 242
217 234
49 100
41 219
115 116
133 191
150 222
166 238
54 146
129 238
81 230
201 221
5 247
32 209
168 173
132 175
24 187
53 170
22 104
173 209
115 165
136 248
87 149
215 222
168 205
5 127
111 222
180 194
78 146
86 205
9 122
74 242
47 204
139 203
37 221
71 153
70 141
187 208
240 241
169 211
104 169
149 169
78 223
105 153
48 223
220 223
77 101
77 103
79 155
155 183
155 225
209 232
68 232
179 243
37 243
156 219
146 189
189 234
107 183
107 170
107 214
71 202
64 235
77 105
114 148
93 148
52 238
52 214
91 124
148 208
34 103
34 180
210 234
210 225
34 40
53 151
108 181
181 229
178 181
85 181
60 218
60 139
31 36
29 36
36 160
36 39
33 249
164 246
145 164
26 207
148 156
185 218
207 241
182 187
21 191
21 211
55 247
151 249
181 244
112 248
61 112
112 245
51 195
64 185
83 98
63 184
63 65
142 221
8 235
196 197
50 196
70 196
83 105
131 159
124 131
85 131
58 216
17 90
46 90
90 117
90 227
3 222
3 163
212 238
6 145
6 163
6 82
125 195
14 96
96 121
96 113
96 98
8 125
12 206
16 65
16 190
76 231
76 150
16 118
76 236
12 123
58 91
51 72
72 88
43 147
43 82
94 140
35 94
4 66
56 216
56 245
51 135
135 192
135 186
61 106
106 224
94 249
92 213
51 126
38 213
213 239
84 126
126 198
130 161
130 167
11 14
11 233
28 31
28 158
12 55
42 233
42 199
33 213
31 89
59 128
59 99
67 222
7 49
7 80
0 227
73 171
44 171
152 226
171 237
0 69
19 41
19 188
102 230
102 119
30 242
25 102
97 200
18 97
13 15
75 174
15 81
97 193
15 144
75 154
55 75
30 66
89 97
171 226
15 67
