51.843047
1
120
1
262733
44 201
148 256
29 332
141 353
120 269
278 367
86 390
89 227
133 239
68 263
41 314
34 314
314 316
314 360
271 317
248 399
183 267
209 395
250 302
256 267
260 305
188 305
272 274
275 395
278 334
123 305
110 285
0 399
112 175
232 302
156 334
70 75
60 399
29 50
9 395
73 317
82 334
41 361
97 302
225 395
237 274
317 327
50 179
267 355
50 92
274 388
75 127
208 246
75 210
75 125
168 399
174 317
3 77
50 270
166 325
305 362
132 233
32 173
200 304
28 213
195 310
194 370
186 315
206 219
231 258
25 189
244 273
1 13
2 69
4 286
201 348
236 342
181 211
26 162
46 286
212 219
198 392
23 370
177 342
176 344
319 321
323 394
326 378
22 296
338 396
339 378
145 173
144 342
48 348
40 310
39 284
38 394
37 370
36 193
35 321
43 122
49 117
59 320
58 304
56 99
55 216
54 219
52 164
5 344
44 99
14 31
47 230
141 321
12 160
222 284
11 216
9 95
226 396
228 394
8 18
7 118
6 162
234 249
311 348
87 116
112 347
163 336
110 223
153 320
293 315
103 131
91 392
119 211
120 241
74 85
121 396
86 296
19 62
66 78
126 178
106 259
88 249
89 134
133 193
64 164
67 238
94 258
108 178
137 283
128 169
107 160
104 320
264 392
17 213
332 336
148 230
369 378
358 371
84 259
114 381
61 99
262 286
65 140
115 134
76 249
151 284
301 315
357 389
167 381
279 381
281 336
350 389
81 310
51 98
15 240
16 79
15 83
51 263
80 245
51 149
80 287
95 130
146 239
69 218
161 255
161 329
96 214
30 63
18 354
18 170
101 220
96 196
80 124
69 276
24 111
24 159
24 398
78 252
78 191
146 379
15 68
30 105
30 318
85 309
31 190
31 397
95 147
160 384
16 154
62 356
13 291
146 306
13 335
347 353
169 297
169 391
139 208
171 298
117 204
258 300
171 340
389 393
371 386
273 346
344 351
173 366
304 390
215 299
213 365
211 383
210 347
178 224
164 165
109 337
109 367
101 138
118 192
134 294
182 242
131 359
131 269
215 328
122 349
122 343
101 197
116 266
296 380
283 313
283 295
116 368
42 203
223 243
216 280
215 382
45 254
45 217
45 158
161 345
42 229
53 152
223 265
33 207
33 180
53 322
57 308
57 251
57 199
53 364
33 143
241 375
162 290
189 247
189 221
96 155
171 174
182 352
118 168
139 307
241 257
238 292
238 289
139 331
140 333
182 227
230 253
140 377
85 270
16 77
273 360
109 325
259 341
193 233
117 362
42 235
136 235
282 341
314 334
285 361
274 302
3 361
172 267
314 385
10 166
166 389
102 399
205 361
75 187
90 285
3 85
3 219
3 371
80 175
132 261
302 387
166 277
166 241
305 387
10 395
172 303
50 324
142 246
172 312
71 132
175 178
175 303
175 336
140 246
30 246
72 334
274 324
132 202
100 132
100 317
27 172
246 283
268 361
129 267
160 202
71 142
187 286
53 261
162 185
129 378
157 320
157 259
62 93
185 296
57 385
142 373
146 205
189 330
122 374
33 376
116 129
202 370
31 150
78 150
118 372
113 347
211 261
164 385
185 312
45 72
202 392
72 249
216 268
42 376
51 157
21 102
95 330
344 374
96 363
93 277
324 381
100 238
321 363
99 113
21 363
21 157
372 396
258 330
20 213
20 182
20 139
20 135
24 102
18 373
273 288
101 376
173 373
135 374
134 150
69 374
169 205
310 372
284 288
373 394
90 376
102 315
93 215
288 342
13 261
93 161
184 285
