1.303079
3
42
2
343062
18 101
60 180
85 157
115 148
61 165
83 147
99 127
46 127
99 161
73 171
128 171
17 96
28 96
100 178
86 118
157 178
64 118
5 118
36 160
110 160
101 122
34 105
145 171
96 97
39 178
2 33
2 119
2 147
116 181
105 124
21 149
21 92
5 175
118 144
95 123
80 129
162 164
66 198
3 75
46 131
40 49
74 75
44 49
0 56
105 193
122 192
35 68
62 117
21 198
32 57
123 173
129 186
33 75
20 83
1 140
68 72
20 167
93 189
1 39
117 148
23 185
23 112
10 63
23 32
10 125
75 87
131 144
78 107
93 188
23 114
61 177
91 176
60 176
26 177
13 102
15 126
115 176
18 166
0 48
50 104
77 142
62 183
80 113
81 142
95 113
24 109
14 134
108 134
15 172
12 31
67 137
25 82
13 16
97 126
150 183
134 180
90 104
109 150
104 165
65 90
59 85
41 42
30 184
41 121
16 132
6 136
6 155
127 178
47 114
103 159
152 188
58 107
51 174
7 69
82 87
82 193
65 192
59 159
105 127
30 69
16 174
27 161
94 120
43 161
156 197
52 127
118 181
122 158
43 162
26 170
74 111
35 179
24 143
40 196
29 161
110 135
21 43
49 197
120 191
120 194
167 169
125 133
135 145
38 116
106 154
131 171
57 162
160 191
94 139
19 160
56 122
49 158
19 158
43 182
117 158
27 78
4 127
76 164
31 197
146 197
71 120
29 93
10 56
47 96
45 171
55 96
113 160
7 181
66 142
22 122
16 66
130 156
70 139
19 187
131 137
68 187
41 194
8 127
79 161
106 161
195 197
53 120
171 199
88 178
66 84
9 181
138 160
162 168
37 158
105 153
11 27
6 45
151 156
141 175
1 163
68 89
10 98
54 177
137 190
