24.664286
1
92
9
55115
68 274
144 303
118 299
87 164
176 327
241 287
185 392
83 234
151 225
41 377
2 95
200 372
124 166
19 351
209 296
36 280
123 137
171 349
23 226
169 246
122 132
27 361
47 207
207 378
130 207
204 233
211 233
230 233
103 297
297 392
156 292
297 345
156 302
156 174
90 156
156 295
314 332
200 332
19 332
255 282
27 282
96 282
24 282
176 179
53 179
335 337
62 125
62 246
62 363
150 248
101 321
118 321
132 321
192 217
11 258
123 217
63 286
105 217
64 258
139 286
225 258
65 286
95 129
129 165
129 353
129 201
129 260
83 264
245 264
264 304
65 264
86 223
1 223
309 339
206 339
102 172
7 102
102 330
3 13
13 391
13 304
102 256
13 388
1 221
236 371
347 371
15 371
263 396
96 396
153 290
163 290
104 290
159 294
279 338
262 279
155 356
142 155
155 196
79 254
79 214
24 79
155 302
79 344
41 336
336 398
38 183
134 183
150 183
237 381
122 323
6 271
151 298
137 323
209 323
72 298
145 298
36 271
167 271
131 180
80 387
370 387
269 338
340 376
99 269
354 376
205 300
33 180
206 269
360 386
208 386
78 300
94 376
320 386
138 300
112 387
180 327
126 216
185 216
0 135
0 186
0 68
199 324
14 291
14 154
199 355
14 250
14 61
199 288
226 251
234 251
251 270
141 316
316 365
174 364
105 222
277 317
303 331
331 372
164 331
146 328
66 93
93 319
110 389
31 110
110 117
93 157
144 267
76 267
267 310
70 145
171 375
325 375
2 89
193 259
215 259
89 124
259 341
220 273
141 257
131 311
253 272
204 284
33 272
198 348
198 263
276 368
276 341
173 214
173 219
247 365
247 253
169 247
58 247
12 82
12 165
143 399
45 161
161 397
161 328
44 212
212 349
305 379
136 305
69 305
242 390
7 242
242 337
29 270
140 383
121 203
121 159
140 237
21 277
218 261
90 121
21 299
140 377
121 232
102 207
130 181
127 275
315 374
160 289
369 374
108 351
28 366
20 158
20 127
20 113
62 335
179 248
92 239
92 235
9 16
9 191
92 119
9 243
142 227
227 230
67 153
49 207
156 371
30 394
30 241
23 30
14 207
170 262
51 109
43 51
244 342
34 84
51 154
107 296
143 170
56 84
52 261
91 280
91 309
52 359
184 342
342 380
25 52
60 91
74 107
107 149
84 177
170 265
202 352
28 202
202 357
168 190
168 278
115 168
13 248
75 133
40 175
8 385
17 120
54 194
18 285
75 312
18 367
5 57
54 353
40 213
42 97
281 293
54 292
77 228
8 268
281 361
40 274
71 148
8 166
32 395
77 273
77 333
5 224
266 334
26 229
42 111
281 350
18 128
17 87
71 162
5 391
17 203
81 266
26 197
32 313
266 358
71 287
238 278
343 347
116 255
187 268
43 238
39 183
39 300
49 332
39 88
217 294
100 297
39 106
152 248
22 339
12 297
282 308
140 282
161 335
46 102
152 221
223 283
199 221
49 307
152 279
22 381
55 156
218 286
70 307
346 381
271 373
258 322
252 298
279 393
4 285
4 135
79 220
290 329
189 279
10 297
39 50
46 231
62 98
67 321
0 189
329 387
210 257
178 297
35 335
22 374
188 259
48 155
70 318
231 276
20 252
13 240
48 375
188 306
59 381
22 342
85 106
22 32
147 210
326 331
323 382
93 326
318 362
10 376
182 386
195 216
181 289
114 216
110 382
199 384
75 317
275 366
37 316
73 110
85 249
84 308
301 399
98 305
218 266
29 42
9 147
182 249
92 195
26 227
