22.988694
1
55
2
550186
23 89
24 100
3 44
49 133
128 146
108 160
117 127
17 186
106 145
111 145
100 145
142 198
195 198
23 198
120 165
93 165
69 165
8 39
22 36
45 144
47 144
70 81
144 164
144 199
116 122
81 186
81 157
94 116
116 118
116 127
7 189
43 110
40 128
43 119
113 149
113 135
7 64
113 126
7 62
43 147
39 101
40 101
113 193
65 148
161 190
41 185
89 107
49 185
50 107
37 86
24 56
12 162
143 173
59 148
60 86
61 177
124 177
35 56
4 86
97 177
42 173
5 192
169 173
183 190
172 190
25 162
174 192
83 166
2 11
77 123
74 95
2 55
58 140
98 136
13 29
139 166
129 152
26 104
6 140
18 152
10 95
19 123
47 138
3 138
38 136
66 104
52 73
28 29
87 90
22 103
20 48
44 115
102 156
54 85
148 160
56 105
107 151
104 121
95 168
123 141
166 181
73 117
73 175
55 92
55 109
152 197
136 180
138 176
140 194
29 137
48 67
156 182
103 133
103 134
115 125
115 153
16 179
21 84
21 108
156 167
85 155
90 114
85 196
16 17
48 71
16 170
90 154
51 99
32 94
34 191
27 188
51 53
32 68
32 88
15 131
27 80
34 96
15 163
34 171
51 57
15 72
27 31
192 193
36 145
68 91
7 145
112 165
39 43
11 145
14 198
36 95
150 165
39 79
0 40
33 78
1 36
75 162
43 132
16 36
40 190
116 150
11 75
33 123
33 152
112 178
75 130
75 136
75 140
81 150
46 144
30 113
33 115
40 103
112 187
46 112
78 184
132 192
107 178
79 177
9 78
86 158
148 187
56 158
104 158
82 173
9 29
14 85
9 156
30 90
46 166
48 187
1 82
51 187
15 46
34 82
27 82
39 159
33 63
76 112
