56.142857
1
134
6
49210
54 81
71 237
316 410
278 441
157 491
250 450
179 475
65 215
76 264
59 135
27 272
208 498
31 267
329 457
193 308
276 359
276 358
149 276
276 403
70 276
30 159
52 138
67 323
116 275
164 165
164 292
24 116
116 389
145 164
116 443
164 209
240 486
6 486
14 444
19 326
423 444
80 486
287 326
262 326
120 444
198 326
201 486
390 444
18 449
316 449
162 392
162 261
162 374
158 162
181 402
324 341
165 341
143 341
341 457
250 384
196 384
371 384
31 307
65 307
270 307
463 493
334 493
156 493
100 417
26 60
60 294
32 100
94 413
16 66
144 455
191 332
163 471
43 293
43 346
332 407
74 163
60 263
94 224
16 173
16 248
172 425
172 495
172 181
332 467
218 415
43 443
218 452
218 302
43 419
16 330
100 235
163 209
94 179
361 388
352 388
193 349
349 468
349 352
388 432
207 349
24 412
411 412
182 412
350 477
48 151
48 359
48 101
242 460
48 233
242 246
242 434
290 391
298 487
15 351
333 455
71 345
89 305
336 345
225 290
243 305
247 290
232 305
305 465
290 448
93 487
225 351
150 487
282 333
29 345
248 351
105 333
319 461
50 347
310 478
315 353
317 331
121 421
321 347
328 353
221 331
401 461
447 462
355 427
437 488
356 386
409 461
134 482
101 254
446 469
400 488
40 249
54 470
125 421
211 254
97 427
122 430
296 488
239 386
230 240
152 482
149 421
55 249
72 230
46 469
107 230
126 470
254 451
264 347
17 482
85 188
184 331
237 430
83 478
216 249
212 386
82 470
188 286
199 430
113 478
58 353
288 462
222 462
8 469
33 427
76 188
131 136
27 109
322 476
223 259
280 322
119 322
259 278
175 370
175 385
109 424
109 410
59 175
128 259
142 175
77 109
259 383
183 408
408 474
84 408
150 363
339 428
177 308
159 177
178 217
394 441
103 394
105 339
7 394
161 339
47 177
81 178
370 454
454 485
102 454
180 287
180 185
21 399
21 215
99 269
99 255
99 450
21 271
180 267
77 90
28 90
90 277
130 155
155 176
41 155
148 367
334 367
44 348
301 311
12 42
12 306
1 92
25 406
132 238
1 227
192 241
1 266
56 480
39 96
39 256
39 338
132 479
147 490
192 379
301 420
192 422
124 318
147 440
174 368
174 285
301 458
123 281
123 464
124 153
226 258
226 481
56 320
124 366
174 340
25 157
123 260
147 442
12 205
25 171
56 284
132 456
226 245
426 475
297 426
187 426
110 166
2 110
110 135
252 383
252 279
49 252
28 86
168 313
34 67
23 137
342 492
398 405
219 362
414 439
57 64
57 138
34 423
194 228
73 414
75 129
200 404
131 194
154 214
372 433
204 498
61 219
372 465
5 372
214 344
111 137
251 265
257 398
114 303
140 200
139 214
204 499
88 204
137 343
265 496
194 329
127 219
313 472
129 309
303 304
200 350
108 342
312 342
0 34
104 129
189 313
87 244
78 87
87 435
51 397
51 418
44 51
52 164
11 494
206 381
213 299
10 291
202 354
466 483
10 374
466 473
3 37
11 484
106 416
22 91
160 436
68 190
91 229
197 272
197 220
11 148
213 376
160 167
354 393
68 378
10 234
170 206
79 106
106 380
4 68
37 357
36 160
354 396
37 438
206 431
91 169
197 208
364 466
20 213
52 444
30 60
210 243
98 183
130 210
201 387
276 345
218 289
100 289
289 332
94 323
116 163
52 477
289 470
323 335
30 268
60 144
100 144
69 244
13 418
69 484
13 104
30 203
327 349
289 489
231 307
99 323
331 402
172 242
192 289
276 497
30 186
259 402
162 429
1 323
305 327
144 347
62 486
30 295
351 388
146 402
94 322
219 289
116 369
231 487
231 430
117 384
326 459
449 459
37 52
146 327
231 322
164 377
195 218
314 345
48 429
45 144
203 341
249 429
87 402
52 387
253 388
95 351
365 477
231 300
129 327
137 327
325 332
9 487
363 453
365 488
53 493
141 163
429 445
375 445
63 242
395 489
112 333
62 454
115 395
86 408
95 337
382 482
63 353
141 469
373 386
461 497
373 421
295 462
53 478
295 427
273 408
146 236
12 62
21 133
175 382
118 195
226 365
39 274
147 274
301 459
56 133
180 283
38 45
214 274
118 274
112 174
90 360
123 497
25 35
38 124
132 382
160 365
186 303
265 273
377 398
35 236
106 325
373 414
313 360
141 342
283 466
38 354
63 68
206 360
35 91
213 283
