6.438095
1
28
7654
147745
99 150
54 96
69 118
30 135
74 130
59 102
58 112
20 121
9 96
59 67
126 158
116 121
126 135
98 158
24 82
64 86
70 101
4 130
108 118
48 135
11 158
61 79
143 144
33 130
18 142
56 72
18 86
19 112
118 137
44 79
7 69
134 150
26 158
11 83
84 89
9 115
50 96
52 77
117 119
0 117
7 82
93 117
38 86
113 150
61 147
37 115
115 140
67 103
73 115
77 112
27 92
88 92
92 141
84 92
40 85
23 135
6 151
6 158
119 152
152 158
23 111
82 139
133 139
72 81
55 74
22 95
22 151
91 95
13 129
51 83
66 68
45 51
39 82
39 103
105 124
76 124
121 124
40 124
45 124
60 68
81 91
118 123
86 123
43 102
43 54
29 115
29 93
71 79
71 105
43 60
5 79
65 78
78 140
5 36
62 89
112 148
28 116
106 121
28 47
142 145
145 156
27 145
114 145
25 66
25 101
120 143
100 120
47 120
55 148
49 97
57 117
57 150
32 63
63 149
63 90
49 111
132 146
42 70
10 42
42 110
92 132
3 12
12 41
12 99
16 138
16 109
16 36
46 155
19 46
32 46
46 65
13 62
15 130
87 136
87 153
53 87
56 87
1 122
1 147
75 136
75 159
8 129
8 131
21 97
21 157
34 125
107 127
107 133
31 154
14 31
104 107
34 52
80 94
80 146
2 128
2 35
2 17
31 68
2 15
