53.645455
1
139
1
178629
102 241
93 154
62 272
3 131
9 51
138 314
171 409
116 406
461 474
106 428
180 471
12 292
71 485
467 484
231 275
250 268
97 145
20 236
172 236
46 63
64 236
236 346
84 261
355 395
63 433
63 368
84 190
334 449
333 463
332 493
331 458
128 161
353 487
461 487
140 449
142 170
154 493
163 293
174 481
1 458
121 481
124 254
59 497
314 497
10 463
102 487
104 117
104 205
12 132
38 132
34 449
33 161
402 463
317 487
319 397
319 493
238 449
258 293
279 299
260 299
167 254
159 326
212 493
349 436
349 363
175 400
117 441
117 312
311 349
175 193
175 413
94 155
50 147
94 280
50 330
94 301
299 320
299 406
94 361
161 216
126 285
233 251
132 159
458 477
458 490
463 494
35 431
35 300
126 311
50 298
126 190
35 206
254 347
293 488
23 206
50 416
117 351
481 498
239 290
179 424
178 396
242 381
238 373
272 399
260 492
180 246
68 81
377 421
208 243
321 443
5 381
409 422
398 492
4 158
392 424
62 201
383 459
0 318
282 442
196 422
176 309
276 389
274 445
420 442
271 336
64 265
31 90
73 214
79 266
56 472
185 482
57 475
186 443
60 81
45 47
44 83
286 472
87 318
24 42
25 329
26 194
27 287
29 66
82 329
39 316
28 195
310 385
230 234
70 422
304 442
9 77
181 399
71 387
317 399
51 309
315 396
69 266
308 309
52 283
53 265
297 466
54 229
294 388
289 388
288 316
49 243
156 421
103 246
169 305
168 411
111 439
166 387
165 228
192 218
8 262
14 430
160 194
13 65
152 380
148 425
143 445
142 215
141 466
139 424
134 305
345 367
374 380
22 184
202 229
11 411
200 482
198 386
107 182
108 475
210 459
127 459
21 92
131 475
427 492
122 184
213 439
3 430
2 240
116 430
115 182
113 187
112 445
191 393
95 96
331 466
223 396
333 357
222 329
224 388
93 287
343 367
375 385
460 480
348 387
324 367
227 246
455 480
220 339
465 482
106 120
356 472
322 389
418 480
16 240
370 439
89 171
187 453
91 344
18 75
19 371
99 382
80 157
89 273
30 110
81 231
91 328
189 496
89 302
90 151
30 37
7 250
18 135
92 97
96 233
66 98
6 495
96 257
6 369
7 58
65 378
67 268
194 404
6 40
99 173
67 149
66 183
195 232
65 355
92 432
90 188
42 85
42 177
43 136
47 376
47 137
197 451
43 78
19 138
357 391
218 474
123 235
342 443
339 429
336 364
336 362
221 380
91 448
19 48
357 471
425 499
228 366
393 410
389 423
386 426
386 408
381 444
283 292
280 425
158 264
130 249
129 489
129 291
129 145
123 237
123 153
120 360
120 204
214 401
214 470
197 457
215 462
130 256
158 248
105 212
18 485
218 337
373 469
373 412
72 435
266 428
290 341
287 384
32 199
77 244
32 219
32 484
201 278
201 403
80 114
290 483
72 365
36 225
36 323
36 379
187 456
72 354
83 473
189 306
189 491
83 162
318 467
283 446
243 307
261 393
234 335
105 405
234 327
229 325
182 275
316 434
262 350
305 464
228 447
262 450
105 247
265 359
215 486
195 351
385 488
67 416
411 479
184 358
197 478
99 372
130 347
27 340
160 468
348 394
345 438
79 284
33 259
57 476
203 221
48 438
162 394
295 342
320 468
447 452
17 358
17 486
217 372
217 498
476 479
452 478
295 298
395 463
63 161
326 395
84 94
63 390
109 395
74 236
236 497
170 299
35 146
35 109
74 251
146 161
146 293
170 251
74 132
126 175
226 255
226 458
63 211
84 316
84 119
336 395
84 234
109 386
100 440
101 117
47 226
125 390
101 481
105 170
118 251
109 228
130 255
281 326
175 211
170 329
86 487
88 126
164 226
89 226
158 397
91 255
263 449
205 393
205 373
205 207
50 419
74 189
74 240
76 326
18 390
255 380
255 296
254 415
245 251
243 440
43 397
7 390
92 390
146 454
146 339
305 440
415 493
267 397
349 414
23 150
32 440
42 397
55 197
218 414
252 309
252 396
252 421
417 466
352 459
61 194
61 214
61 439
41 475
281 445
6 281
65 270
150 209
76 388
66 419
67 313
209 381
207 437
30 209
72 407
318 338
437 480
76 442
77 88
187 437
80 338
184 407
182 303
265 338
352 482
262 417
36 133
118 144
15 164
15 269
133 454
277 454
86 389
269 352
90 419
41 424
133 229
296 303
303 472
123 313
266 270
101 290
23 253
