26.179879
1
115
6
130798
18 344
318 427
36 106
81 124
73 125
79 452
110 376
37 330
185 314
43 480
238 299
250 274
68 214
346 453
278 463
77 351
155 372
237 290
115 339
60 118
86 189
101 189
121 189
293 383
303 383
261 383
2 424
3 434
51 434
188 424
58 424
123 434
113 424
25 434
157 174
274 495
438 495
26 103
76 229
18 229
151 229
215 428
77 374
318 374
171 374
346 498
89 498
178 498
126 493
344 493
2 468
24 468
239 493
8 468
79 285
0 285
199 254
86 254
226 254
24 179
293 384
116 384
334 400
298 400
230 474
113 496
62 287
43 496
355 460
237 474
128 287
131 460
427 460
39 474
182 496
278 375
299 328
201 328
233 328
228 439
234 439
54 439
40 432
394 432
17 432
54 218
73 358
149 218
173 358
251 358
37 195
97 195
63 256
170 256
98 186
152 186
257 487
189 480
189 221
216 265
221 383
78 497
423 497
102 362
110 266
11 266
354 434
38 317
88 317
124 317
174 264
26 331
97 333
321 380
270 380
40 315
152 231
56 370
84 161
42 370
336 495
123 490
350 431
41 431
98 263
133 227
133 253
133 163
176 288
103 148
176 207
103 386
176 238
36 446
34 229
47 382
172 343
81 343
170 277
162 353
1 449
139 433
160 494
94 465
280 409
276 420
6 341
120 420
146 281
276 335
144 465
115 156
405 409
279 341
125 281
246 409
132 156
109 353
35 433
482 494
5 189
12 379
140 167
21 168
76 105
185 289
103 142
414 498
292 493
166 285
5 174
135 190
384 396
14 242
30 242
191 400
168 287
114 484
7 458
20 34
114 360
7 15
87 290
87 175
439 452
88 286
126 440
162 232
0 232
63 91
128 282
218 330
195 255
195 336
256 479
186 475
288 471
22 70
57 70
225 329
130 455
130 258
265 454
48 93
48 326
48 489
210 252
130 319
210 247
210 250
48 223
265 351
225 466
225 302
190 337
150 362
252 406
5 498
101 262
179 487
13 224
82 459
60 154
9 66
3 95
169 202
50 72
19 72
155 272
223 331
45 476
45 310
45 403
106 197
29 305
187 206
129 206
231 444
161 376
161 316
410 431
30 399
99 204
133 363
118 497
211 483
176 366
5 439
382 415
343 463
382 453
217 245
281 491
353 481
420 456
200 414
200 470
4 365
135 211
167 203
118 467
82 407
105 117
105 212
260 324
273 352
352 441
177 215
158 260
177 340
27 32
71 300
289 401
289 464
27 388
468 488
153 383
211 287
118 263
135 269
25 147
421 487
49 358
328 472
118 138
114 325
87 472
445 487
236 487
118 193
103 297
5 357
103 406
255 478
327 478
240 459
317 387
85 214
165 436
92 271
165 275
92 241
85 390
165 181
243 306
85 359
243 499
243 244
90 133
263 459
70 416
265 342
442 495
393 459
49 231
416 451
308 349
82 153
49 370
176 240
268 434
224 461
224 354
122 129
249 391
267 356
66 429
154 291
284 372
202 368
220 257
95 273
154 248
95 462
204 284
46 187
272 430
72 208
272 327
207 249
267 314
284 428
64 457
20 87
229 417
49 446
197 492
305 402
197 338
211 345
23 49
52 55
52 158
59 473
59 308
333 374
370 397
21 442
118 320
347 373
31 283
83 426
209 309
164 425
209 235
194 332
194 377
194 213
205 364
164 448
134 180
134 339
75 323
347 447
205 292
205 222
119 263
28 312
28 127
130 437
21 411
174 435
133 193
277 407
362 437
156 313
82 335
21 259
135 161
192 419
111 398
4 361
4 82
119 371
379 450
167 342
156 179
352 385
260 398
260 325
71 392
71 408
27 361
437 467
192 312
192 366
10 493
46 487
412 487
174 304
7 99
74 375
65 166
107 191
213 422
7 74
451 459
53 424
384 395
242 486
256 381
82 294
379 437
159 432
7 443
315 331
225 381
217 337
195 289
317 418
268 471
421 431
52 387
240 449
64 307
220 392
137 263
311 424
295 411
196 411
304 400
23 404
61 119
92 437
20 165
75 483
75 485
83 127
83 369
31 477
174 219
469 474
100 150
192 494
133 422
44 114
211 367
67 176
349 471
20 209
119 378
45 320
145 265
112 369
198 477
108 486
33 385
69 269
147 307
80 450
413 485
16 21
66 297
136 210
145 380
85 159
341 451
331 399
138 243
114 143
122 433
465 469
31 490
218 389
136 409
184 471
10 72
348 497
104 362
96 266
347 395
45 296
183 206
202 412
53 305
141 435
61 164
92 322
249 301
