14.224733
1
44
2
484336
1 35
31 42
70 148
136 150
126 140
89 174
23 178
104 178
38 178
0 47
47 80
86 112
109 112
37 112
7 112
31 147
125 147
45 97
33 149
19 97
86 122
9 149
48 122
51 97
60 72
22 69
35 72
117 138
68 138
24 69
53 131
126 131
4 62
29 65
85 154
66 88
47 99
14 99
122 160
122 158
97 128
138 159
131 135
69 139
39 89
39 58
72 103
65 84
65 116
65 121
49 156
88 150
88 107
154 171
49 163
62 177
72 111
39 124
154 177
108 124
51 176
148 176
76 141
76 172
79 176
12 172
136 169
4 151
52 142
118 123
57 170
28 123
20 170
1 146
96 151
67 142
40 142
73 106
92 162
95 113
55 106
50 162
29 63
15 16
6 27
18 64
11 41
26 64
10 16
7 41
3 27
28 78
59 115
161 172
123 174
74 165
113 130
113 140
27 61
63 100
64 119
16 110
162 179
63 70
21 101
21 152
115 164
32 43
115 155
32 137
78 133
21 42
2 166
2 145
56 157
56 143
8 91
8 93
8 132
56 129
151 168
106 111
17 36
2 34
78 173
47 178
24 77
10 25
45 81
129 167
110 175
81 161
88 178
14 138
14 62
25 173
82 168
13 36
13 34
46 97
49 131
108 138
65 108
127 178
14 71
14 87
14 90
46 134
90 112
98 147
62 83
54 134
75 88
72 98
39 44
149 153
54 64
105 108
44 49
27 108
69 120
153 154
74 176
127 144
105 114
83 98
87 170
120 142
17 71
153 162
114 115
120 144
32 87
56 90
8 120
30 147
102 149
69 94
5 141
