30.583333
1
79
35
82984
156 216
70 182
131 238
211 216
12 50
193 216
2 290
102 217
6 235
197 199
122 288
50 290
191 235
260 290
98 217
155 199
22 210
19 199
257 285
233 235
13 217
35 285
66 288
205 288
69 219
11 219
63 219
33 287
180 196
112 210
104 208
164 245
183 245
190 287
12 210
55 287
16 189
112 170
170 285
194 281
4 194
10 194
21 140
57 140
65 242
95 242
154 242
10 149
16 254
39 254
67 76
76 84
60 76
206 226
207 226
54 226
1 161
91 161
168 200
83 200
143 155
141 163
163 236
109 163
163 232
38 194
148 202
148 279
46 279
279 299
28 279
40 182
40 260
40 119
136 164
64 216
64 210
59 160
160 227
15 160
185 235
179 247
14 179
150 179
259 280
125 280
220 280
4 7
7 156
218 296
203 218
24 218
241 258
212 286
82 212
70 212
128 267
128 292
128 248
128 196
42 199
97 103
103 119
59 275
225 275
275 284
113 275
1 231
169 187
106 187
93 192
99 233
133 295
133 273
28 133
45 133
60 262
158 221
157 206
19 157
43 251
43 72
136 204
114 195
114 237
41 243
41 258
92 189
92 104
41 137
92 240
114 261
17 88
88 239
245 289
288 289
76 136
52 176
176 268
116 176
237 274
68 96
96 129
96 165
136 226
62 269
62 139
47 62
73 181
18 172
18 121
56 108
56 249
18 198
73 246
56 115
73 94
88 149
49 147
49 145
49 131
81 286
81 287
51 87
130 217
87 294
132 295
132 255
75 122
161 223
9 255
40 143
134 287
134 140
74 80
34 74
74 238
89 144
48 174
23 110
110 272
144 256
174 293
25 110
53 174
159 263
159 271
226 298
42 200
97 135
135 180
135 151
152 221
152 253
78 214
117 229
77 184
0 71
90 224
5 101
26 213
90 100
58 105
79 186
71 276
8 85
85 188
78 201
142 222
26 120
37 228
77 146
29 78
107 208
105 215
107 178
85 175
37 291
37 232
79 250
3 79
44 77
31 142
86 117
27 219
71 264
27 290
5 278
26 267
142 265
32 90
117 252
107 173
105 277
162 223
75 254
111 242
136 218
36 140
200 282
42 162
218 280
36 242
30 204
212 241
7 192
202 282
38 234
230 279
166 245
166 269
118 231
138 275
160 244
162 244
158 192
20 124
124 209
41 185
64 96
30 163
187 270
43 103
64 123
73 223
176 241
270 298
127 262
126 138
99 266
280 283
179 297
159 202
87 103
64 105
77 223
127 167
153 187
42 85
36 179
126 177
92 130
5 118
274 297
56 283
61 234
74 274
117 274
167 171
18 111
9 144
30 78
90 177
71 153
27 174
110 171
61 142
79 171
124 274
