7.669384
1
65
4
228752
33 45
26 48
234 287
95 214
84 299
18 235
139 259
243 278
162 280
107 249
31 249
49 263
90 263
62 216
3 216
64 216
139 149
18 149
65 276
180 276
143 219
33 252
138 252
96 100
92 100
84 100
165 242
7 242
54 80
108 225
49 225
141 216
73 270
90 270
184 270
149 277
42 264
51 264
211 219
192 276
100 160
87 115
87 231
25 218
15 94
111 161
119 213
5 254
146 213
176 241
30 241
129 254
11 254
97 161
249 274
15 189
214 223
7 172
45 223
39 118
31 76
242 260
123 246
80 130
50 280
80 162
67 83
168 194
5 61
55 68
59 85
12 258
77 230
13 44
9 157
92 157
74 157
291 293
3 104
65 193
99 293
26 150
38 104
132 293
149 182
149 154
153 240
124 145
96 145
144 145
22 169
46 169
119 135
87 285
254 296
101 102
118 278
102 256
136 172
189 244
172 208
172 198
50 154
242 245
123 285
149 249
83 195
61 243
194 292
61 287
70 85
85 105
12 288
12 52
54 185
8 95
8 78
116 286
116 255
116 191
4 290
113 273
98 290
14 110
224 232
9 110
74 228
234 271
269 271
122 281
125 273
25 88
77 147
19 88
152 281
164 268
75 197
75 175
34 186
34 151
34 174
213 294
20 166
104 156
103 104
93 250
169 209
115 135
112 221
94 121
81 202
2 16
63 202
48 140
36 127
11 58
68 182
0 149
183 236
8 217
177 228
147 153
229 290
171 235
110 188
88 248
93 263
218 249
75 288
44 52
150 297
57 103
57 183
57 112
133 199
226 284
133 257
226 283
66 70
207 219
140 289
16 262
127 259
120 192
233 266
127 272
233 299
202 247
98 163
97 181
19 142
4 261
73 238
46 253
58 79
58 137
207 242
230 263
232 268
228 250
24 190
173 245
93 237
179 215
135 249
187 263
118 276
50 241
80 223
237 264
89 210
89 295
89 215
116 276
0 203
87 230
161 164
102 207
114 217
120 295
114 190
140 274
75 87
197 212
43 80
193 252
20 100
137 222
263 282
40 216
75 164
32 118
169 237
82 136
6 177
60 141
1 211
28 101
200 229
68 189
236 252
100 227
170 276
116 267
71 194
0 72
43 194
23 237
237 290
41 167
17 87
12 204
21 164
56 207
32 109
17 242
80 158
123 251
47 121
106 297
35 210
189 265
267 279
53 172
164 202
85 179
134 249
155 249
69 223
34 126
193 281
102 220
16 267
83 220
34 205
206 252
27 219
252 298
178 219
104 159
158 293
205 293
221 226
86 185
93 131
159 273
201 264
37 118
117 223
133 251
10 76
83 275
61 239
68 148
29 157
91 187
32 41
109 196
128 271
