21.737657
1
64
8
359418
10 52
12 236
31 113
86 231
49 246
7 93
8 167
222 240
126 240
52 199
45 199
121 199
124 175
49 175
141 175
230 235
110 235
40 123
116 238
197 238
163 181
15 191
64 145
53 191
126 127
5 224
138 224
226 229
216 229
55 133
98 133
77 229
36 54
202 241
236 241
13 142
112 142
14 48
65 100
87 100
64 119
8 119
81 190
10 190
68 96
177 178
148 162
95 168
164 228
28 125
71 213
56 221
34 221
218 240
14 83
73 117
43 186
7 186
99 235
19 160
17 50
86 104
9 104
115 123
123 227
123 243
181 248
238 244
188 219
27 148
27 164
27 41
62 155
84 158
29 105
58 105
31 120
152 220
15 132
103 155
12 39
2 189
89 220
191 233
191 195
118 172
1 159
219 224
145 199
42 136
42 212
21 90
3 37
21 187
3 85
42 239
21 167
3 4
54 95
54 99
54 111
76 100
100 146
119 228
190 231
25 134
25 246
25 214
75 91
96 162
88 96
60 125
125 156
125 207
80 213
46 225
117 128
117 149
83 170
30 46
47 80
186 234
3 27
118 147
47 175
74 78
74 76
50 176
50 51
160 200
66 171
66 168
104 113
3 127
16 201
165 196
165 232
131 183
131 137
165 211
101 178
101 166
101 139
16 203
131 194
38 63
33 182
33 94
38 108
38 44
33 151
16 169
145 241
22 75
39 205
189 209
158 193
220 245
105 185
24 135
39 69
155 215
132 184
158 177
132 153
120 129
6 242
6 35
6 93
46 123
18 181
57 188
109 145
20 30
27 47
26 115
26 140
23 60
159 210
23 97
26 143
23 237
240 249
21 114
42 92
11 67
57 127
91 241
118 174
101 188
0 229
42 150
32 235
11 83
11 18
204 238
181 206
188 189
154 238
106 181
32 123
27 72
213 247
26 188
83 114
46 92
142 223
59 88
106 118
70 118
47 157
117 221
57 144
179 191
11 38
11 33
23 145
72 133
208 224
82 133
130 157
117 150
122 130
66 107
74 180
142 192
54 179
213 223
190 198
119 217
144 173
24 247
102 109
91 154
100 208
16 174
18 161
50 223
0 173
79 180
0 105
82 186
0 159
165 206
61 160
131 217
82 160
198 220
155 161
