-0.429727
3
25
7413
605159
32 115
72 115
47 111
57 84
36 51
54 131
128 131
19 29
47 53
51 63
44 76
31 37
118 136
42 136
35 136
22 100
32 100
4 129
22 71
14 59
50 59
45 123
101 115
28 128
36 108
69 96
54 82
69 82
31 68
59 105
4 114
10 50
53 133
50 63
49 59
67 74
53 129
42 138
8 70
6 70
4 107
10 24
0 88
19 88
13 76
27 122
11 68
27 74
24 100
60 133
14 28
4 94
53 82
71 112
41 76
100 126
13 126
4 77
29 107
18 82
18 26
90 104
62 85
68 136
74 90
122 136
3 115
39 105
4 92
11 46
64 136
100 138
76 121
34 84
34 111
52 98
9 104
123 138
50 79
33 41
7 84
3 98
43 95
85 112
94 135
9 66
16 29
25 29
75 98
1 96
50 95
59 80
16 58
12 90
56 128
21 123
2 50
5 114
15 101
103 108
70 103
5 20
17 80
86 111
30 46
81 84
8 87
73 84
11 48
11 130
11 83
63 93
65 76
37 125
71 127
38 123
113 123
39 116
58 109
33 132
20 120
21 106
12 40
111 137
4 117
59 61
59 97
11 99
71 119
82 91
70 102
7 78
25 124
95 134
2 110
15 23
17 139
17 55
17 89
