11.066667
1
43
13976
112443
75 172
17 158
17 80
62 174
27 95
122 126
143 182
162 182
1 39
79 176
59 124
67 95
20 139
120 139
56 191
127 163
52 196
80 181
155 180
81 97
64 131
83 199
70 180
28 59
41 47
123 180
137 154
183 191
24 181
107 174
65 139
61 182
56 59
23 174
64 91
134 139
148 161
141 172
126 131
95 194
136 174
121 181
152 158
118 146
19 146
170 181
40 198
150 164
116 121
55 67
153 174
11 147
173 175
47 175
14 50
50 191
93 157
119 157
125 178
131 178
10 35
35 91
35 83
48 145
48 168
48 147
48 199
13 49
48 144
13 185
13 151
58 118
28 58
44 58
52 58
58 104
13 197
23 100
100 179
100 167
10 33
109 131
0 59
0 158
157 198
86 142
142 179
129 142
142 170
132 158
132 190
189 190
166 189
188 189
57 146
57 172
13 150
3 172
3 81
113 153
5 39
33 116
94 95
94 146
38 97
38 185
74 175
40 73
73 193
73 156
55 63
79 90
90 92
90 103
89 159
159 194
48 74
66 157
106 175
50 69
12 30
30 165
20 30
115 168
168 187
187 192
138 187
127 187
2 98
36 164
36 160
36 140
51 106
53 74
74 77
148 177
133 177
177 182
42 156
42 182
177 197
1 9
9 31
4 29
4 163
4 39
8 138
8 103
46 183
46 111
37 66
53 130
6 105
6 125
6 114
9 171
45 76
45 169
78 87
45 186
78 101
78 135
26 82
82 88
32 82
30 51
2 178
110 139
110 180
16 122
16 84
16 154
82 171
54 102
54 99
54 195
43 149
34 84
34 112
96 120
96 108
25 68
21 60
21 161
21 117
25 128
7 112
7 15
45 109
71 85
72 196
22 71
72 184
71 168
69 78
13 18
37 43
25 130
18 54
