0.968177
14
15
75350
204053
37 43
60 90
11 59
59 94
74 94
14 92
31 73
5 92
22 92
81 94
45 92
11 67
69 94
88 94
16 79
53 80
12 79
79 84
47 77
28 34
40 80
10 75
77 89
38 77
38 58
76 86
27 85
17 73
17 94
49 56
39 63
5 63
78 95
12 40
16 89
0 32
69 84
7 32
37 95
39 50
34 90
45 90
0 63
30 90
54 97
41 75
2 59
21 44
41 63
2 95
44 67
23 41
9 76
74 97
41 82
33 63
20 59
57 92
33 80
15 22
6 20
9 57
13 95
8 54
19 32
35 90
35 49
63 98
29 61
17 87
17 18
48 86
51 91
72 90
65 87
18 93
61 76
41 83
6 91
4 80
51 68
56 70
26 43
25 26
14 24
36 79
58 64
66 82
52 85
32 52
1 27
1 3
1 99
1 46
71 96
17 71
42 62
42 55
42 65
