-1.551721
12
17
4
730321
3 94
28 34
70 87
7 79
94 97
30 37
5 92
87 92
45 63
63 97
30 31
7 10
37 70
56 71
28 71
33 71
42 78
42 59
14 82
2 82
34 95
3 95
31 79
10 15
10 13
31 41
27 46
44 99
51 62
42 89
69 82
82 88
41 54
45 81
37 81
6 20
6 48
64 91
86 91
19 45
42 81
18 23
8 76
39 55
14 55
8 26
37 44
9 89
65 91
36 80
53 97
25 38
26 96
23 85
11 45
45 82
19 27
24 65
24 69
45 68
6 45
55 80
21 38
29 97
39 90
5 50
44 74
60 99
18 58
12 44
53 57
88 98
43 45
17 45
31 83
52 97
72 97
71 84
81 93
37 76
22 44
25 27
19 47
42 66
1 53
62 84
11 40
58 81
16 19
10 49
4 27
27 32
36 73
57 61
35 83
12 67
22 77
22 75
0 60
