46.923954
1
123
7
180898
37 259
62 159
26 191
377 409
197 271
9 331
115 387
297 433
69 321
177 429
43 108
86 413
388 413
348 413
15 310
133 309
289 313
267 313
206 309
65 309
131 193
92 193
157 193
112 385
368 385
127 385
119 333
38 333
33 339
6 420
360 420
129 298
185 298
114 298
409 424
27 424
411 424
184 378
202 268
417 435
304 416
192 322
177 349
259 349
216 349
159 205
30 83
237 319
329 418
10 447
9 83
276 418
380 437
35 105
126 246
381 432
62 447
229 357
316 447
94 205
253 357
1 183
255 432
14 410
144 410
208 418
0 432
302 410
37 246
175 437
311 319
93 319
140 246
239 357
80 105
21 183
366 382
303 431
148 382
114 382
211 431
15 130
254 327
20 75
19 200
14 76
67 345
295 345
191 352
250 341
189 341
26 46
236 243
145 243
111 243
137 286
138 286
40 344
155 344
19 404
135 306
92 306
69 87
84 87
65 283
38 323
226 241
226 393
361 393
285 413
74 179
99 274
21 391
271 274
108 347
297 347
104 313
115 123
70 123
113 151
156 299
52 54
57 153
188 252
73 150
32 231
96 277
121 317
28 77
24 56
63 384
132 384
33 42
8 212
158 160
4 171
288 315
90 315
7 171
58 160
53 142
5 97
60 142
201 212
242 364
174 364
234 423
367 420
12 91
294 408
279 401
66 308
173 184
117 367
66 331
117 198
173 337
173 398
117 436
66 104
117 390
66 139
183 234
205 280
382 412
401 431
130 203
130 397
16 249
16 202
34 351
76 400
34 263
76 85
76 444
75 88
327 342
34 214
16 187
34 443
327 359
75 167
345 377
46 330
341 429
282 352
352 438
243 261
29 41
29 433
29 152
281 427
98 402
98 194
98 374
344 387
310 423
87 217
306 322
306 343
45 265
45 375
22 282
45 301
393 449
214 326
261 326
179 362
179 417
273 439
123 334
2 378
109 222
168 180
2 134
102 178
153 290
61 307
2 386
151 293
54 262
223 324
61 230
231 257
277 376
277 305
95 428
168 233
54 406
252 353
317 358
150 275
36 220
77 106
39 146
102 247
77 395
36 197
39 43
317 448
128 321
223 325
299 394
39 82
95 281
151 181
109 403
36 192
252 379
150 425
231 291
153 225
128 260
128 221
299 363
79 248
79 371
243 310
204 251
204 272
204 304
89 273
3 340
3 149
89 209
89 268
17 163
17 68
3 285
245 332
56 245
56 441
25 333
210 415
171 350
160 238
264 338
42 240
97 227
364 370
212 269
315 396
142 284
42 136
384 414
279 339
91 118
91 416
408 434
83 446
13 164
50 116
23 219
44 369
143 445
147 224
147 172
199 287
71 165
71 154
23 405
23 335
31 103
143 207
228 346
372 392
199 442
50 320
44 64
199 244
147 170
228 270
143 256
50 182
44 373
372 435
31 195
71 72
13 266
228 389
13 426
31 232
372 421
187 399
235 310
117 292
66 422
313 440
100 166
25 215
413 430
161 309
105 279
210 246
210 431
29 213
75 356
16 296
122 339
117 200
162 215
59 407
59 66
100 110
200 447
162 418
286 422
130 162
333 439
49 365
81 354
59 431
29 279
283 423
393 420
162 327
420 440
49 349
100 430
98 173
160 310
100 318
110 423
105 427
45 419
326 365
18 173
168 213
258 385
283 410
87 327
190 215
22 75
210 300
78 423
61 354
223 292
109 407
79 356
100 355
107 215
25 151
79 279
18 352
48 193
49 124
78 424
51 298
318 437
336 357
45 49
200 278
81 347
76 336
173 332
11 25
274 404
141 339
120 166
258 432
110 196
169 382
25 125
97 419
210 372
13 25
169 341
59 312
141 319
102 241
283 299
150 241
54 323
200 315
215 314
18 77
23 162
204 404
328 385
31 59
186 345
81 364
101 278
107 123
81 143
231 318
22 384
326 383
264 391
22 71
153 258
17 336
176 179
215 328
122 218
161 199
47 427
317 355
101 147
101 228
55 391
48 252
277 314
125 408
171 383
141 212
142 186
50 141
44 176
