68.566667
1
147
5466
52587
360 434
458 461
414 493
10 449
27 466
286 440
21 457
159 388
368 394
218 416
24 404
88 179
268 354
204 460
175 326
319 428
373 466
281 343
284 449
356 489
237 331
65 489
168 434
386 479
112 493
169 404
14 369
81 493
96 308
20 343
32 331
423 479
101 451
261 449
356 369
52 326
182 440
160 497
54 434
269 489
8 369
448 489
307 426
195 359
301 394
34 342
298 497
392 416
179 440
54 229
184 404
469 482
263 389
76 452
406 479
249 457
319 331
131 234
90 482
113 469
246 426
38 451
93 497
46 308
178 460
358 457
120 461
323 389
109 434
75 389
298 482
31 461
330 416
304 460
32 178
111 466
119 451
245 342
16 326
242 342
268 308
265 394
114 219
282 343
363 482
144 476
476 487
357 476
99 476
267 337
223 337
337 450
82 436
235 436
185 313
464 483
483 499
21 483
76 483
100 475
100 144
100 230
100 108
100 352
339 432
429 450
11 186
11 248
11 238
72 444
198 444
380 444
41 192
13 341
41 378
224 229
41 103
13 338
224 375
41 470
139 233
13 244
224 338
224 357
13 210
117 151
117 462
117 173
139 293
139 452
244 258
40 258
258 492
148 412
115 148
114 148
39 347
347 475
77 347
193 312
312 498
250 373
312 324
250 375
121 222
222 372
129 176
176 300
53 176
176 417
71 222
335 496
252 335
291 335
185 335
365 399
145 365
113 365
240 308
159 424
424 491
424 437
155 480
155 477
141 155
149 479
143 264
418 451
67 334
143 219
67 410
143 216
328 489
85 94
61 79
133 376
35 351
5 430
106 322
63 162
289 404
5 455
47 146
70 164
47 391
57 355
45 270
45 152
134 272
57 247
133 433
9 215
35 473
85 131
85 91
43 384
142 326
43 425
220 371
74 188
61 226
43 255
106 208
213 318
63 411
63 201
35 165
62 132
19 29
47 55
213 307
45 290
9 490
15 22
19 243
402 493
367 416
70 172
15 98
134 377
124 393
5 403
62 446
220 463
124 348
15 413
106 336
213 415
57 309
220 251
61 154
133 302
19 163
62 478
74 438
124 362
70 170
134 278
74 157
9 12
69 409
69 349
3 466
69 300
60 440
147 470
147 484
84 147
280 296
279 333
183 296
136 174
167 287
303 387
320 454
66 266
51 167
190 320
387 419
395 439
207 387
194 202
296 344
104 374
28 116
187 194
105 174
153 167
292 432
78 333
110 209
383 395
118 221
285 320
221 294
130 239
209 217
374 405
26 221
2 116
206 209
88 292
292 346
116 199
333 381
191 239
44 374
203 266
239 495
128 194
174 310
0 395
266 456
58 275
275 359
275 445
398 428
195 398
398 494
107 212
36 277
254 327
25 33
156 166
180 361
180 189
212 385
212 420
211 297
7 467
205 317
4 7
92 180
350 366
350 407
260 288
68 305
33 161
1 36
262 421
257 260
36 488
325 390
138 228
137 325
316 332
83 225
18 205
316 443
225 259
205 241
197 350
33 200
123 254
30 138
7 401
138 382
166 465
254 353
325 453
262 329
305 481
260 274
135 316
253 262
297 468
305 315
297 441
166 427
225 231
331 422
37 457
158 234
158 472
87 158
125 431
125 388
50 125
6 126
126 246
126 442
17 435
48 49
42 48
171 426
171 283
171 273
227 394
56 389
127 342
214 369
150 461
56 434
127 482
127 449
17 168
17 23
340 343
276 497
236 460
86 102
86 408
48 291
80 476
80 337
436 471
67 313
339 347
139 444
122 339
271 400
250 271
222 312
213 339
177 429
3 483
240 400
139 328
148 149
312 379
224 474
100 227
365 418
41 397
306 429
155 314
11 97
11 299
232 436
67 149
177 314
271 485
232 313
64 271
97 117
340 444
13 370
69 240
140 258
400 459
250 396
5 471
35 379
177 289
295 367
89 295
400 447
57 471
73 335
222 299
59 397
256 471
256 379
418 486
314 320
116 314
174 418
209 345
61 196
47 289
74 89
86 240
62 89
124 142
70 367
220 402
59 64
150 424
45 60
133 397
345 398
7 379
212 328
316 345
177 422
221 474
122 150
295 396
194 367
289 387
266 402
89 239
143 311
181 345
149 447
276 295
321 485
333 397
3 395
196 262
33 321
138 196
142 260
254 321
321 350
9 422
73 134
15 370
196 459
142 364
43 140
19 80
63 227
106 311
181 402
85 276
3 364
95 296
236 374
167 214
95 306
95 297
205 422
37 305
225 276
150 325
36 340
166 236
180 214
