4.243722
1
26
7
815863
55 76
59 71
0 7
107 112
74 112
46 112
47 109
79 109
46 109
61 91
55 91
45 56
71 100
35 100
32 100
15 42
2 66
0 89
8 95
38 95
90 119
28 52
33 52
10 119
36 62
17 50
36 44
26 50
51 72
17 81
61 81
5 116
7 14
85 113
8 92
4 45
47 102
21 49
37 104
98 104
42 96
22 39
22 57
22 29
77 99
57 66
43 54
34 101
62 86
29 44
50 53
72 75
72 85
39 108
6 40
13 78
13 59
42 65
41 60
41 56
41 88
25 31
25 106
105 109
7 81
114 118
4 34
7 108
4 105
9 87
70 113
77 82
77 117
77 111
7 63
6 113
7 64
34 82
43 111
43 94
34 110
43 97
30 103
30 114
80 112
52 117
3 94
16 42
89 95
43 89
4 13
16 77
100 116
41 113
11 83
49 113
104 113
11 77
49 67
20 100
12 105
4 93
19 109
9 83
25 44
4 48
64 84
24 102
93 119
58 97
69 110
23 65
42 68
66 73
18 66
63 118
44 115
1 81
27 70
