22.666766
3
99
5707
45111
75 317
102 106
141 214
336 447
2 418
29 367
87 440
109 443
94 200
200 217
40 273
221 405
385 442
159 173
420 448
372 382
368 404
191 306
327 372
326 413
309 438
44 184
54 414
251 416
367 416
182 416
50 416
142 442
169 357
206 367
155 281
279 296
322 390
369 443
286 397
72 262
136 200
80 173
251 393
365 420
82 111
103 184
23 393
213 323
269 273
40 408
400 414
212 418
294 440
210 362
92 367
18 410
65 413
426 449
297 393
26 443
220 255
181 404
1 283
23 408
133 440
110 390
309 390
379 439
123 447
299 372
177 184
71 214
65 368
284 418
7 333
183 362
150 273
83 152
83 414
246 421
259 404
159 420
205 447
165 337
288 375
35 375
155 193
193 321
114 193
338 422
26 68
68 228
47 82
30 47
91 236
170 244
244 296
19 145
145 387
56 145
1 354
354 408
63 354
154 383
51 154
38 443
145 278
203 393
5 340
340 377
283 433
28 433
95 413
5 352
352 393
19 407
99 407
407 449
62 438
62 381
62 162
158 234
158 348
22 158
16 62
62 181
14 158
158 427
182 363
331 363
52 365
145 349
59 288
219 447
140 253
72 140
212 216
211 216
175 363
41 62
203 425
275 415
73 275
218 275
180 202
190 202
202 419
202 341
202 238
386 444
333 371
243 371
75 371
115 227
55 115
106 115
3 79
79 146
51 79
45 351
109 434
38 158
115 320
161 216
337 399
25 416
193 277
184 325
62 239
105 422
30 172
172 235
172 360
172 364
13 172
172 438
172 210
293 394
238 293
24 293
314 362
56 314
298 405
216 292
58 387
270 301
270 328
277 363
333 378
188 378
339 355
324 339
169 339
36 420
192 293
316 389
44 84
84 123
37 379
18 37
37 310
232 345
214 232
225 291
58 68
45 275
315 320
22 143
88 143
143 313
36 375
95 325
79 137
171 237
153 171
119 171
171 290
171 248
201 362
298 433
172 352
236 245
398 410
86 398
246 398
144 387
144 301
138 144
242 336
4 242
242 370
9 359
69 132
69 102
69 166
9 105
206 231
231 374
42 94
126 217
126 418
77 439
77 190
371 411
303 418
303 442
242 320
145 389
371 434
223 311
201 338
33 73
33 227
319 442
42 175
194 404
194 214
176 243
176 282
272 416
272 290
112 192
161 398
186 340
140 280
223 359
308 345
319 375
90 436
147 436
43 213
245 247
263 413
263 323
135 263
399 402
186 247
311 402
64 125
125 318
190 329
11 329
329 392
4 131
131 406
70 131
41 436
280 399
112 137
249 387
85 249
249 279
89 436
156 332
8 156
156 344
89 187
252 289
252 444
252 417
34 252
32 103
373 402
295 356
241 299
200 204
276 389
25 339
260 262
260 334
157 199
7 157
157 388
34 129
129 317
129 391
12 273
12 372
48 347
48 424
48 118
107 254
107 177
95 125
241 304
244 356
160 334
160 358
0 135
0 445
174 187
350 397
222 350
190 350
98 358
98 164
98 257
46 361
46 271
46 261
46 167
21 295
21 151
17 353
17 66
17 330
197 281
100 197
93 273
93 209
122 312
57 122
149 437
149 360
46 349
185 306
116 196
116 152
91 116
15 271
15 446
27 391
27 412
76 139
139 376
139 383
185 304
195 230
226 430
10 403
10 101
226 255
10 208
226 384
250 297
250 267
48 276
156 373
52 122
17 174
125 225
31 392
31 346
168 440
266 403
266 306
184 395
178 342
178 421
96 357
96 432
195 219
287 390
198 265
39 286
53 265
258 268
61 104
127 229
224 302
268 441
120 121
179 224
224 248
265 429
39 130
81 104
97 120
229 380
104 305
49 163
6 353
6 307
168 354
274 401
274 426
124 274
256 431
256 291
113 343
60 233
78 100
20 215
78 128
215 409
67 240
60 220
113 300
113 151
60 405
67 148
215 423
78 264
189 428
189 316
117 396
117 435
74 335
74 366
74 285
117 134
175 229
108 407
207 314
49 389
32 268
204 265
120 197
74 185
67 207
104 395
215 287
108 117
