7.966667
1
25
539
208111
32 48
42 106
40 48
35 55
48 109
3 43
108 119
33 55
58 82
82 100
5 11
76 117
80 90
4 43
89 108
21 45
49 106
26 106
22 108
57 106
72 80
91 104
73 86
19 82
11 18
28 88
26 54
25 114
16 76
83 86
28 76
86 112
58 72
94 104
18 89
34 110
4 109
34 80
45 114
14 61
79 114
87 105
3 37
15 68
68 75
46 68
64 78
38 78
23 49
23 102
1 51
1 25
1 52
1 2
1 37
13 20
20 61
20 57
68 101
11 93
76 93
7 82
7 48
2 12
27 71
50 75
43 50
37 47
97 101
21 63
63 88
78 115
65 108
27 97
12 102
36 114
47 78
104 116
86 116
8 104
8 106
39 103
55 81
29 67
29 54
29 44
41 83
24 41
41 113
41 59
39 81
92 95
95 118
9 95
53 84
53 60
5 53
53 85
56 107
36 103
14 17
17 66
17 69
10 98
10 77
10 37
30 99
30 105
56 71
96 114
106 111
62 70
70 74
0 6
0 51
31 70
65 95
30 111
70 96
