4.649002
19
28
55316
113922
5 141
21 49
116 119
134 155
25 109
31 40
67 119
112 115
27 145
118 141
83 141
139 149
126 145
52 70
45 148
62 154
109 150
23 151
3 35
70 148
106 125
22 49
7 145
111 150
116 148
45 94
94 159
35 92
69 92
31 142
55 142
120 121
121 148
121 137
40 75
75 132
0 148
96 124
101 124
124 138
37 159
100 131
0 142
54 63
39 63
63 144
12 77
38 67
34 38
29 122
12 79
42 115
73 127
14 142
61 104
58 104
48 93
32 48
89 150
24 52
24 58
19 59
124 146
87 132
80 87
92 130
9 22
95 112
41 95
95 114
19 64
33 37
33 128
29 108
9 100
74 121
47 104
125 135
95 121
82 91
3 82
82 122
72 152
72 144
11 49
11 41
73 77
14 64
16 128
85 103
103 157
62 103
47 130
77 136
24 63
108 136
46 97
97 105
23 97
57 93
49 57
50 131
60 101
110 129
129 133
20 97
60 92
13 146
62 76
28 76
76 78
14 135
57 99
74 89
20 76
59 129
42 103
44 88
44 127
1 28
1 4
18 157
18 153
143 151
86 137
86 98
65 117
117 139
117 158
6 145
6 150
66 71
66 133
26 84
26 145
17 25
17 90
30 96
30 81
30 140
15 84
15 68
141 156
8 43
8 113
8 88
56 134
56 158
33 117
10 123
10 55
102 123
102 107
36 149
36 147
2 115
2 51
2 53
13 156
