2.670751
1
20
5
927171
39 89
14 41
61 77
47 72
88 96
9 62
10 17
13 86
0 86
15 55
63 76
43 76
14 35
25 26
9 81
1 42
8 32
8 99
8 30
61 65
15 65
20 27
1 68
6 37
52 57
38 74
26 47
35 83
3 29
3 23
3 94
17 53
11 77
2 34
42 97
2 31
2 44
11 36
42 66
65 69
39 56
24 45
48 70
6 21
27 98
23 68
62 86
34 74
74 75
76 79
76 80
31 82
24 93
25 73
26 95
35 62
42 80
33 85
60 90
56 58
28 96
21 41
21 88
70 78
54 72
37 87
82 95
16 62
8 26
36 92
69 93
17 49
4 67
54 84
73 94
45 46
8 11
33 67
49 76
28 79
12 55
8 91
50 81
5 55
19 84
22 35
12 27
59 62
57 65
4 12
35 71
12 70
60 68
51 86
55 64
18 55
3 7
56 71
40 50
