10.783333
1
25
5290
279517
22 88
23 81
78 98
55 90
1 98
0 98
26 33
43 98
45 88
84 90
2 26
2 88
53 79
62 90
32 33
0 56
16 33
78 79
25 57
56 57
57 61
60 87
8 87
5 87
46 70
3 70
11 95
33 95
20 95
42 95
22 83
83 98
36 83
35 65
49 59
19 49
49 75
83 87
85 87
13 88
57 96
54 82
30 82
82 97
70 85
18 66
66 85
40 58
23 40
40 92
34 64
63 68
68 69
64 65
68 94
64 89
6 76
6 50
6 67
27 52
4 27
21 27
7 9
15 38
15 72
9 86
28 90
28 97
14 15
9 41
37 44
44 81
44 93
49 85
17 48
47 77
48 73
91 99
31 47
24 91
10 91
12 47
39 48
74 79
71 95
70 80
18 51
35 51
35 82
15 35
68 96
29 69
29 50
13 40
47 85
35 48
27 82
9 80
74 91
