47.238095
1
128
12078
46835
33 465
210 416
66 386
204 437
169 371
164 486
338 483
75 446
150 390
175 388
50 280
74 358
75 265
64 487
455 471
44 437
139 156
395 464
224 332
320 414
152 433
335 399
380 396
192 399
291 364
401 414
305 496
325 420
270 496
283 452
260 332
34 492
23 255
423 465
247 499
132 433
157 358
276 308
335 401
134 230
40 399
62 238
95 381
82 461
140 190
438 461
273 279
446 483
468 483
98 419
58 388
73 396
326 419
257 499
309 358
88 117
121 277
18 156
220 426
30 387
39 332
129 467
476 499
321 414
72 98
3 487
218 486
442 492
170 381
296 486
0 55
351 396
352 387
388 473
420 428
222 464
298 374
99 135
190 386
106 416
456 461
221 374
55 387
308 420
199 467
329 364
227 404
440 492
203 386
149 185
18 140
133 145
126 487
123 464
156 422
231 416
347 364
142 433
316 465
361 496
56 135
348 452
19 387
131 467
61 374
318 381
79 135
186 445
65 230
31 419
219 321
250 437
166 265
356 452
232 469
184 469
169 469
282 349
30 282
239 282
42 282
174 286
106 174
208 383
29 383
383 495
166 209
117 350
289 350
350 378
187 188
188 490
42 188
58 236
240 298
230 237
44 237
45 411
37 359
307 488
448 488
463 488
272 373
373 482
280 373
403 451
334 403
397 426
242 397
397 406
330 397
93 209
128 194
194 486
359 407
407 471
88 407
45 397
171 268
97 194
226 315
208 336
282 336
16 177
16 303
387 409
409 483
16 394
16 421
366 370
90 366
7 366
284 286
277 284
259 284
86 268
261 309
206 261
121 261
231 327
327 440
327 388
327 469
237 373
50 160
160 314
157 160
160 466
16 24
363 370
22 109
22 390
14 22
0 22
70 494
43 432
70 445
70 379
43 448
101 396
101 141
43 262
265 369
11 246
11 469
394 424
150 424
424 455
211 336
87 195
72 195
195 322
236 366
268 300
85 265
338 354
168 289
168 364
216 247
57 93
300 315
89 437
107 155
155 158
155 343
97 333
235 240
274 400
176 274
274 475
273 274
332 384
172 416
194 268
154 201
135 201
84 201
201 372
80 405
101 211
125 482
12 343
12 427
12 177
12 243
146 185
122 227
146 220
122 344
122 145
146 249
10 70
229 499
229 349
124 254
383 384
136 385
136 154
113 276
77 108
28 438
5 341
113 385
53 285
5 278
77 449
28 443
113 128
8 120
113 340
8 49
53 145
136 431
53 238
36 77
8 485
136 301
53 337
5 102
28 413
77 165
28 147
52 381
52 386
135 470
310 324
324 389
81 324
219 410
67 410
410 480
8 174
342 409
24 201
200 493
200 466
54 287
287 352
287 430
225 287
105 236
292 433
292 414
172 405
57 254
76 181
181 481
178 181
78 417
78 234
104 371
4 104
104 379
127 189
127 345
62 127
191 452
158 191
402 465
148 419
415 484
275 415
390 415
38 334
91 444
35 91
91 472
112 288
112 365
182 456
38 269
38 96
256 454
138 496
1 180
41 434
46 245
1 21
20 328
17 293
17 377
20 115
1 161
17 26
41 398
256 313
256 353
41 244
20 48
46 253
46 297
216 411
235 312
403 424
43 124
127 209
196 358
196 374
312 369
103 111
103 485
23 103
425 475
387 425
149 179
179 213
69 188
10 410
311 376
133 311
311 436
63 299
118 412
15 299
281 317
360 478
323 357
212 487
198 252
151 215
258 266
144 304
205 367
399 439
258 279
271 304
207 252
252 392
119 360
6 367
317 457
215 429
163 391
13 215
299 460
304 362
32 118
217 489
83 217
458 497
193 258
47 118
290 323
367 408
228 317
163 186
295 458
25 360
375 458
114 217
80 393
248 393
214 255
214 453
195 284
130 246
130 462
230 477
464 474
110 264
110 330
433 498
467 498
251 461
156 251
85 94
137 382
100 420
60 159
159 459
9 451
173 450
116 479
435 492
71 167
143 355
167 418
159 233
68 302
197 339
137 294
173 263
167 223
92 491
9 319
143 165
9 183
92 331
2 137
143 368
197 346
59 173
27 68
241 306
241 267
116 153
68 441
202 248
162 488
209 323
37 112
51 342
402 407
52 363
91 409
46 409
78 261
181 202
474 488
407 447
194 197
41 101
85 324
77 89
105 138
94 116
5 191
212 354
168 215
148 256
17 138
125 241
162 317
162 367
51 92
191 360
182 458
1 447
138 217
159 292
20 477
68 69
173 182
167 182
100 299
137 439
118 435
252 435
100 304
