3.395438
3
37
3
417438
74 160
25 178
26 116
33 70
85 170
27 171
54 78
79 100
93 100
49 161
1 161
38 161
92 137
92 150
6 151
15 151
53 150
59 119
56 150
3 119
37 161
9 23
1 145
8 16
45 54
45 160
29 137
93 155
15 77
61 168
26 168
21 155
90 155
158 168
139 176
136 176
11 75
10 131
31 75
66 131
11 114
100 153
110 151
44 119
119 148
117 144
25 55
30 68
74 81
14 97
16 17
14 27
16 116
80 123
145 154
133 145
23 67
23 29
23 147
107 167
12 51
45 101
75 171
30 152
120 156
143 165
85 165
33 142
60 165
150 153
115 178
115 164
68 76
76 81
81 125
81 129
14 121
2 96
88 110
51 133
5 166
5 36
35 95
88 170
88 135
72 141
94 142
104 134
123 156
22 39
103 175
102 175
55 179
67 96
51 91
5 157
35 122
83 141
83 87
20 122
50 52
19 69
39 104
19 37
57 94
0 113
0 70
0 44
42 109
42 71
64 163
64 84
18 24
18 172
96 99
46 87
16 100
22 130
3 7
12 140
100 131
50 121
39 101
57 89
18 132
42 89
4 91
4 132
45 80
16 45
117 127
13 137
105 161
126 161
69 149
148 177
36 98
126 137
16 108
83 137
75 108
41 100
100 118
20 150
144 145
35 151
62 78
80 146
5 80
173 176
13 55
47 99
32 174
112 157
43 137
5 176
63 105
62 174
137 138
34 145
73 151
155 162
65 108
28 114
119 138
107 138
40 45
14 124
145 159
107 128
43 64
73 175
86 168
77 82
106 114
48 68
55 58
51 111
169 175
