2.977234
26
23
103735
134416
10 67
66 133
63 126
22 117
11 25
18 124
6 25
23 105
19 25
23 126
100 126
18 97
114 126
8 31
57 106
22 84
24 84
37 84
49 102
9 126
51 60
109 122
117 122
95 122
121 127
27 127
28 74
74 124
1 74
14 86
82 84
51 82
52 97
56 114
96 105
56 95
70 94
113 124
91 127
61 135
47 72
62 122
53 62
33 97
46 98
46 69
38 87
5 9
60 93
68 84
38 96
74 77
49 113
3 89
75 130
68 74
33 134
59 106
15 47
15 97
98 127
80 93
70 86
59 134
72 127
21 102
40 106
79 81
31 54
54 80
9 130
105 131
94 131
31 83
12 88
5 39
2 30
50 112
43 76
12 16
43 90
16 110
16 20
43 67
43 133
52 81
73 91
30 83
79 88
2 61
16 123
104 120
104 137
58 104
43 92
0 66
0 14
25 125
29 138
13 57
13 120
44 78
55 92
55 139
17 135
17 64
50 89
29 139
44 134
40 50
35 137
35 128
36 58
36 132
108 112
108 119
41 85
41 119
89 125
65 128
45 90
48 67
48 136
99 111
32 99
71 76
71 118
7 115
7 121
99 127
101 107
107 116
3 107
26 34
34 103
4 42
4 129
34 123
4 77
