38.933333
1
81
480
89746
128 223
81 171
71 124
220 274
190 286
213 274
54 203
42 282
26 287
134 229
160 222
79 171
46 284
179 286
21 203
28 280
275 284
78 265
173 280
22 222
182 245
122 195
52 274
50 221
4 221
147 242
164 171
13 264
98 264
157 195
83 195
5 128
3 198
137 272
159 265
158 198
156 282
1 124
113 280
99 198
163 203
4 190
45 223
194 264
20 265
14 102
176 287
10 198
79 249
196 273
169 242
35 124
48 229
49 232
136 284
100 221
155 286
170 287
2 282
194 222
168 223
253 264
44 229
9 143
56 242
239 256
162 256
38 256
34 96
59 96
73 96
119 248
177 208
41 177
177 210
177 214
28 298
265 298
139 250
12 250
47 250
205 248
182 205
188 205
87 125
87 167
15 43
43 233
5 43
158 283
199 283
283 295
29 104
29 200
29 106
33 198
29 147
138 217
217 245
193 217
17 183
69 183
85 183
9 251
120 251
251 288
57 109
109 143
109 189
197 266
197 293
154 197
60 144
130 144
144 150
107 133
6 49
37 61
107 214
37 297
37 266
37 262
195 252
107 278
19 191
7 19
35 252
6 281
6 219
223 252
19 174
247 286
236 264
236 287
64 263
64 102
64 230
77 225
225 273
0 225
186 242
186 221
121 203
111 259
111 267
111 114
115 276
115 299
115 137
181 234
204 234
95 97
8 238
90 238
88 97
234 269
97 146
238 255
103 249
103 235
51 103
55 229
152 282
23 231
14 23
23 153
94 280
53 124
18 76
76 232
76 148
74 196
30 65
279 284
185 291
222 279
58 224
65 212
65 89
80 141
74 180
132 178
67 132
141 260
141 207
132 211
74 86
58 268
27 166
27 187
68 149
92 145
66 70
75 237
92 244
135 257
31 218
11 184
63 240
32 82
62 270
24 40
11 84
62 116
66 258
11 16
31 165
63 192
66 175
171 243
185 227
32 108
32 272
131 140
131 285
131 151
68 112
135 254
24 294
92 127
135 246
62 241
31 105
27 209
24 161
185 289
75 129
142 274
75 296
63 215
68 118
228 267
110 285
36 202
36 201
119 292
6 96
119 126
29 33
33 183
19 250
33 277
87 290
121 298
186 298
256 261
93 298
123 177
94 96
123 250
110 256
119 185
24 119
65 119
123 205
109 247
87 152
126 216
107 144
117 251
101 216
101 252
25 216
64 206
43 226
121 197
25 206
225 290
55 283
91 236
39 277
217 271
87 228
39 292
33 132
72 216
72 290
172 183
91 117
115 206
144 243
131 290
11 290
141 252
58 206
27 236
66 121
92 117
31 117
93 142
97 172
238 261
142 234
62 271
53 68
135 226
63 243
75 142
36 186
