43.396544
1
102
6
294629
177 211
120 179
88 208
6 290
48 306
51 269
68 95
31 218
47 95
159 319
182 319
208 319
262 330
197 241
276 303
336 337
106 186
83 176
30 85
211 318
296 318
143 318
160 240
227 271
175 278
43 271
11 299
59 329
253 271
54 312
90 311
152 311
286 301
36 325
118 312
57 311
231 301
216 329
170 299
164 312
21 278
116 240
279 291
132 240
201 291
0 301
16 299
205 325
63 329
37 325
261 291
20 278
133 199
173 199
24 41
35 41
104 348
1 41
125 348
81 348
218 334
218 263
207 218
95 121
95 184
95 107
103 266
60 266
248 319
53 70
163 317
128 225
51 225
194 214
68 214
3 65
61 75
328 340
108 228
230 236
97 273
195 200
203 273
255 340
24 65
55 75
196 200
149 236
176 215
85 119
176 189
85 326
78 235
25 50
157 178
179 238
8 192
111 345
111 220
111 332
99 210
99 254
8 148
99 204
8 98
47 56
48 168
74 124
126 260
96 140
18 33
46 137
13 130
134 193
145 223
71 79
150 213
6 7
34 122
100 139
67 123
2 27
131 199
199 346
41 241
216 268
266 305
70 333
70 303
85 218
156 248
165 239
165 207
17 66
89 323
62 82
112 115
89 163
156 177
44 102
62 135
165 275
112 136
89 250
112 131
156 247
44 337
17 29
44 252
225 251
214 221
72 183
10 52
10 73
28 349
91 232
28 114
91 162
4 244
58 69
142 258
142 277
5 181
142 287
4 285
92 324
72 188
15 198
92 288
14 316
58 274
45 106
12 154
4 38
28 84
39 191
15 87
15 147
14 269
39 64
58 86
45 209
92 166
91 158
5 222
12 320
5 138
45 127
72 141
10 257
14 313
12 234
39 185
236 338
200 298
273 342
228 243
340 343
75 120
65 186
240 317
176 335
235 330
235 341
50 151
50 197
238 262
238 259
178 289
178 306
219 308
161 217
111 307
168 276
168 246
56 284
124 146
56 190
223 327
260 331
260 264
79 265
79 113
80 88
140 180
140 224
80 101
123 344
137 229
193 233
137 242
193 292
213 297
213 272
139 245
139 206
122 339
19 237
223 304
19 172
27 314
27 226
122 202
7 336
7 267
130 321
33 290
33 302
130 309
123 294
80 249
268 315
187 218
109 317
95 153
77 217
8 99
15 317
14 317
161 271
161 199
17 335
62 308
282 319
111 310
77 299
266 348
22 176
9 318
9 291
278 300
169 348
124 307
110 317
70 310
10 144
76 301
76 311
144 273
65 219
9 266
109 310
32 85
40 161
219 283
17 167
92 310
105 156
79 161
99 322
8 49
19 219
7 219
122 144
144 281
23 41
26 169
32 312
295 329
49 325
225 300
76 109
28 105
72 167
45 169
26 187
26 347
91 169
112 153
62 153
94 144
9 93
200 300
142 347
58 187
109 293
26 293
105 270
44 117
340 347
42 300
165 295
167 213
167 281
89 322
93 212
22 123
76 260
193 347
12 49
27 187
5 129
22 130
4 129
39 256
50 174
23 235
280 282
171 236
140 174
171 228
280 281
171 270
129 282
117 139
56 256
137 295
223 256
155 280
