42.017461
1
114
4
224571
91 183
43 60
234 351
74 187
79 279
6 33
50 72
34 300
193 394
229 248
346 361
126 205
238 282
303 333
14 333
21 333
96 107
149 243
111 230
287 347
234 239
238 239
73 204
144 342
146 165
76 270
25 239
43 204
23 342
36 347
10 270
122 347
118 165
16 204
155 158
69 158
72 188
249 367
259 367
187 367
24 188
125 247
54 247
244 253
107 246
60 151
180 301
83 151
31 301
160 301
147 151
250 398
91 372
77 198
271 338
320 383
266 358
286 291
94 298
18 324
182 398
143 372
17 398
34 298
222 291
203 369
274 291
59 338
284 324
177 338
227 298
6 383
142 324
103 297
92 276
183 192
11 99
47 68
176 178
156 181
164 235
164 208
156 365
243 306
156 323
164 289
243 260
230 337
156 195
230 281
232 285
35 189
32 95
52 226
3 46
90 172
85 131
0 63
75 359
37 123
100 145
5 169
135 169
129 386
7 26
7 290
129 294
124 399
124 319
124 154
137 224
137 185
137 264
270 354
265 342
181 270
158 175
28 167
152 167
110 277
247 378
312 339
93 305
343 391
53 78
199 218
215 339
67 161
88 341
180 202
82 86
81 207
223 245
61 89
318 341
19 38
45 97
105 305
20 89
57 86
159 218
104 245
1 97
70 161
268 336
79 116
51 358
153 369
115 198
195 383
330 369
198 212
288 358
192 340
68 190
68 255
276 304
192 220
99 221
178 394
243 275
57 374
184 353
98 361
84 330
27 50
27 233
27 325
56 162
46 48
359 387
119 344
46 126
350 389
172 327
95 257
63 349
63 292
123 302
56 103
119 267
184 205
184 263
145 366
172 376
123 269
131 370
13 219
285 357
285 315
359 396
95 254
189 272
350 384
13 33
112 113
13 329
145 251
132 317
132 300
112 168
66 363
131 311
66 150
66 229
189 236
98 385
98 130
132 261
56 171
169 193
137 262
129 275
165 210
21 65
47 134
201 380
30 213
41 377
49 74
201 375
201 314
2 248
2 174
109 166
41 214
49 244
102 313
9 279
15 307
102 136
102 196
109 114
9 326
30 322
87 348
87 379
9 141
15 371
30 191
2 280
41 194
109 278
87 316
277 393
167 346
179 277
305 308
207 364
173 216
245 332
341 352
97 283
161 334
391 397
78 351
38 273
202 288
295 373
86 127
218 345
89 140
339 355
237 252
64 237
116 321
116 228
23 133
388 395
99 336
276 382
231 282
119 210
226 293
226 296
138 268
15 392
49 262
202 390
38 390
237 381
42 51
256 265
8 297
282 335
217 243
4 258
204 230
8 342
7 117
124 217
4 129
117 347
58 64
139 153
44 115
58 179
129 158
226 268
297 358
95 253
184 253
169 253
55 253
39 333
49 268
15 268
157 296
163 381
133 395
62 392
138 362
258 335
107 360
4 301
121 282
230 242
156 362
138 211
27 297
8 242
101 164
128 138
121 268
106 231
258 356
148 231
39 258
84 164
9 297
8 360
7 362
29 217
200 231
101 367
124 328
131 217
209 258
206 247
165 211
117 309
44 293
139 382
138 310
87 117
134 282
4 86
80 151
120 239
241 369
206 372
22 324
211 298
331 383
291 328
40 335
299 335
99 206
22 68
186 282
29 71
209 338
148 398
71 225
80 112
108 192
63 242
145 241
66 242
108 359
39 98
39 350
119 240
172 299
123 328
108 285
22 277
276 368
80 173
97 362
12 107
41 360
109 299
201 356
102 331
30 356
161 240
245 331
240 339
189 368
40 295
207 209
106 341
148 218
89 106
200 391
170 347
305 310
78 197
