10.066773
1
26
1
1337182
40 92
75 78
34 97
61 80
79 94
19 36
65 68
3 24
14 26
6 24
10 39
34 68
24 58
68 85
68 89
11 69
26 59
36 74
36 88
36 94
24 87
31 64
11 46
26 64
66 86
7 77
17 98
0 2
23 84
54 99
51 84
1 52
22 93
15 55
5 57
12 55
10 93
21 45
48 52
50 98
33 55
37 95
32 60
30 53
28 83
27 67
40 98
41 84
92 95
42 60
80 99
78 83
44 86
35 57
4 63
4 73
2 43
2 8
45 56
45 61
67 81
9 75
67 70
93 96
85 99
83 97
9 49
52 72
53 79
53 90
74 86
57 62
60 71
9 82
4 87
16 82
25 46
11 20
31 39
11 31
24 31
39 91
16 26
38 68
13 39
20 52
13 36
31 67
20 76
47 77
47 93
13 60
13 98
38 55
2 91
29 45
29 84
57 77
18 39
