8.616667
1
24
1200
209514
67 118
69 111
3 104
63 88
47 104
5 83
46 105
71 91
30 71
62 71
104 118
65 86
25 83
30 111
16 59
2 50
2 59
33 86
63 83
69 105
70 96
82 86
72 117
0 105
16 48
28 59
56 68
49 77
77 97
67 77
50 101
41 101
59 99
73 87
21 114
90 114
82 114
114 119
54 114
51 108
108 119
6 108
8 104
77 108
55 113
6 85
9 107
11 107
75 86
40 42
20 40
40 96
8 87
59 89
42 89
13 33
13 115
85 99
80 81
80 90
37 110
37 115
37 93
44 83
84 105
77 84
1 36
1 93
1 66
1 109
1 113
27 55
27 107
44 114
22 94
43 103
43 116
11 43
39 71
4 39
10 106
10 14
10 57
4 19
19 32
7 70
7 45
22 101
38 74
38 92
32 38
15 34
15 61
15 102
9 24
24 68
12 24
24 31
23 79
23 56
17 18
53 76
76 95
64 76
18 35
18 48
78 112
78 117
58 78
60 98
60 83
26 52
26 29
26 72
10 40
100 108
75 78
39 76
15 100
