1.321022
33
13
54566
182965
45 51
69 98
30 98
69 74
49 85
41 74
41 51
10 50
38 85
18 47
17 75
54 68
15 93
7 93
17 19
52 99
3 94
28 94
68 93
55 70
74 79
38 94
5 30
47 56
1 23
1 44
39 55
4 87
78 99
32 92
62 92
11 92
23 52
76 81
24 59
20 64
56 79
24 47
68 81
36 57
48 98
75 97
60 74
60 62
8 42
36 93
20 42
5 70
52 92
51 73
8 57
4 94
19 48
9 11
9 54
25 65
61 66
11 61
94 97
31 78
2 3
25 93
35 64
16 35
27 49
2 10
44 95
43 59
27 53
33 34
34 66
22 29
0 29
11 29
29 40
13 88
13 84
13 90
13 96
13 53
58 86
89 90
58 81
22 26
26 63
21 96
21 67
14 45
14 91
77 82
77 84
80 82
80 83
37 72
37 65
6 71
6 16
12 46
12 74
