23.580952
1
52
35806
135741
113 138
150 178
54 137
158 182
39 130
55 138
22 172
105 178
4 185
43 171
25 156
69 130
65 72
146 198
31 137
71 130
28 182
107 176
87 156
13 182
136 156
42 138
26 199
154 172
125 184
122 172
112 199
66 178
43 137
106 139
1 106
79 106
44 73
44 89
4 44
38 190
121 190
129 190
48 190
190 191
103 120
33 120
120 146
53 185
53 99
117 156
53 157
19 53
122 192
12 81
81 181
79 81
32 81
61 71
36 61
61 193
56 126
126 133
84 126
52 61
77 163
21 163
153 163
37 98
65 140
41 104
41 95
41 152
15 41
19 141
141 194
110 141
83 184
18 83
23 50
50 116
50 82
5 11
5 98
5 188
60 113
137 168
91 107
91 114
91 169
2 172
59 92
92 174
92 125
64 90
49 149
0 9
0 8
64 108
49 80
64 173
178 196
0 123
49 166
134 162
86 134
51 186
70 111
100 170
97 127
62 100
128 145
127 148
128 167
58 128
134 143
70 187
51 124
100 195
67 70
127 159
7 51
35 199
35 138
46 88
46 129
46 57
131 189
96 131
131 183
30 147
47 147
102 135
24 109
27 132
14 48
155 171
68 102
155 160
147 177
109 151
3 14
17 27
93 109
40 102
15 155
14 115
20 179
20 198
20 78
16 199
29 45
45 175
74 176
74 142
6 74
119 130
119 182
10 81
117 190
161 189
161 193
5 44
10 60
126 163
44 168
10 91
2 106
141 192
118 120
83 117
75 192
10 46
10 63
101 117
49 192
128 192
53 144
61 196
101 140
126 144
27 117
75 76
5 118
163 197
168 180
37 45
0 168
180 196
41 164
34 76
16 50
70 196
94 134
51 144
94 102
94 147
100 165
127 165
64 164
85 94
63 165
109 197
34 85
