13.250000
1
31
8
232834
11 12
39 78
48 104
8 20
77 105
45 118
22 118
34 118
31 93
19 93
78 93
24 79
24 80
24 76
12 24
16 22
16 100
16 25
79 102
73 102
66 102
20 110
83 91
35 74
101 111
15 74
108 110
49 91
5 111
75 111
51 91
21 110
61 74
17 46
31 46
46 116
66 119
36 77
36 67
46 81
18 43
8 43
29 42
42 62
42 69
42 65
38 52
52 117
52 90
9 39
7 9
9 97
32 34
2 88
37 96
2 113
40 68
2 53
40 94
37 60
37 114
40 44
41 57
0 57
57 104
27 47
59 84
3 6
1 29
1 48
1 30
6 82
6 72
47 58
23 59
28 71
71 109
71 107
47 106
59 95
50 64
11 50
50 115
33 99
99 103
98 99
63 85
85 112
93 119
24 89
55 63
36 46
36 52
32 91
54 74
13 43
2 119
4 110
86 89
16 70
10 102
92 111
36 92
32 57
32 86
6 54
54 59
14 119
13 56
14 43
13 71
54 87
13 99
26 56
16 55
10 37
10 40
4 87
47 70
