39.600000
1
85
8668
90298
72 298
96 294
172 230
237 291
126 180
219 290
216 230
0 108
132 287
189 266
271 282
82 294
74 266
98 298
146 290
169 180
244 281
234 264
159 291
144 282
117 264
37 205
95 287
164 257
210 264
31 108
21 257
46 97
35 205
157 180
149 266
116 287
79 294
177 298
201 257
24 291
42 205
4 230
124 282
246 290
137 243
81 137
90 102
259 260
244 259
32 259
8 207
50 207
59 207
207 231
85 252
252 273
51 252
231 252
232 296
170 232
97 232
222 256
46 222
185 222
118 247
200 247
21 86
86 174
86 160
86 243
45 283
190 283
87 283
223 283
51 272
108 272
141 272
52 221
221 261
114 221
68 221
71 227
111 112
131 139
111 184
71 136
71 88
146 250
0 71
131 203
17 111
131 181
19 131
43 240
33 99
89 239
193 239
239 251
14 154
120 298
49 182
106 138
49 270
14 33
14 227
106 269
49 265
23 92
106 217
39 110
110 114
63 110
60 107
34 60
60 233
60 84
104 281
104 267
104 225
16 175
175 181
175 188
2 29
2 128
2 92
53 64
27 198
30 156
166 249
83 105
48 103
179 253
103 148
166 202
55 186
26 129
44 166
22 26
186 295
67 266
57 286
142 179
179 238
12 65
156 293
12 299
103 192
83 288
64 277
186 229
77 223
26 119
77 183
198 275
198 213
122 264
77 226
56 83
156 268
64 224
101 167
90 101
101 289
66 215
66 233
47 66
31 69
69 212
25 62
125 133
197 214
191 196
140 187
194 280
54 218
43 54
196 209
113 197
54 285
15 211
135 194
147 194
173 180
178 228
258 292
76 197
91 187
70 258
61 133
123 258
69 248
109 196
211 236
62 130
168 178
165 211
187 195
161 178
36 62
133 279
5 134
6 199
162 294
41 143
9 10
73 263
9 145
9 28
6 18
242 282
73 75
3 94
6 121
41 171
78 152
78 115
3 262
3 206
5 254
73 155
78 163
5 38
41 93
176 230
150 290
158 205
235 291
158 287
20 81
20 208
20 100
58 257
102 104
120 259
57 137
57 102
111 247
13 164
13 285
7 222
120 283
220 232
158 207
71 250
247 297
252 284
99 274
7 250
111 120
110 250
80 220
106 274
99 120
14 239
153 272
122 221
86 173
64 250
1 80
2 49
204 283
23 198
99 241
153 175
127 241
26 67
122 186
40 131
235 240
23 66
23 211
11 99
127 278
23 276
11 60
197 297
166 242
83 162
3 297
150 179
11 156
11 103
67 245
12 58
20 67
194 220
73 220
133 151
151 255
62 151
178 242
176 258
176 187
151 196
1 255
41 162
78 204
162 278
9 40
6 235
5 284
242 276
176 245
