1.394894
3
21
4
695900
34 70
60 102
7 105
12 94
73 107
6 75
55 80
50 75
24 80
29 80
41 76
21 90
67 89
56 89
44 69
37 69
60 117
37 49
34 91
12 49
80 86
26 35
16 35
76 82
90 107
22 76
46 89
85 100
39 91
19 66
49 102
44 61
13 42
13 29
110 117
7 8
42 69
3 23
114 117
91 101
27 91
20 74
13 59
1 87
32 78
32 77
32 46
31 97
31 112
31 81
106 115
71 111
18 51
6 68
47 61
2 30
23 50
23 105
91 113
77 109
33 74
8 43
69 75
53 65
75 91
66 93
66 87
66 116
68 73
17 24
95 114
14 39
11 55
72 86
10 33
9 104
9 47
9 40
1 89
5 119
65 85
14 22
36 94
3 88
41 48
54 63
16 38
10 116
10 58
75 99
45 75
4 113
25 80
80 108
36 93
65 92
5 58
1 31
117 118
15 75
35 69
8 100
79 117
76 84
0 76
52 100
90 98
13 51
62 92
38 63
49 64
2 72
79 115
76 103
95 111
57 100
54 96
28 118
32 83
