61.083333
1
131
384
58891
126 250
280 412
185 448
351 374
286 426
384 424
359 412
124 424
230 424
368 437
123 323
34 200
55 95
237 387
271 405
264 350
288 356
88 360
155 437
292 360
63 156
345 387
273 359
172 250
167 431
23 437
180 438
236 396
302 431
178 405
139 337
353 438
265 374
148 396
289 413
108 323
239 387
59 304
23 226
151 369
67 360
55 250
305 366
171 323
232 448
279 363
190 356
21 200
224 420
263 366
301 337
20 331
160 426
240 374
10 396
136 304
367 405
299 412
225 431
310 447
61 447
160 220
393 438
49 337
127 366
284 304
149 350
142 331
101 356
80 426
6 447
20 422
66 317
307 350
111 448
183 331
89 314
289 314
162 314
381 422
222 381
131 381
270 326
173 270
122 270
47 187
187 224
52 187
3 326
3 84
3 215
3 310
3 115
119 171
385 421
238 421
56 421
66 275
103 275
13 63
72 159
13 148
13 442
223 304
13 268
72 101
412 428
251 428
72 316
44 72
156 166
129 166
166 209
31 296
258 296
296 417
32 296
374 411
143 157
143 207
174 438
174 437
411 415
143 430
84 194
194 357
194 308
100 147
147 317
16 147
346 432
182 346
248 346
324 346
107 369
8 203
203 276
203 404
38 107
81 107
91 193
36 440
193 303
193 274
50 108
50 366
242 347
32 242
221 242
200 370
83 370
168 370
106 293
121 380
121 274
121 165
121 324
293 332
206 293
26 362
22 335
22 415
427 431
26 34
22 327
26 86
189 212
14 259
169 364
64 133
64 235
78 448
24 199
75 154
169 245
40 254
424 439
14 112
75 348
179 210
40 388
189 234
153 252
189 320
71 341
75 244
93 228
179 309
153 243
93 389
318 387
14 312
179 392
71 399
93 170
33 403
24 371
169 398
64 97
40 216
71 328
33 290
24 57
153 249
33 262
132 188
188 444
188 220
28 233
28 386
28 363
204 214
175 449
257 423
68 163
27 191
313 425
2 377
146 315
214 443
144 315
191 383
260 295
377 416
354 376
247 330
87 191
114 257
138 163
219 257
281 282
211 272
295 391
227 295
137 339
294 358
79 125
269 281
70 137
113 272
358 397
198 281
48 358
19 175
267 377
25 313
60 125
125 436
46 175
163 373
65 137
330 409
51 214
376 445
315 390
85 313
82 330
5 376
272 342
323 329
1 396
134 447
164 434
196 283
176 372
192 300
141 322
45 213
54 226
196 291
9 338
35 45
29 53
41 177
205 278
29 414
4 110
195 446
98 105
15 76
116 141
43 176
128 378
130 402
7 130
18 164
76 120
176 197
205 340
9 361
76 352
297 406
9 184
195 435
177 306
54 255
4 145
208 350
77 128
128 231
0 4
98 311
141 334
130 181
192 285
30 196
164 321
186 205
297 410
74 98
104 201
99 192
102 297
177 261
45 109
104 273
54 96
158 195
104 420
11 29
229 331
229 426
92 266
92 256
21 92
73 413
405 429
73 344
277 360
277 337
73 394
94 250
69 95
336 356
69 151
69 395
338 441
42 379
12 333
12 251
12 407
42 279
42 118
381 427
17 418
17 419
3 355
150 380
270 427
314 343
275 411
143 223
107 421
62 187
62 421
218 428
107 174
203 355
121 428
119 408
39 296
152 223
150 314
355 370
37 174
188 223
119 253
90 147
119 429
94 119
319 427
295 428
50 242
135 166
293 440
193 202
72 253
13 329
130 223
275 441
287 319
50 298
319 365
135 143
90 298
33 50
319 382
297 411
128 355
202 433
140 411
71 375
37 78
37 58
382 440
62 241
37 246
346 401
433 439
24 318
58 64
78 189
75 318
58 93
58 179
257 375
137 202
90 330
39 315
281 400
191 400
217 408
218 325
4 90
39 195
26 208
192 202
29 62
22 277
42 375
12 400
161 375
161 400
214 349
377 439
272 349
163 287
117 349
313 382
78 164
205 287
141 349
76 287
45 439
14 429
117 365
140 318
40 336
169 343
94 153
196 382
175 253
1 358
343 376
94 125
98 401
17 440
134 176
177 208
