6.191445
3
36
32911
106603
14 128
12 43
49 109
54 187
100 128
122 185
24 127
116 118
70 98
119 183
60 199
129 151
4 89
107 176
50 176
142 195
28 171
99 184
40 182
49 80
139 144
81 195
62 167
108 175
23 37
28 190
182 190
183 190
174 175
13 184
116 175
33 37
115 128
101 151
6 80
97 144
140 187
74 127
10 171
91 134
23 39
125 154
82 101
43 127
92 197
7 127
3 171
37 102
65 89
35 154
144 147
140 195
13 193
12 95
58 95
95 138
56 73
117 176
37 168
121 168
52 89
117 168
136 151
112 193
125 177
177 180
130 177
81 153
122 153
85 153
152 193
123 186
138 198
164 198
21 133
133 151
110 144
141 179
75 179
31 89
48 128
48 107
86 97
74 86
21 86
86 190
106 129
106 195
80 106
158 194
119 158
98 158
112 136
31 95
124 196
7 124
72 190
72 175
75 137
128 137
42 82
39 42
9 157
9 76
2 9
9 91
9 190
67 181
67 110
135 168
63 142
104 153
104 186
135 177
78 132
33 78
131 179
36 86
35 96
96 189
68 171
5 68
30 120
30 56
53 199
46 113
46 154
55 156
55 170
54 55
55 83
143 161
77 143
61 143
69 143
143 170
120 143
5 53
11 176
11 149
47 90
47 80
44 108
26 44
73 162
162 197
191 192
171 191
17 192
17 62
53 66
84 194
84 88
105 161
41 105
8 105
105 166
66 172
74 93
93 111
45 64
45 134
19 71
19 185
34 148
34 64
16 34
57 145
57 132
15 121
32 58
15 165
159 188
32 87
15 126
20 32
32 150
159 178
1 159
52 159
25 114
25 169
25 149
38 94
38 155
18 146
18 60
0 173
0 40
29 79
51 160
79 196
51 123
22 187
22 59
27 103
79 163
27 131
38 172
