0.320731
3
33
0
393689
0 157
63 72
60 136
4 73
149 171
54 85
47 97
47 154
48 171
49 121
0 53
50 175
51 85
52 177
53 159
45 57
55 129
55 168
56 68
58 90
59 79
50 91
61 110
62 152
62 165
29 75
37 141
30 50
30 71
31 178
32 122
33 93
34 48
36 38
37 45
29 120
44 140
37 174
38 115
39 107
39 139
40 178
41 138
42 100
43 78
43 112
117 167
97 99
98 142
103 157
105 169
108 143
110 122
111 122
113 125
116 132
116 149
92 141
119 160
127 164
134 164
134 166
138 144
138 169
146 179
151 160
151 162
83 164
67 88
69 172
72 172
73 165
74 102
76 89
78 101
81 107
81 165
66 130
86 124
86 145
87 125
88 113
88 179
89 111
90 102
91 116
92 95
16 66
2 59
23 139
22 176
21 124
2 136
3 129
3 153
4 172
5 101
19 70
6 50
19 40
17 44
17 29
16 163
6 57
15 83
15 74
14 25
13 97
11 164
11 24
8 27
8 96
10 165
9 118
9 117
9 99
9 60
8 174
1 123
25 33
26 87
2 22
26 82
28 106
26 27
1 49
24 112
1 63
26 142
24 42
23 170
28 89
93 173
101 122
93 177
94 102
7 107
97 114
98 115
7 98
98 167
100 130
103 121
89 176
8 162
88 126
88 155
8 153
89 108
158 165
8 148
8 133
158 161
155 177
92 135
116 131
138 153
128 129
129 150
131 156
2 84
147 167
135 137
7 80
104 126
7 70
109 135
46 101
21 173
44 94
46 65
20 61
20 56
35 64
31 64
18 161
77 150
12 156
85 121
