2.306183
1
33
4
540939
8 32
63 125
27 97
79 121
17 55
22 55
5 106
69 90
27 152
148 152
39 66
11 48
17 24
61 106
106 110
58 133
114 133
39 141
28 141
7 141
85 113
103 159
114 159
25 159
0 159
62 90
4 80
26 80
86 119
0 119
88 92
144 152
66 107
19 83
66 146
66 154
18 128
23 101
65 70
24 62
48 99
48 125
18 123
33 135
32 135
63 81
83 113
46 49
38 49
4 64
28 64
38 76
90 117
80 131
74 80
110 128
98 128
101 142
70 144
70 96
1 79
24 54
48 149
20 129
24 124
6 132
72 118
72 75
31 42
6 121
31 61
31 127
31 122
115 135
5 111
58 78
35 109
13 78
11 111
143 158
22 45
40 157
81 95
95 126
42 136
3 44
29 44
8 59
48 55
140 145
100 149
111 116
41 98
78 115
55 141
106 143
81 145
16 156
37 97
94 151
16 130
94 112
19 20
59 138
59 77
52 68
23 36
55 70
19 143
45 91
104 143
94 129
16 54
37 134
46 56
51 90
44 84
52 120
50 120
131 139
6 20
72 143
105 106
55 67
10 74
101 119
92 100
93 152
76 133
19 60
24 155
21 24
104 147
101 126
82 117
73 84
30 91
34 134
19 50
15 71
14 128
140 150
15 104
123 157
102 106
44 140
90 137
9 71
71 153
109 155
66 89
108 128
2 70
57 101
1 12
72 87
6 47
43 135
53 155
