27.102381
1
80
7353
66319
175 270
224 346
96 175
110 248
282 311
232 267
213 225
174 201
302 349
270 338
200 286
244 319
188 272
16 255
238 248
69 324
48 342
193 327
139 237
178 214
79 171
217 244
56 92
250 285
39 287
209 267
19 312
224 333
9 10
111 122
257 280
94 315
171 190
195 333
131 247
215 312
67 327
66 110
165 178
16 82
97 153
331 342
185 311
76 214
129 329
67 330
219 343
92 318
153 209
228 327
139 272
42 92
196 286
124 209
168 349
164 244
7 69
307 333
190 311
119 171
217 236
137 201
286 330
27 272
82 122
114 307
80 175
33 82
18 104
264 320
91 201
45 284
117 214
233 269
160 311
43 328
31 149
149 293
51 149
143 149
29 245
152 195
121 312
42 203
203 314
18 235
72 235
235 250
271 296
116 203
26 147
147 273
7 147
40 260
81 260
222 260
316 341
333 341
53 197
197 349
101 260
203 340
22 131
4 22
225 321
171 321
94 290
43 290
290 314
130 157
286 289
281 315
95 281
281 295
91 281
58 300
172 300
272 300
134 300
197 260
130 321
203 321
211 326
82 194
194 312
194 291
119 194
159 203
166 272
166 209
98 210
210 213
210 232
149 194
186 290
147 159
48 261
261 266
59 261
3 261
261 347
17 348
17 343
17 196
12 17
263 317
179 263
263 346
235 289
35 124
71 276
71 231
85 255
85 251
85 264
85 155
39 71
35 297
35 163
294 300
24 100
100 219
100 347
306 323
201 305
182 218
182 251
182 274
214 262
262 315
296 323
17 101
176 187
187 199
62 187
71 121
182 265
35 57
107 245
104 107
107 135
78 181
78 207
78 329
78 230
154 328
63 317
63 241
49 63
184 208
184 338
184 322
305 306
20 349
63 328
109 304
120 189
86 275
86 313
109 151
120 299
109 158
86 102
120 123
86 283
109 320
177 205
205 241
205 342
46 111
46 90
69 240
88 141
141 345
49 141
141 247
1 126
126 207
115 304
29 184
53 216
216 292
175 254
244 254
65 285
5 65
112 180
180 320
265 277
192 211
133 167
66 133
133 269
102 145
145 325
234 311
25 152
78 294
142 326
142 271
120 203
170 186
183 284
183 221
57 145
52 275
52 248
44 293
44 280
44 118
242 248
136 172
136 301
206 301
6 206
206 339
47 239
47 257
87 127
108 144
21 331
113 258
21 334
105 138
93 342
144 162
258 336
127 291
30 70
93 212
34 105
84 129
84 227
68 70
15 84
70 246
54 144
37 258
127 335
8 105
2 11
11 83
99 243
223 229
55 298
11 310
60 253
41 60
60 252
0 74
223 344
99 308
55 114
55 256
0 28
0 287
23 99
36 64
36 191
61 303
10 36
303 309
303 324
73 279
73 103
9 73
106 237
106 220
13 75
13 156
132 332
132 169
14 150
14 198
89 288
89 337
89 202
125 204
14 278
125 146
132 161
13 38
125 140
192 249
77 279
22 226
100 259
20 187
70 321
125 166
100 173
50 71
183 234
148 170
154 268
32 277
115 128
223 259
249 258
132 226
77 126
105 242
32 60
144 148
99 128
14 173
11 268
13 268
50 89
