4.596982
1
31
3
664594
25 83
18 23
41 76
42 87
53 80
101 129
35 119
19 57
12 79
42 79
9 69
82 115
57 99
14 61
5 61
25 51
32 107
11 79
6 22
24 64
31 72
69 100
4 11
27 35
31 134
49 62
49 50
27 77
6 74
57 121
57 112
1 91
52 125
83 125
82 91
27 65
27 94
70 107
56 88
51 108
51 71
88 116
30 67
64 101
15 113
18 113
14 28
17 113
75 118
49 112
31 139
69 78
81 93
81 109
86 127
86 128
71 74
84 95
74 111
77 84
53 92
0 40
10 16
23 33
8 45
22 96
34 118
28 34
13 70
86 96
84 138
126 139
40 80
92 114
33 76
103 129
33 39
40 119
16 85
44 54
7 87
45 106
29 131
2 48
29 36
21 124
21 105
21 56
2 110
7 73
7 37
45 59
43 65
44 94
8 137
17 133
41 46
43 47
103 123
57 69
19 26
2 121
69 79
50 104
36 89
4 107
98 115
31 90
27 90
86 115
49 74
57 66
102 123
3 78
26 138
22 30
81 107
64 98
69 135
115 118
4 20
31 120
58 90
55 126
90 113
88 136
16 22
64 136
98 132
81 97
115 130
49 60
30 89
45 97
61 63
61 122
84 117
38 58
68 92
