5.997879
1
41
6
369681
58 111
90 105
8 105
48 105
122 155
22 98
102 133
112 180
29 195
40 86
0 140
111 140
94 184
36 142
108 185
80 196
149 152
95 199
165 186
42 116
140 153
24 103
37 93
17 174
9 25
58 176
23 176
20 177
155 177
168 177
118 144
19 144
42 61
105 141
123 162
35 59
35 122
40 113
33 125
94 125
83 113
116 129
116 186
6 73
15 73
17 27
11 160
11 13
11 107
112 157
120 134
30 64
133 147
9 64
39 145
41 183
36 68
39 87
0 56
29 109
74 109
103 165
93 185
37 70
48 175
110 174
143 154
25 67
25 46
25 110
176 195
116 184
96 143
96 196
105 198
2 102
2 60
140 154
106 142
106 150
35 106
16 75
5 54
76 115
18 119
52 82
125 151
116 170
73 158
63 105
27 163
7 38
7 80
69 140
25 184
157 188
134 148
87 88
64 189
147 152
68 138
56 85
77 197
43 156
43 149
164 171
1 57
109 180
1 199
164 191
56 65
56 66
175 187
123 176
106 144
162 167
106 139
70 140
113 178
81 192
81 173
81 89
2 121
32 184
184 190
69 142
66 181
85 194
49 124
82 86
10 136
10 108
45 98
54 95
119 127
115 166
75 114
157 182
105 179
31 142
103 144
3 92
3 146
101 128
101 172
106 134
51 123
129 179
43 123
47 177
77 135
100 154
35 145
35 164
1 35
91 177
97 123
70 137
78 105
105 126
47 113
44 190
101 184
14 121
14 193
73 91
55 144
44 131
130 140
49 141
115 193
62 100
100 183
3 106
26 142
2 72
11 26
61 169
53 123
71 142
104 135
132 178
21 35
99 175
4 11
11 104
45 125
44 159
34 134
81 99
75 99
50 139
84 125
31 79
12 55
161 183
26 119
28 167
54 117
