20.651202
1
52
3
655276
2 30
142 163
11 161
37 59
27 115
107 134
50 136
68 136
9 136
2 179
150 179
80 179
38 66
18 66
43 66
101 145
142 145
119 153
146 153
19 165
109 175
59 133
130 165
44 165
120 174
60 152
48 133
13 135
23 133
65 152
100 135
35 135
157 175
33 174
3 127
45 127
66 162
55 113
111 113
5 81
5 84
5 29
0 143
5 90
26 108
99 139
11 28
102 139
82 144
129 168
52 168
10 47
43 47
97 144
91 125
57 108
32 71
87 96
58 140
84 153
30 31
8 36
6 106
4 40
41 62
16 51
15 116
7 67
127 134
113 115
126 137
145 159
28 42
47 169
28 118
108 131
168 173
144 161
139 176
140 154
71 122
96 98
19 110
50 117
44 54
38 155
80 110
21 112
20 172
20 105
20 27
14 79
53 124
34 37
53 141
39 64
53 72
39 78
25 148
34 56
21 94
39 73
34 69
40 89
31 171
36 75
116 121
31 93
67 107
21 123
51 149
40 177
51 103
116 132
106 178
106 114
36 85
62 156
62 160
25 138
14 83
14 63
25 77
92 164
70 164
125 159
96 137
140 151
49 151
49 158
67 158
136 179
0 12
126 175
136 166
126 174
66 170
24 165
62 126
12 46
5 88
0 25
0 1
12 17
76 145
12 128
126 147
12 166
153 170
24 86
74 133
46 152
17 135
24 71
127 167
22 104
24 34
22 140
17 113
95 104
95 108
17 168
88 139
47 95
86 88
28 76
76 104
46 96
14 46
53 88
36 95
21 167
1 39
106 166
51 74
1 116
40 74
0 164
61 104
