4.877657
3
32
59844
116283
41 177
168 172
87 168
117 169
40 100
14 105
34 175
117 175
116 167
87 111
77 168
46 155
4 140
145 150
119 126
66 136
126 135
120 174
105 178
41 163
60 77
39 89
60 163
94 167
106 126
67 94
40 168
155 175
116 178
115 169
13 140
132 169
50 140
32 163
45 136
57 94
104 136
158 178
9 128
6 115
6 45
11 139
56 139
154 162
43 162
14 162
36 158
47 61
61 100
58 61
68 139
91 97
97 153
61 113
103 157
157 170
58 157
156 157
136 176
101 176
157 159
35 97
22 124
22 178
125 145
8 125
47 125
61 68
98 151
102 172
27 154
27 55
59 160
46 129
91 129
121 129
129 150
129 166
141 144
15 141
35 151
109 144
109 169
148 175
94 148
102 160
73 149
51 149
149 177
52 83
52 66
52 81
70 126
31 88
62 88
88 137
88 111
122 149
64 114
64 122
82 106
2 73
120 152
152 178
38 123
3 125
152 179
19 36
32 76
21 56
21 147
21 54
70 97
2 53
82 165
71 96
96 110
34 130
69 110
69 147
12 69
49 69
107 133
107 168
48 107
3 38
16 18
18 128
18 48
65 108
65 75
65 174
80 85
79 137
79 173
79 164
63 124
63 134
85 152
26 112
26 44
26 81
26 74
7 118
7 72
7 161
42 140
42 163
11 84
84 90
84 143
0 178
0 5
37 98
37 146
1 123
1 24
30 93
9 30
25 55
25 39
20 99
99 134
99 171
28 29
29 89
29 86
7 76
33 92
10 33
131 142
23 133
23 95
17 93
17 138
78 161
78 127
131 165
19 33
