33.494892
1
89
7
260757
202 274
79 214
44 335
247 335
168 335
44 287
51 287
110 194
118 129
90 316
124 270
247 313
33 324
11 225
207 312
132 322
66 298
311 335
312 327
101 327
29 290
306 327
88 290
55 290
203 287
62 198
126 319
189 319
0 253
214 253
129 136
50 97
138 235
59 94
39 343
274 343
269 332
285 340
65 315
92 137
112 248
80 243
104 173
95 243
138 248
90 275
130 248
2 173
46 328
240 337
116 137
249 275
155 328
329 337
32 250
23 243
68 250
63 328
52 137
59 337
157 275
133 173
39 120
60 86
75 280
12 71
15 148
17 177
168 215
49 226
33 71
181 215
81 280
41 177
202 226
56 284
114 172
64 284
79 172
25 284
131 172
42 220
82 220
11 142
66 142
64 150
29 305
141 150
289 305
135 239
85 205
151 205
105 187
132 187
157 170
5 89
26 238
102 113
9 77
70 93
8 84
76 108
140 143
124 143
198 281
198 283
268 319
110 191
18 19
91 253
253 282
230 253
120 287
201 233
136 273
97 196
97 252
136 332
162 178
22 145
53 197
135 232
14 199
134 182
111 182
223 232
51 54
24 178
25 161
38 241
87 184
117 197
72 184
233 235
126 175
172 287
48 73
128 343
7 78
7 311
7 195
250 269
287 346
151 334
86 340
86 209
120 264
120 330
215 325
148 216
123 148
71 261
226 300
284 316
220 298
142 341
98 165
98 204
98 257
30 346
35 123
229 242
150 276
150 303
205 251
184 287
187 291
108 310
84 166
113 144
113 348
37 171
4 139
37 203
89 193
238 258
16 268
174 265
4 208
238 246
108 221
99 262
99 231
77 186
77 127
84 278
16 225
16 309
174 207
37 65
89 349
93 152
99 315
174 270
93 179
4 30
143 210
7 198
97 235
3 304
1 167
43 259
43 163
43 115
20 292
1 322
1 158
20 118
3 302
3 313
19 237
191 299
191 230
19 91
94 136
115 326
178 236
241 254
125 147
161 212
182 339
224 229
232 344
184 192
197 277
54 61
54 57
199 263
161 345
145 194
73 285
73 119
176 255
121 342
13 347
34 286
31 69
190 219
34 122
31 227
13 67
160 318
164 324
10 307
31 336
34 267
149 256
6 211
149 159
10 183
121 188
121 206
164 331
164 200
190 320
10 153
13 27
160 323
160 260
6 301
149 271
6 45
288 290
234 297
7 279
234 317
97 294
234 248
201 220
103 128
228 327
58 86
198 228
305 338
172 314
98 218
136 239
106 201
7 242
146 222
305 317
28 296
108 201
107 154
28 275
58 74
107 333
154 253
94 308
89 94
215 288
213 234
107 326
107 295
77 234
120 244
266 319
58 143
177 244
100 346
86 293
74 272
20 314
198 334
148 293
83 294
107 156
94 197
58 241
36 106
321 343
145 218
199 296
176 297
21 337
185 328
96 173
243 266
164 234
190 222
40 137
169 187
245 280
28 93
238 244
28 83
180 343
71 96
109 142
40 284
190 272
169 333
217 279
35 178
150 185
146 182
34 242
146 160
10 242
146 149
31 169
125 170
84 224
109 113
47 106
217 280
13 21
121 321
6 47
