23.333333
1
62
34008
100612
43 68
175 231
28 214
54 237
8 211
181 244
185 238
38 168
178 241
81 195
168 198
174 233
75 211
79 169
95 141
164 244
82 227
24 53
65 170
42 207
77 239
143 184
20 214
12 243
230 231
48 53
183 197
60 227
234 241
169 236
105 163
142 198
143 163
141 148
81 156
68 162
33 68
40 111
187 189
166 191
7 163
71 95
61 156
118 174
25 211
166 174
160 197
53 195
97 207
66 239
91 245
14 238
129 156
112 207
222 245
171 245
12 198
132 239
57 238
121 197
14 122
104 141
65 169
209 241
51 214
73 227
40 244
218 248
63 218
17 218
208 248
1 208
153 186
113 153
102 153
15 153
13 20
34 176
90 176
145 176
86 150
105 150
92 157
3 117
117 237
70 126
45 70
37 170
37 215
19 37
70 212
38 93
93 223
93 129
41 93
25 131
56 156
78 84
78 116
67 78
70 157
0 180
88 176
124 167
89 119
6 18
89 145
124 162
29 245
23 103
18 128
124 243
89 137
29 46
29 31
23 203
18 225
18 144
89 179
124 154
23 41
23 224
29 155
22 246
22 229
202 244
202 245
85 172
32 172
172 190
22 208
39 238
39 60
39 61
104 201
191 216
100 126
100 207
78 176
110 207
75 110
110 242
4 180
173 228
173 189
140 173
4 62
4 113
141 146
30 146
146 174
87 241
35 218
74 142
74 163
58 184
10 58
58 111
127 198
221 222
221 231
106 206
193 206
157 173
35 153
108 214
68 108
92 123
158 231
158 211
139 169
139 197
26 54
26 149
22 226
70 78
0 117
2 199
72 130
2 11
72 247
2 213
72 159
22 88
109 219
6 109
109 196
101 123
30 44
36 50
120 134
165 235
112 114
177 242
122 165
44 76
177 182
114 249
21 36
83 120
55 177
114 240
53 205
165 220
59 120
44 125
201 226
64 99
1 64
64 98
5 86
49 204
147 152
5 115
107 135
107 136
52 187
151 217
151 193
49 71
5 27
151 210
9 147
147 192
96 107
49 80
52 69
200 239
161 194
16 47
47 133
87 150
101 161
150 206
37 39
56 188
131 172
18 94
94 124
36 131
188 200
39 232
47 216
2 127
107 206
138 232
72 138
120 138
147 205
