11.511789
1
60
9
300368
1 44
60 234
184 234
37 234
14 143
51 173
81 224
164 206
41 84
35 102
220 227
85 227
224 227
12 47
46 47
43 83
71 83
66 83
129 194
14 194
85 217
66 237
69 175
20 175
73 238
40 238
11 216
32 65
25 233
122 123
60 118
34 123
6 118
177 216
213 216
192 233
0 133
42 133
116 123
21 185
95 99
75 99
156 229
5 70
26 70
134 242
140 203
172 232
164 232
201 203
205 242
72 147
36 191
4 199
87 190
10 190
101 199
166 231
179 231
160 234
44 114
34 230
6 236
20 162
59 90
75 90
51 112
54 105
15 23
54 170
19 53
42 226
21 78
102 146
84 157
49 57
102 198
129 159
8 48
31 227
86 125
187 194
113 196
83 84
126 151
57 151
107 149
18 149
16 82
148 237
77 86
125 238
28 94
7 17
133 158
65 81
118 168
99 142
218 229
44 197
136 165
44 236
74 154
3 248
3 93
9 62
98 150
9 61
98 148
74 207
3 212
98 206
74 137
9 50
232 239
120 153
153 189
144 176
39 147
234 244
49 203
77 242
196 237
92 217
77 190
142 222
52 152
110 181
68 143
162 214
90 110
112 155
102 230
31 181
105 195
49 68
23 144
49 145
49 56
128 194
31 221
30 173
30 113
33 141
33 45
88 124
88 126
47 200
84 188
44 89
84 202
47 64
196 199
92 96
22 47
92 199
86 167
98 171
86 245
44 249
9 100
65 128
86 221
44 80
89 120
194 204
102 208
48 138
44 119
24 211
24 183
24 121
28 223
175 236
28 161
31 117
100 231
38 58
38 52
175 202
165 191
22 123
13 39
28 244
38 77
7 245
82 91
79 115
80 218
186 216
7 215
97 136
104 240
180 241
104 108
97 187
70 222
151 228
65 170
99 186
170 243
77 209
31 130
29 49
102 163
68 176
2 31
147 181
53 243
238 246
28 135
74 202
68 103
33 98
22 56
27 103
78 96
24 92
208 233
68 210
117 133
64 106
100 139
7 225
100 131
23 247
82 100
76 185
229 235
9 63
3 178
96 219
70 111
132 203
55 242
103 139
2 3
79 167
48 193
55 174
23 182
67 247
48 117
104 106
109 231
180 208
127 130
13 169
127 149
