11.564294
3
53
2
85645
109 198
204 234
44 69
17 155
60 199
35 230
86 180
152 231
11 20
20 249
20 148
20 106
23 241
78 241
122 241
45 179
61 151
61 99
61 169
85 108
54 191
40 219
92 176
101 238
143 191
91 233
75 219
168 191
173 243
137 176
219 228
129 243
196 238
203 225
210 246
159 225
214 233
195 238
160 246
215 219
218 225
194 243
26 68
73 90
90 155
36 90
68 132
68 180
64 68
83 99
58 153
41 170
124 188
58 79
188 245
188 202
18 22
133 188
58 81
65 131
16 145
16 55
65 147
65 228
120 182
13 163
23 130
140 242
24 185
32 140
142 182
103 140
62 182
209 221
19 209
130 222
3 130
35 130
117 163
111 185
87 103
15 25
19 25
66 87
87 200
80 87
17 171
197 205
197 223
160 189
53 171
171 235
25 222
25 175
57 197
113 199
12 34
12 37
48 96
7 12
63 85
43 63
12 57
63 230
33 205
33 152
33 98
33 184
8 118
8 49
8 236
158 172
192 213
107 216
3 134
32 166
204 216
45 213
18 166
109 248
240 248
21 166
135 213
144 172
51 248
95 129
201 239
115 239
178 232
183 227
26 71
123 161
114 165
89 114
161 229
29 89
76 232
112 227
208 244
110 149
44 239
71 97
60 165
29 161
1 249
82 165
72 207
136 177
177 244
14 38
126 193
0 150
28 193
14 149
0 202
72 154
193 234
59 96
59 198
27 50
9 41
42 153
52 70
9 125
70 84
70 220
9 231
27 94
2 39
42 74
59 139
27 69
2 67
42 212
2 86
20 157
233 241
83 241
179 246
61 191
58 179
170 179
5 61
22 179
61 65
20 46
20 171
188 233
16 108
157 238
90 170
68 170
16 238
82 226
120 162
73 181
128 245
135 186
38 226
53 138
84 237
101 102
125 187
54 127
10 201
100 195
88 123
127 207
119 158
74 119
179 182
146 225
146 191
31 176
189 243
93 219
83 185
6 90
56 83
22 247
8 225
22 48
165 179
163 247
31 140
171 224
47 108
211 243
176 206
208 243
4 225
164 170
5 167
22 217
16 156
224 239
56 190
6 227
93 193
30 63
70 247
20 77
174 238
121 176
105 246
30 232
16 116
141 189
48 104
