3.446136
1
36
66931
416417
139 151
38 173
126 127
62 173
26 146
31 109
3 93
41 136
36 109
38 159
24 101
46 172
70 93
141 160
2 160
85 93
58 136
120 160
43 172
44 140
16 140
139 172
108 151
108 173
14 108
37 108
4 95
168 177
127 177
98 105
11 79
98 100
37 79
110 156
60 164
8 80
57 80
9 118
95 98
123 140
28 108
15 51
15 27
4 5
126 170
9 102
40 146
39 106
50 106
106 173
120 166
69 91
19 133
24 133
14 68
74 172
96 98
15 166
108 166
106 156
119 159
30 119
69 119
2 6
13 63
13 72
9 86
96 153
80 96
83 124
18 80
56 146
106 111
74 177
42 140
42 173
20 135
101 135
114 164
3 114
63 81
64 172
15 71
13 111
83 98
60 166
13 102
15 131
46 104
18 86
100 115
1 68
56 73
112 119
107 177
18 133
73 135
130 166
33 56
50 99
107 137
65 160
25 124
103 169
163 169
10 17
67 105
76 157
55 151
97 109
12 35
35 133
84 137
59 136
59 93
18 32
29 40
88 116
0 122
80 169
22 72
51 157
34 118
5 97
21 29
23 157
17 74
0 130
7 12
99 116
66 105
113 136
109 145
117 122
101 165
121 146
85 158
161 173
31 162
122 138
118 154
9 77
9 155
33 82
90 98
28 87
27 94
1 149
123 134
18 61
23 54
71 152
21 150
32 147
99 128
17 48
7 92
15 53
9 52
9 148
80 143
170 176
91 125
6 49
29 174
32 129
32 47
104 144
25 45
84 179
65 142
169 175
17 132
17 89
67 78
55 167
22 75
116 178
34 171
