17.966667
1
42
2
177860
45 67
22 117
80 131
38 130
52 72
6 149
105 149
12 149
145 149
69 126
120 126
56 126
54 126
60 123
35 70
58 70
2 137
43 123
70 99
99 123
92 137
54 70
104 137
74 118
6 82
118 129
118 156
90 118
16 23
16 22
16 71
17 27
50 113
17 114
17 106
17 89
112 159
117 159
21 107
52 159
97 107
45 108
103 108
80 107
132 156
66 146
133 139
46 154
143 153
51 86
81 86
60 127
41 85
5 139
136 151
116 153
113 139
75 127
18 151
8 146
98 154
24 127
93 146
85 101
111 153
37 132
38 85
14 154
29 132
4 86
11 151
40 68
3 30
53 68
30 106
68 140
30 110
65 67
64 144
34 83
64 142
59 65
83 158
10 119
31 131
83 152
76 96
76 87
65 157
7 55
44 57
44 100
44 155
55 135
119 130
55 102
31 109
119 128
15 122
15 138
31 145
1 64
49 73
61 72
19 20
78 115
13 26
13 91
13 47
19 42
19 63
49 125
49 79
61 147
61 94
78 148
78 124
10 36
84 155
18 84
32 40
62 149
16 137
134 149
95 126
123 153
0 137
82 154
70 150
28 123
82 132
25 82
50 127
62 151
62 139
82 119
16 88
33 50
17 150
15 62
50 65
9 62
50 61
121 146
86 121
28 141
0 55
64 95
28 77
39 68
76 134
9 121
39 83
39 141
13 39
49 77
19 77
77 78
33 48
