5.869048
1
23
70241
187024
18 39
68 107
53 91
61 91
91 119
88 113
36 74
28 74
44 62
54 64
39 42
24 111
108 111
22 107
29 33
12 64
35 74
15 64
87 102
36 37
17 61
35 100
32 111
56 82
15 29
105 107
17 44
42 44
8 90
64 106
44 103
69 86
65 101
4 65
63 65
101 110
110 116
59 110
51 110
75 100
97 119
72 97
11 72
11 90
11 58
11 83
13 52
19 47
52 110
96 111
97 104
57 80
34 104
65 75
48 88
48 107
67 93
93 102
71 93
74 76
76 107
66 80
33 66
1 8
1 113
0 49
0 26
11 117
48 86
34 47
57 65
20 46
46 95
46 99
46 60
25 28
55 114
106 114
29 78
5 78
0 19
2 7
2 41
2 18
9 58
77 91
77 82
25 27
56 81
81 98
48 84
79 89
89 92
50 89
6 99
6 30
6 111
6 37
10 40
40 109
40 69
93 96
3 85
21 85
85 112
85 109
70 73
14 73
73 115
31 38
38 45
38 49
23 43
23 87
84 89
16 94
16 118
16 103
73 117
