10.933333
1
31
34799
179681
38 126
85 91
41 45
4 122
91 132
96 126
47 122
78 120
118 129
119 126
30 112
65 120
82 129
30 72
16 36
74 112
68 78
3 97
90 135
50 80
76 129
11 50
27 122
54 57
49 54
8 50
26 96
67 112
88 96
12 68
29 74
43 54
8 92
99 110
34 78
11 83
13 43
3 58
16 58
53 58
44 116
116 139
70 116
99 116
58 83
20 31
12 20
14 20
115 135
101 115
52 115
102 115
127 129
1 73
29 73
73 117
24 37
24 61
61 121
33 61
5 35
20 131
78 134
37 59
25 44
15 25
25 106
25 101
19 23
23 45
23 85
23 110
81 125
2 125
35 59
65 100
100 119
13 134
10 91
10 107
10 40
51 121
38 51
51 111
61 115
54 66
50 137
98 131
51 84
46 133
46 97
42 46
58 66
100 127
94 139
64 69
64 114
41 64
56 90
7 56
56 108
0 87
0 36
39 123
6 75
39 77
18 130
6 9
6 28
18 136
39 79
18 113
17 132
17 95
22 112
109 129
109 122
62 70
48 103
62 124
60 89
62 93
60 105
32 48
21 104
48 71
60 72
21 63
5 21
73 128
116 138
55 98
94 125
125 128
23 86
18 55
6 138
39 86
22 48
