36.140476
1
118
2307
44078
350 464
335 472
27 318
86 426
195 199
306 464
4 278
257 361
199 279
163 462
125 377
197 355
170 467
0 279
10 53
110 472
35 358
389 489
16 24
152 431
168 246
164 227
340 455
52 442
162 446
172 316
88 431
228 357
29 383
98 129
53 336
41 434
128 358
41 308
19 459
453 476
128 492
62 492
248 400
270 278
193 473
82 434
13 446
239 426
364 468
209 352
328 373
101 178
156 281
29 281
281 287
255 482
121 355
401 473
325 361
105 471
229 286
189 434
58 476
202 352
441 442
296 455
347 476
285 320
50 53
161 376
127 455
339 418
408 418
195 418
168 442
166 186
268 464
419 480
220 286
136 376
0 122
363 450
171 443
43 336
36 361
348 355
66 268
366 438
1 342
176 377
40 162
221 443
357 410
307 426
288 366
427 482
278 370
129 132
107 370
36 431
329 473
424 473
35 50
25 318
283 446
108 472
332 438
198 492
51 473
101 129
232 377
76 352
215 443
251 431
306 380
326 357
277 308
214 318
213 379
356 400
81 400
198 253
305 356
21 358
272 480
313 480
46 163
149 376
17 178
343 438
243 390
185 286
249 381
200 400
322 478
240 323
66 240
126 379
91 386
316 386
19 386
69 384
384 450
109 384
24 217
5 217
217 317
193 327
119 327
327 414
79 124
124 196
46 124
137 387
264 326
304 440
179 264
28 304
304 335
264 490
304 413
264 274
30 264
320 341
154 341
341 445
434 437
222 271
151 271
90 271
124 385
249 304
40 276
203 276
276 402
206 280
72 173
173 259
122 173
71 333
214 470
116 173
56 217
135 178
23 421
385 470
27 80
80 361
279 465
219 465
423 482
262 436
182 262
104 262
64 416
392 416
315 416
373 416
57 324
231 284
260 309
137 260
204 260
187 452
298 465
314 383
182 314
211 314
164 314
267 278
149 267
192 416
352 398
116 314
129 349
349 433
135 264
207 444
338 358
281 338
378 478
256 316
205 250
32 205
80 304
275 305
246 275
275 459
304 465
75 414
75 309
75 308
75 381
75 328
75 488
446 496
240 378
225 299
43 225
253 493
463 493
352 493
37 493
175 284
175 475
175 468
175 337
22 175
330 407
200 338
447 473
308 310
310 487
57 327
420 421
75 139
376 393
393 400
373 479
294 479
215 273
100 273
273 486
273 288
120 397
397 429
178 397
32 397
126 447
16 95
95 432
95 358
135 421
59 311
311 430
311 458
17 311
242 297
219 242
242 449
242 362
83 110
83 132
207 275
42 276
160 482
160 297
218 324
218 321
9 398
38 418
92 172
92 471
298 374
60 123
292 322
31 425
3 431
84 113
292 489
84 201
96 133
60 412
60 107
292 483
31 105
133 406
84 406
133 403
133 389
84 274
3 480
3 86
31 395
71 260
298 448
11 134
73 134
134 391
31 280
371 486
256 452
34 457
47 294
47 343
226 247
226 468
1 226
93 323
327 405
334 472
334 355
387 481
302 411
235 302
243 302
191 396
191 281
238 350
238 337
141 444
341 405
34 338
224 369
369 467
369 499
70 300
300 394
300 404
231 360
141 407
183 286
183 394
183 442
386 495
165 257
7 165
130 165
165 469
131 346
78 131
131 342
87 345
14 87
384 495
42 493
134 420
180 458
112 180
180 435
234 492
210 234
234 428
190 333
190 244
94 190
269 357
269 455
67 155
454 492
99 155
155 388
155 202
177 415
74 177
177 277
51 54
54 303
54 367
102 319
102 285
2 312
2 355
254 331
254 372
254 432
254 494
208 252
466 484
48 466
143 289
39 289
289 498
147 426
158 188
188 228
188 291
139 466
20 396
20 61
237 371
237 302
289 387
18 460
15 382
18 359
15 115
114 212
44 474
44 375
150 451
114 236
150 230
18 265
150 261
15 159
12 491
12 144
12 241
114 365
44 216
65 80
97 476
106 279
118 258
85 433
138 351
145 439
439 461
351 422
368 438
85 477
148 170
167 258
293 439
153 351
184 201
184 301
169 464
140 148
258 263
148 449
26 63
290 497
103 295
111 353
233 377
55 186
142 380
142 174
33 181
8 252
33 266
290 456
45 290
103 409
49 282
89 103
49 485
26 117
142 146
55 344
77 111
68 223
68 312
26 390
8 194
8 475
68 245
6 49
111 399
55 363
87 237
106 271
271 354
18 80
97 262
34 233
12 349
349 351
3 15
417 481
65 157
111 454
33 208
49 147
44 157
150 368
169 258
114 417
417 439
103 354
233 290
