7.127168
16
54
8
78501
82 229
0 17
140 248
221 246
166 234
15 225
69 218
66 69
69 172
118 180
180 231
128 180
127 180
93 220
10 21
79 185
129 185
61 185
161 230
181 195
181 212
60 181
57 228
203 228
207 228
159 232
198 214
9 232
7 214
224 232
18 205
122 205
99 205
128 216
120 216
54 115
115 226
158 189
65 158
158 236
115 229
45 158
32 131
0 105
6 105
52 78
10 78
43 233
103 233
30 77
44 77
164 186
123 186
80 136
30 73
73 170
147 149
55 75
55 103
88 210
88 198
17 90
25 188
66 188
71 135
135 167
122 135
108 112
86 112
121 174
133 174
2 174
82 171
76 171
171 208
151 154
50 145
50 196
27 50
72 189
72 136
59 124
177 239
58 59
137 191
142 239
1 191
3 125
23 191
4 201
166 241
241 248
37 241
240 243
74 243
187 208
44 187
113 187
13 163
13 195
117 234
126 219
117 193
20 126
126 175
114 117
93 217
19 190
155 173
33 155
5 209
5 143
5 172
4 70
70 130
70 244
68 210
68 102
49 79
175 215
124 179
76 184
58 184
75 98
107 247
42 107
25 132
132 140
178 222
100 178
2 169
92 246
92 199
100 242
22 206
94 176
35 150
94 113
36 235
35 182
22 95
36 197
94 161
12 213
12 221
9 87
87 165
64 225
87 125
53 192
63 147
63 168
15 181
15 228
15 214
33 34
15 16
69 84
139 236
62 182
134 137
97 247
39 42
160 213
32 109
11 203
109 207
26 164
185 249
15 96
15 50
69 187
131 230
69 110
154 249
21 55
119 233
21 162
88 105
40 115
21 38
101 220
204 228
51 180
90 149
132 249
16 201
21 146
3 115
81 232
131 227
205 245
38 77
81 158
135 188
119 126
14 245
106 119
84 190
14 138
78 101
28 73
84 107
112 117
46 96
40 91
85 171
29 180
35 249
169 232
200 216
131 200
69 116
174 211
14 157
110 239
101 141
28 89
152 228
83 249
14 53
29 186
36 162
72 202
34 186
153 181
111 181
191 202
31 205
67 216
22 227
16 104
201 242
41 119
56 131
8 131
24 78
77 144
80 237
73 156
47 73
152 243
112 238
148 171
48 204
223 243
13 183
160 190
64 194
