51.824383
1
120
2
236563
48 197
38 307
24 173
91 291
34 62
95 306
59 243
159 266
70 333
316 358
385 397
141 200
208 309
48 392
134 392
45 392
26 205
392 394
176 205
265 315
205 320
265 332
205 216
265 350
213 265
137 265
163 383
88 295
89 383
193 295
299 383
52 295
118 132
63 131
71 172
55 77
80 131
160 172
59 77
201 222
17 196
205 355
98 159
132 227
77 263
172 303
132 165
131 137
209 384
30 278
131 261
196 277
196 397
196 366
98 213
41 349
41 151
41 399
98 148
77 331
172 256
186 395
201 395
54 352
291 352
152 352
8 279
202 302
194 324
219 298
220 389
25 321
235 325
270 313
11 396
20 279
14 389
125 274
28 223
187 372
9 238
359 381
7 164
112 396
99 274
162 325
16 164
65 289
259 274
119 238
91 289
173 321
169 189
111 313
175 223
109 238
239 302
1 223
300 324
138 381
245 361
307 396
197 364
199 372
319 380
283 389
70 298
4 164
247 372
87 380
336 381
206 302
69 324
82 313
24 380
153 364
34 335
38 361
40 325
47 189
19 335
146 189
241 279
53 289
105 181
180 181
83 310
174 258
90 230
73 97
18 144
22 230
23 287
253 287
81 271
183 273
92 207
43 117
45 285
42 144
236 310
57 258
31 50
185 252
63 233
154 252
156 195
95 117
242 257
288 297
113 149
120 271
108 195
5 207
192 297
150 264
96 97
74 264
27 273
100 257
157 182
139 203
2 155
64 136
62 179
121 135
12 116
85 225
66 115
68 147
106 198
78 246
17 49
110 126
15 29
122 145
10 75
278 395
364 387
361 365
335 388
321 391
298 323
252 293
257 377
149 276
181 268
273 398
271 356
264 340
149 200
144 378
258 354
117 267
207 375
233 371
230 296
50 290
285 344
285 374
287 379
297 343
310 348
97 240
195 232
21 370
203 250
246 363
145 282
179 326
179 308
225 249
198 390
225 260
188 358
136 393
155 190
155 178
21 341
116 314
116 129
115 342
115 305
21 243
188 345
188 226
182 322
182 309
198 217
147 334
255 301
29 36
255 353
246 339
49 224
145 212
101 177
101 102
136 346
135 167
135 141
29 317
33 44
126 269
126 170
33 51
33 208
255 385
75 209
49 244
147 351
203 221
46 262
60 367
46 337
46 357
104 210
161 234
161 229
60 133
94 171
94 376
60 333
76 316
76 79
6 254
13 211
13 237
6 218
76 284
3 35
13 275
6 143
3 280
3 72
127 318
104 158
104 128
127 386
127 140
123 330
123 306
123 124
161 328
142 338
142 360
142 373
94 176
50 256
101 355
75 331
228 392
222 295
58 295
166 383
132 168
172 228
41 222
0 392
98 228
41 98
214 265
107 205
312 383
189 222
0 132
329 384
30 369
168 238
292 384
294 384
30 368
77 191
30 32
39 131
222 327
228 329
168 311
166 286
58 86
37 196
67 166
166 292
166 382
94 168
58 347
58 248
304 352
304 335
281 395
304 311
61 311
117 304
362 364
325 362
56 321
103 313
107 324
191 372
61 251
164 214
274 312
231 381
361 368
298 312
103 223
230 368
97 281
286 287
257 368
302 382
130 396
67 149
86 144
204 207
204 285
50 84
255 362
56 181
67 258
231 271
248 279
347 389
32 252
380 382
214 297
215 289
101 231
103 292
107 115
147 281
215 310
248 273
86 188
126 204
114 369
264 272
84 198
56 116
0 3
195 272
39 182
67 203
86 161
225 248
29 215
155 382
130 145
84 142
37 246
127 191
130 136
93 294
104 286
272 292
46 93
6 93
13 272
184 384
