18.229944
3
87
49250
51807
57 309
40 398
259 354
133 392
26 371
95 357
134 280
154 182
110 148
112 295
243 251
223 261
92 148
194 295
207 371
106 361
203 395
323 354
105 388
49 322
54 293
164 361
252 293
15 395
259 348
148 198
283 384
40 198
74 121
268 399
123 399
234 399
171 392
173 280
30 329
90 253
170 391
289 321
83 391
312 322
99 291
283 347
323 384
191 319
288 321
204 295
95 291
331 385
49 248
302 335
183 395
184 191
1 91
278 348
270 357
26 384
223 322
4 280
28 321
99 207
28 197
118 361
128 342
71 146
113 270
36 53
100 392
255 270
54 306
183 315
312 317
253 351
194 259
42 265
255 397
82 100
363 398
271 309
19 191
36 291
123 293
53 146
256 332
106 260
104 384
282 299
308 348
333 398
29 228
2 296
197 253
371 390
21 237
303 309
208 309
11 139
315 346
284 361
320 346
258 346
237 391
153 185
185 281
149 185
10 353
122 358
358 378
56 141
82 358
341 392
257 389
93 376
146 389
121 376
368 376
86 276
59 276
276 385
58 266
25 266
266 393
117 276
50 78
78 201
84 263
263 391
263 395
139 364
71 364
124 364
148 262
146 262
57 103
103 150
93 103
103 105
41 397
41 355
185 377
50 233
88 233
295 372
59 254
254 348
2 43
81 383
383 388
154 161
161 163
155 248
74 155
52 155
155 201
153 318
318 335
34 389
295 350
346 350
51 361
297 322
5 371
5 280
321 334
170 334
227 334
362 376
179 322
70 341
334 358
78 364
155 285
46 208
46 382
131 241
131 308
137 200
200 299
87 200
200 399
216 363
164 216
216 228
171 215
16 215
215 296
215 282
233 325
159 325
301 364
200 310
18 34
43 188
67 332
212 226
186 212
212 385
212 251
212 229
190 252
202 399
8 167
65 192
192 235
24 310
222 398
318 364
18 193
172 340
1 172
152 172
172 238
236 249
171 275
86 108
51 231
75 84
8 24
316 396
35 396
275 353
75 141
236 285
202 266
143 306
63 227
190 219
109 121
394 397
166 394
247 345
189 321
189 311
72 396
231 327
73 327
6 355
6 32
6 31
270 290
290 386
56 277
264 277
41 172
72 328
80 294
23 80
168 359
109 366
159 396
181 188
107 175
60 178
178 367
328 345
313 352
23 313
311 313
60 313
27 329
27 182
27 65
27 368
25 158
158 239
165 304
221 342
240 379
136 240
206 240
30 269
269 387
107 297
67 290
33 344
29 157
157 369
157 373
126 130
126 230
126 147
33 115
232 374
44 380
180 264
39 44
225 232
180 360
180 305
44 314
232 343
33 376
221 318
168 396
232 249
48 152
48 94
48 211
48 177
69 116
69 156
69 199
21 69
35 274
191 274
119 230
119 319
44 366
52 272
272 298
160 330
91 160
160 265
79 244
79 367
17 79
70 339
140 267
77 344
77 214
165 394
125 381
125 151
125 280
61 326
61 399
114 338
42 114
114 292
20 329
20 55
73 140
68 138
138 287
138 175
64 101
64 139
9 64
145 337
14 365
14 326
145 217
14 370
145 302
142 300
3 12
129 245
129 169
142 242
12 47
96 129
12 279
336 349
144 336
174 286
336 340
286 324
286 386
142 359
37 176
37 177
38 113
38 210
38 187
209 250
209 304
132 209
62 98
62 218
62 205
240 339
195 293
120 317
120 356
135 162
135 379
220 273
220 260
127 332
127 224
66 127
246 307
76 89
89 102
89 156
45 213
213 375
7 246
13 213
196 309
0 384
22 256
22 85
97 162
97 111
246 254
213 274
12 195
129 196
0 62
