8.373143
1
29
5
938369
24 104
3 15
6 17
48 73
59 72
58 74
42 74
43 74
60 115
104 115
84 115
23 96
64 96
51 69
44 69
66 69
67 82
9 117
15 75
11 82
99 107
78 107
3 107
16 75
12 117
41 118
72 82
1 61
91 93
55 93
32 54
81 86
23 86
78 108
48 56
6 56
89 96
106 117
101 118
61 116
65 93
24 79
54 59
5 30
17 18
74 87
28 38
14 83
46 77
28 33
36 101
36 85
14 19
46 95
36 70
56 103
10 90
40 88
13 119
102 119
61 110
37 71
79 105
49 89
8 34
37 73
49 106
54 100
114 115
86 100
18 76
30 50
2 52
30 53
18 62
21 57
21 112
4 45
4 31
4 98
21 47
36 90
46 109
28 88
40 74
10 22
61 114
20 22
74 94
108 114
20 75
29 114
79 87
2 113
2 111
96 108
25 65
26 40
40 56
68 115
97 114
92 110
80 111
14 108
29 46
69 97
68 93
35 109
35 113
27 114
7 26
0 96
21 94
4 29
39 69
7 8
7 30
14 63
29 119
