9.425085
1
31
1
880831
35 42
6 43
11 107
25 103
76 126
29 58
59 97
61 97
6 136
44 112
1 138
92 112
47 138
98 136
22 112
103 136
137 138
64 123
114 138
28 138
97 117
121 124
60 62
102 125
67 124
4 8
39 124
73 77
76 132
35 132
10 62
51 77
32 83
0 77
9 137
8 25
24 58
24 119
120 132
125 131
21 106
62 135
24 65
65 132
62 122
83 85
14 79
9 41
8 120
8 17
83 101
106 125
90 125
9 88
7 96
13 84
10 105
11 19
12 105
30 118
36 113
15 82
16 23
20 49
29 84
69 118
22 31
68 89
86 105
26 33
48 118
43 52
47 80
52 90
50 53
33 55
50 133
46 64
23 40
31 134
23 104
52 75
50 126
3 107
3 72
49 127
49 74
80 93
37 63
84 87
66 113
63 128
89 108
78 128
94 130
79 94
80 109
82 91
46 57
19 56
33 110
3 117
128 139
31 96
44 115
15 70
38 66
70 114
45 78
38 139
34 88
83 136
21 123
14 136
18 123
18 138
77 97
24 112
7 124
7 77
14 116
54 97
37 123
71 123
5 112
8 27
21 33
62 81
14 23
18 89
100 132
9 81
7 49
7 111
95 123
2 105
129 136
2 118
18 99
