43.957752
1
100
6
307278
26 32
35 44
93 219
1 321
1 261
89 170
24 258
157 204
150 246
114 179
107 268
28 338
26 338
9 338
90 307
124 307
265 307
67 308
25 42
98 144
182 332
157 332
288 332
129 310
244 300
74 253
21 292
161 293
137 292
179 292
215 293
107 293
214 227
148 277
176 273
147 333
205 273
174 277
228 309
35 97
238 329
71 97
267 298
211 326
51 135
198 320
143 334
49 135
188 333
173 329
170 277
6 318
56 318
43 227
77 97
7 309
183 334
36 330
279 326
305 334
19 135
297 326
149 330
192 320
52 227
302 346
199 309
167 320
22 318
193 329
190 330
207 273
259 322
138 333
140 266
252 266
125 298
69 346
113 322
197 346
23 322
58 122
70 119
30 122
106 119
249 315
55 315
47 119
44 122
65 315
246 335
235 335
38 245
67 92
83 92
11 250
61 87
41 250
53 87
127 165
37 165
144 345
144 282
42 348
54 150
54 253
54 219
42 129
160 296
30 158
103 158
180 275
175 184
177 275
164 316
4 108
222 276
81 196
257 276
39 178
84 96
57 108
2 339
132 196
224 339
95 316
0 166
151 166
121 178
45 96
12 50
13 168
17 181
17 221
59 62
93 217
32 68
16 76
31 104
24 80
34 210
88 153
48 63
46 102
155 186
5 290
15 120
10 60
78 208
168 266
122 241
92 171
65 73
278 321
14 258
14 112
278 337
136 145
29 74
14 285
3 255
136 236
27 116
29 115
27 200
29 240
3 310
87 260
250 317
111 189
117 274
100 101
82 237
99 213
82 231
117 261
85 347
94 162
94 203
86 272
86 202
86 251
85 141
85 254
94 312
82 216
117 328
111 206
111 271
99 109
99 223
100 133
40 263
100 344
40 311
40 156
165 204
42 242
17 262
158 343
130 184
96 243
275 303
276 284
316 323
196 295
108 340
178 194
339 349
166 287
184 269
50 244
308 322
273 296
97 308
17 152
68 114
62 201
68 268
217 281
217 342
62 89
72 300
120 306
76 126
120 220
102 163
60 325
63 187
76 131
60 232
104 195
72 118
80 233
104 319
186 225
153 185
80 142
210 283
210 229
208 239
208 234
72 160
186 331
102 212
63 105
290 294
153 289
290 314
54 315
298 327
13 318
135 248
18 338
144 250
119 248
248 315
291 332
27 242
3 66
136 152
87 327
18 144
100 296
82 308
123 333
301 309
54 304
110 130
123 209
209 278
119 123
122 123
33 326
33 227
286 329
172 334
79 308
247 307
280 296
292 304
298 304
42 169
250 301
186 296
218 335
50 139
13 276
64 209
75 248
17 159
13 153
13 270
210 248
169 293
226 266
146 277
230 346
230 330
134 320
256 313
8 301
291 313
18 94
111 286
86 218
120 209
33 99
166 291
73 139
256 341
226 245
92 159
110 307
91 256
3 128
14 230
136 146
102 278
29 336
27 299
76 291
104 301
20 262
154 256
172 316
178 286
96 218
108 172
8 264
33 341
85 128
313 324
73 245
117 247
75 286
172 270
40 159
91 218
191 313
63 324
299 339
196 299
134 275
79 230
191 290
134 217
208 336
60 146
