6.319103
14
50
8
79000
25 225
127 176
101 183
149 242
46 111
206 237
138 170
148 238
40 66
4 13
75 138
49 135
84 236
59 207
52 207
88 105
147 216
124 216
216 238
88 162
42 162
1 8
8 25
66 224
23 224
79 248
76 248
133 248
3 58
35 58
137 204
120 197
174 197
93 197
52 145
145 176
145 161
82 145
16 18
18 99
4 18
151 191
114 191
29 191
47 232
157 232
37 232
40 167
46 167
96 219
92 96
159 241
132 241
193 210
70 189
111 189
120 218
187 218
55 195
87 153
104 127
35 104
104 148
87 172
104 206
51 160
144 160
28 137
123 131
17 51
29 154
154 247
95 242
95 131
95 226
99 128
128 140
50 221
57 93
186 237
19 221
113 193
80 235
100 113
173 235
143 186
73 180
2 73
37 81
81 239
54 81
23 150
150 175
63 164
178 200
107 182
11 208
182 209
170 182
7 41
171 192
171 212
39 171
79 171
86 213
20 86
156 211
21 70
86 149
22 156
165 244
165 215
165 177
90 233
90 135
55 188
22 119
107 249
157 185
2 249
134 187
152 158
82 240
109 164
109 202
24 109
98 227
48 98
98 231
33 194
12 205
31 126
12 13
12 200
122 183
27 179
122 236
122 190
27 129
27 144
31 229
89 239
38 110
61 198
89 215
68 110
91 225
130 228
110 142
101 130
130 198
61 100
108 214
108 181
77 108
56 223
141 234
141 201
10 152
10 74
10 72
56 69
56 65
141 166
49 232
44 112
203 205
45 247
97 233
102 143
14 39
84 218
87 112
75 160
49 195
96 105
49 95
18 60
121 145
75 146
49 184
84 150
58 210
18 241
49 139
0 84
195 197
112 243
15 214
146 162
75 119
57 162
189 241
105 220
28 232
106 228
36 192
36 42
106 151
6 60
163 248
32 41
83 201
169 208
169 190
43 77
83 223
32 92
43 231
96 246
112 122
154 196
5 210
115 196
123 125
91 112
191 230
67 220
10 84
118 224
78 216
112 199
112 155
53 75
71 75
109 210
8 26
168 216
8 9
94 224
58 245
64 204
145 217
67 85
116 167
28 141
103 240
21 31
117 189
62 218
26 221
103 194
85 235
98 230
67 136
30 95
34 150
63 222
78 110
