19.548310
1
85
6
221248
87 136
0 32
45 169
128 276
11 41
69 317
6 121
77 82
186 190
172 298
243 339
280 281
87 281
159 281
28 138
192 321
256 321
110 321
246 321
35 227
4 14
20 285
65 285
184 285
94 258
35 258
145 258
186 248
5 248
28 315
80 315
23 315
136 284
45 302
260 284
238 302
184 302
221 284
187 346
64 346
89 194
266 346
24 250
12 250
128 194
69 194
80 261
132 309
172 249
177 326
256 326
104 249
8 309
153 249
200 281
311 313
20 96
70 96
90 96
18 206
138 157
138 286
46 49
132 325
32 263
3 263
230 263
257 321
54 168
78 102
59 102
231 282
77 240
11 240
195 287
160 185
6 185
243 287
92 340
202 340
93 294
5 289
0 294
181 289
159 290
15 44
15 219
14 180
14 190
219 327
319 338
78 254
52 242
225 265
84 338
205 242
101 273
288 304
139 254
217 265
98 348
241 242
210 273
209 348
305 338
255 304
147 285
163 179
37 75
54 75
173 248
237 248
262 315
218 228
218 247
218 237
113 223
95 183
127 183
213 261
301 309
152 253
313 317
313 339
51 111
51 336
321 327
4 79
148 220
1 88
10 130
9 164
10 31
10 82
2 124
49 162
2 270
2 118
133 279
49 345
1 19
133 333
9 114
21 72
21 342
9 123
115 234
38 343
231 349
287 308
142 185
198 271
47 71
17 56
197 271
55 71
59 166
73 199
146 327
38 81
57 67
129 144
146 211
143 169
143 161
175 208
254 274
63 100
227 346
179 232
179 191
203 222
75 298
48 231
315 349
30 301
146 313
2 227
223 257
8 109
96 327
135 156
135 310
253 276
15 212
274 347
72 193
310 347
124 189
137 201
137 314
137 214
97 204
97 251
97 293
188 220
212 306
49 295
10 61
1 61
1 328
133 328
21 259
133 268
53 188
138 235
277 329
7 41
271 278
71 112
166 176
56 141
76 121
199 252
166 178
233 267
125 240
81 269
40 227
86 182
27 313
48 51
125 289
105 227
16 231
15 236
146 171
34 239
131 316
144 341
131 318
140 200
83 196
108 312
140 335
67 103
144 272
140 323
67 300
83 91
167 303
34 320
108 115
36 337
250 275
248 290
116 291
107 285
208 306
9 48
14 151
14 16
105 327
125 304
203 245
96 102
244 322
86 249
183 332
234 275
30 264
193 231
165 258
102 334
212 340
122 175
150 173
43 213
25 142
126 147
26 262
208 224
165 315
226 285
224 338
135 264
27 348
27 273
125 134
194 203
168 290
299 326
125 297
149 231
48 179
116 133
220 307
234 236
40 206
13 224
27 99
53 120
49 151
10 155
29 119
56 330
233 259
29 211
76 229
138 331
185 244
50 284
167 182
131 295
167 322
83 120
62 168
116 242
63 208
170 309
106 325
261 343
226 294
60 194
220 334
30 265
16 36
15 215
14 296
15 292
74 245
154 229
117 307
109 330
39 119
71 275
271 275
125 344
33 99
85 332
155 183
207 218
58 218
137 244
51 66
199 299
212 283
21 324
42 212
22 134
79 277
22 97
36 68
34 170
33 158
216 223
144 149
60 67
81 174
