1.121569
22
19
1455
167868
91 119
21 86
72 96
29 89
32 86
15 32
75 114
83 89
49 86
79 86
79 99
30 119
46 100
23 76
80 81
27 89
117 119
31 112
51 114
10 114
26 87
81 103
17 103
88 97
65 91
101 116
37 101
57 97
63 106
78 85
25 78
7 101
16 44
44 88
90 114
14 63
70 106
85 93
104 109
13 74
71 74
33 38
16 38
38 72
74 112
7 12
66 93
36 75
11 36
36 116
14 38
4 118
40 118
6 31
103 115
57 74
36 66
12 45
45 104
73 108
77 78
0 87
0 108
58 95
10 58
58 102
34 58
21 58
33 58
69 98
34 98
22 96
22 119
73 103
58 103
8 101
28 62
100 110
110 119
13 111
24 111
9 111
102 113
28 55
14 55
15 105
107 113
60 118
90 118
65 84
18 23
18 50
11 18
40 53
48 82
39 43
43 115
42 59
67 69
56 64
56 92
54 56
56 82
48 63
52 54
2 86
2 94
42 58
5 94
5 35
47 61
47 100
20 59
1 20
20 41
3 19
3 61
68 89
68 74
