20.663095
1
88
14274
52004
52 216
146 286
272 311
222 233
145 381
67 391
20 332
206 378
86 309
304 364
16 86
46 390
99 376
337 376
35 171
241 318
99 239
282 311
17 309
344 347
280 325
160 277
120 171
233 344
149 253
123 322
45 309
142 288
51 211
90 238
231 391
92 381
323 361
282 361
254 397
235 311
55 260
376 389
159 364
146 222
285 290
84 290
22 390
124 374
55 365
133 326
55 216
55 325
184 315
37 315
315 384
139 320
55 376
232 327
302 338
252 361
293 399
72 211
0 322
32 327
108 136
93 222
14 344
64 322
281 399
154 318
327 349
47 132
215 390
167 378
49 86
185 216
151 393
272 377
58 343
326 335
352 383
306 384
123 364
47 338
104 393
240 381
354 384
64 201
56 277
395 397
53 253
17 391
185 234
58 397
29 288
112 345
338 355
93 380
30 366
136 278
79 378
186 253
277 331
27 136
88 277
346 380
193 318
25 136
312 322
274 399
147 325
112 326
337 399
172 340
224 393
90 172
87 172
6 361
258 274
203 222
158 216
221 325
188 211
117 133
79 280
120 296
11 384
96 171
36 41
41 98
96 98
160 365
108 145
111 366
267 275
192 366
320 387
161 359
45 387
292 387
5 375
175 296
175 374
104 297
297 321
297 378
171 297
54 320
54 116
11 106
106 150
106 206
67 106
69 166
7 166
166 372
87 166
164 365
255 315
255 361
255 328
134 290
134 184
68 273
273 288
273 320
42 303
55 191
78 116
294 313
313 391
315 356
21 356
343 370
135 381
56 173
139 317
249 370
126 242
212 317
368 370
42 191
155 163
31 155
140 155
162 238
227 318
126 162
118 162
162 303
76 279
76 142
74 168
220 329
342 378
31 342
218 293
217 275
39 330
266 330
330 377
330 369
179 220
391 392
50 72
50 223
183 294
21 284
284 380
137 284
28 284
228 284
38 345
38 223
38 258
303 350
315 371
23 70
38 375
384 388
364 388
107 388
57 284
276 365
204 375
172 261
261 318
23 261
308 349
194 253
5 8
8 128
168 329
222 382
57 194
155 333
144 176
176 269
176 385
176 286
176 245
176 182
370 392
247 374
12 247
165 203
157 210
210 320
9 303
234 363
262 363
141 363
161 210
70 122
242 308
136 386
327 386
179 350
15 322
178 390
178 397
75 374
219 265
182 219
219 259
170 210
4 301
55 398
131 321
115 131
131 256
10 27
10 225
10 271
187 189
207 300
14 207
207 243
181 190
190 365
170 257
273 305
4 173
98 196
23 200
200 366
95 228
95 341
303 348
275 348
268 304
268 316
174 268
246 268
205 270
205 394
201 205
105 353
105 114
105 301
305 314
124 226
226 379
59 299
299 383
299 324
16 299
202 307
132 202
109 202
71 366
71 332
202 387
77 189
77 339
77 110
77 271
48 315
360 397
3 265
3 198
20 138
138 208
61 359
61 213
61 351
153 187
63 73
73 369
73 130
89 244
244 267
244 248
26 367
26 298
19 24
26 74
24 129
24 199
289 373
289 336
91 289
113 121
113 181
81 113
310 352
44 310
310 396
229 252
229 236
40 66
40 338
152 172
152 195
156 263
156 197
18 82
18 60
230 357
230 237
18 375
85 275
85 143
85 334
100 385
100 295
2 360
34 66
34 43
94 239
94 214
33 36
33 65
9 24
127 287
83 125
125 291
169 260
169 209
177 358
23 62
101 148
102 148
97 251
103 287
13 250
264 283
148 180
287 319
119 177
1 125
80 169
2 289
97 164
2 230
13 217
156 196
362 363
15 177
257 264
48 148
287 362
62 125
