2.651663
16
41
9
95557
24 27
140 151
94 151
167 168
110 167
16 188
0 100
48 100
68 100
173 185
121 181
82 121
78 161
64 161
137 161
64 163
56 125
56 164
85 178
10 139
98 139
27 194
52 194
170 194
85 160
142 160
129 136
24 136
110 150
80 150
7 108
22 84
47 84
98 193
33 176
169 191
97 191
39 175
10 162
4 162
111 127
37 111
127 197
69 118
117 140
117 165
117 144
5 68
5 170
17 120
17 99
8 141
112 188
46 112
73 112
112 196
146 157
87 107
86 157
70 119
8 70
106 107
11 42
12 42
73 93
29 157
23 154
93 142
42 44
14 70
135 198
14 182
18 55
44 74
48 92
26 60
186 192
122 186
177 187
1 77
77 190
77 80
54 63
20 63
128 189
51 135
52 183
1 3
41 122
7 31
31 33
12 101
18 109
109 180
83 109
72 172
22 90
46 102
49 57
57 113
9 57
0 59
35 167
43 47
28 39
15 28
30 35
53 148
53 123
53 62
166 181
166 168
151 191
156 184
121 139
75 138
75 172
2 66
126 185
66 132
104 114
104 130
126 128
50 125
153 180
133 192
105 130
61 99
45 120
34 156
35 141
58 167
74 167
30 191
16 177
16 25
76 151
30 197
136 193
60 173
167 199
17 30
143 163
35 81
147 161
3 161
173 199
30 152
35 71
65 167
147 178
51 178
121 131
176 182
13 193
16 155
57 173
56 131
56 72
41 108
118 177
6 162
17 55
56 89
30 195
79 175
40 49
40 114
101 175
134 151
124 151
151 171
149 189
38 147
71 84
16 115
173 184
67 173
102 107
19 161
59 157
145 154
154 195
95 163
88 163
59 63
139 174
179 194
150 159
36 162
53 189
21 117
5 91
32 143
103 198
77 158
51 116
90 96
66 89
