13.450000
1
42
9318
141032
1 156
90 156
66 175
138 173
116 141
29 60
137 173
74 163
69 173
65 139
29 109
42 155
117 175
61 101
53 130
63 155
135 165
21 109
118 173
85 176
129 173
123 124
139 159
9 54
123 139
26 175
46 130
95 176
36 101
127 147
162 166
95 153
93 130
17 109
22 162
87 156
57 139
1 37
57 155
20 36
3 5
122 162
137 146
4 101
119 160
132 179
9 132
27 37
16 27
19 148
108 148
71 148
5 148
69 70
41 70
70 86
42 120
148 171
38 98
172 174
28 172
13 66
7 106
70 105
58 83
40 60
40 89
107 113
113 168
40 92
113 114
40 178
113 170
44 109
11 27
158 171
14 131
14 108
52 96
39 52
52 129
40 105
8 176
80 174
80 176
105 158
58 62
145 175
145 156
83 113
88 168
88 147
3 88
103 178
101 103
61 76
76 112
77 155
77 98
38 62
50 96
11 44
13 172
149 154
46 154
144 154
154 164
154 169
6 120
18 125
18 161
18 166
18 91
18 131
32 48
32 56
20 32
22 136
24 141
24 125
33 89
33 149
12 33
68 74
23 68
50 132
82 157
45 84
84 94
84 146
75 130
67 116
67 133
25 67
72 135
72 127
72 134
34 79
34 110
7 34
67 160
78 128
140 151
64 124
64 126
0 55
97 140
31 78
51 64
35 78
55 73
47 55
100 162
99 163
99 104
15 99
115 142
115 143
54 115
102 173
30 121
30 43
30 111
2 165
2 10
49 152
152 167
152 177
68 106
140 160
75 106
8 157
120 152
81 150
59 81
55 136
78 100
30 102
81 157
