6.128571
1
19
369
251044
41 89
53 92
5 65
42 43
51 84
35 74
16 92
5 43
43 74
63 92
92 98
23 66
12 77
79 89
55 89
62 64
33 65
46 97
31 97
64 97
50 98
19 50
48 50
10 50
2 52
33 52
14 72
57 72
59 72
72 95
7 27
17 27
27 29
6 27
61 92
43 61
22 23
2 22
39 88
39 96
39 91
39 64
15 37
37 56
11 72
32 75
29 36
36 99
26 36
10 87
12 87
87 95
11 39
28 84
19 28
28 93
3 47
3 46
21 88
56 83
0 93
83 97
68 76
76 78
47 76
25 30
30 77
30 44
54 82
9 54
54 94
49 66
49 60
45 62
45 85
18 20
13 89
18 87
69 85
69 90
21 32
34 81
34 75
1 67
67 86
4 67
38 51
38 80
24 70
24 40
38 73
8 24
13 27
20 58
36 58
37 71
54 76
0 24
67 71
