4.051285
1
36
8
417460
36 75
51 119
53 107
22 167
94 125
20 137
21 179
9 179
35 130
23 130
43 102
81 135
78 135
60 156
7 156
118 139
133 139
39 45
15 45
72 162
51 162
107 166
2 175
94 175
39 106
10 106
0 71
9 71
22 147
65 147
43 147
28 110
55 104
92 104
66 104
99 104
41 56
19 38
119 176
79 82
20 134
18 134
21 44
17 27
128 143
174 179
36 149
28 164
66 114
60 161
50 64
86 130
55 59
79 98
79 162
42 100
90 122
82 102
124 135
107 144
73 156
138 156
27 107
139 165
126 139
132 139
107 171
45 152
152 162
106 125
74 93
71 101
71 126
64 107
100 102
47 110
8 113
50 57
56 73
38 132
38 80
79 131
79 108
14 79
10 33
31 84
12 85
134 154
93 100
16 146
16 74
46 47
89 96
32 89
89 138
27 87
27 143
89 137
103 179
38 156
105 109
110 178
62 107
6 175
4 102
59 112
5 32
5 54
91 117
91 115
100 142
61 135
77 111
79 123
13 68
13 116
30 120
30 67
45 144
89 169
93 141
71 141
154 155
117 121
102 109
104 176
135 164
24 156
110 144
37 128
163 173
11 130
33 86
48 62
113 151
83 113
25 174
25 157
3 153
3 48
61 150
88 124
88 172
84 95
85 129
85 163
46 69
40 140
40 177
1 136
158 179
1 144
58 83
64 170
34 76
149 161
4 13
168 171
4 121
30 69
14 70
173 176
37 76
45 49
64 122
27 159
26 175
93 97
93 127
29 147
110 145
58 106
77 155
148 176
14 63
109 160
34 40
84 121
52 77
