7.265445
1
37
1
620734
16 74
71 114
46 124
78 112
116 128
94 144
69 130
18 96
89 96
96 115
116 135
47 106
31 106
36 106
96 129
135 142
46 62
9 147
114 147
68 113
11 62
53 113
106 136
111 158
62 69
113 134
2 126
98 126
73 125
71 81
16 126
41 127
68 159
51 85
19 103
24 85
20 95
25 35
21 35
5 43
6 87
61 110
64 95
48 91
87 118
44 75
125 138
44 153
10 26
103 146
10 102
43 145
17 104
43 67
38 58
3 32
3 45
95 100
13 91
110 130
3 76
17 111
26 30
38 149
103 124
102 127
38 39
76 81
0 119
85 144
0 13
17 117
0 42
91 107
127 129
35 123
35 108
34 131
3 109
152 156
81 121
44 131
85 134
127 139
29 92
21 92
7 120
22 120
27 40
15 80
97 157
31 157
37 65
78 157
74 133
60 70
83 133
82 140
40 55
105 150
52 84
105 128
70 77
80 122
52 94
59 92
65 101
56 57
54 105
52 112
70 156
56 121
96 113
25 66
36 155
24 63
19 50
28 135
1 135
10 135
99 135
32 154
50 59
14 54
66 89
88 109
33 108
90 123
79 139
12 62
17 147
125 158
44 147
110 158
87 113
96 148
106 151
106 141
12 95
43 93
1 126
30 38
87 132
28 93
43 152
8 38
3 120
1 72
0 143
30 80
65 132
132 140
91 151
99 137
4 106
86 135
40 148
34 49
23 30
