3.389439
1
24
1
786411
55 60
24 48
76 108
91 108
80 108
101 108
102 108
7 75
40 103
6 103
23 103
103 113
86 103
34 55
34 71
34 90
60 62
62 91
34 58
43 57
38 101
22 66
62 69
38 52
38 83
22 105
19 96
7 112
92 96
17 31
12 107
41 112
0 77
9 14
77 98
90 107
1 30
77 111
112 116
49 109
49 81
49 56
4 65
31 54
33 61
14 33
96 97
77 82
4 58
1 119
96 119
33 50
4 50
18 67
13 64
5 59
6 68
3 72
48 67
47 68
95 106
36 64
66 106
64 79
59 78
11 21
11 24
8 86
46 99
59 114
8 63
16 35
16 46
88 117
88 110
72 73
43 108
67 82
68 105
16 57
25 39
37 39
5 28
20 45
20 32
19 44
36 93
29 87
29 45
49 75
75 96
26 75
75 84
26 34
114 118
54 70
79 85
30 87
51 97
10 83
62 100
31 38
34 104
43 68
43 115
43 88
9 77
2 22
38 94
22 37
9 42
64 100
53 112
72 84
15 34
59 89
42 89
26 27
25 74
