19.669048
1
67
20
77493
116 238
223 230
28 161
82 109
151 164
5 20
162 221
19 88
279 291
3 216
173 200
45 234
0 40
239 274
294 297
229 235
161 235
153 297
60 235
8 297
157 260
163 260
119 294
77 234
283 284
218 284
4 284
174 204
28 260
45 91
15 250
142 194
34 194
6 194
0 213
19 213
134 213
168 265
104 234
212 234
232 259
178 259
60 293
212 293
6 246
11 246
101 107
143 150
79 243
183 218
87 183
130 252
84 252
217 261
77 261
223 261
261 286
81 235
150 293
180 220
180 299
130 180
7 180
29 180
180 288
73 180
31 89
31 53
5 31
75 132
144 190
74 278
26 74
11 74
3 74
110 211
190 203
149 190
234 240
258 268
83 268
91 268
196 268
192 274
109 192
17 257
125 257
221 257
16 146
16 255
255 298
82 92
92 167
34 92
132 259
80 94
88 94
94 135
208 279
123 208
23 105
69 160
29 160
1 160
73 177
177 284
190 193
13 110
231 262
13 39
2 231
13 114
231 267
231 289
72 151
72 153
72 112
199 230
117 199
27 194
72 190
240 259
190 241
33 123
33 202
33 71
157 187
187 269
242 275
174 242
37 242
93 141
47 297
18 114
214 260
171 219
182 219
75 90
90 124
20 96
25 96
96 133
31 107
209 282
198 209
66 209
252 287
86 245
14 280
86 148
86 210
14 126
14 63
121 155
70 155
155 195
52 119
52 173
52 162
140 168
140 277
247 272
213 244
64 222
56 64
92 243
64 190
175 268
31 144
175 181
246 247
47 150
233 285
42 233
138 197
118 159
118 266
118 205
54 179
138 271
54 186
138 256
54 145
27 131
33 154
149 287
31 211
131 185
132 227
47 131
136 203
78 106
129 241
252 290
172 255
90 154
76 262
44 166
128 269
44 79
48 188
128 251
21 38
48 165
35 127
76 291
48 184
12 220
35 108
38 201
12 215
12 296
128 250
38 85
35 42
44 248
76 191
152 265
99 152
152 263
113 228
58 270
15 58
249 254
32 49
51 278
158 200
49 196
147 170
95 113
115 206
115 239
50 65
65 216
41 51
61 249
103 115
65 189
170 238
170 237
169 295
111 249
58 207
158 176
78 105
160 172
43 281
68 98
98 286
98 224
40 43
43 120
113 190
57 139
57 285
57 292
102 192
106 227
62 116
62 101
36 226
36 59
46 264
46 225
46 204
94 102
193 273
181 236
31 137
9 199
55 160
10 93
10 30
55 242
18 97
140 273
122 251
122 165
156 177
155 214
233 268
180 253
118 146
137 209
67 219
74 100
67 97
22 257
24 141
64 86
156 276
169 236
24 219
36 177
54 276
138 244
14 22
38 100
249 253
