58.359381
1
132
6
207596
40 233
61 391
26 84
1 103
99 360
275 412
271 272
63 369
171 211
59 405
88 132
14 152
2 152
75 132
35 240
56 240
113 240
95 240
205 435
365 435
28 435
428 435
363 402
253 402
212 449
198 423
233 423
373 423
283 437
127 285
178 236
176 339
246 448
302 372
391 396
205 372
308 396
245 372
226 312
206 291
32 401
280 291
275 441
192 401
76 219
102 430
173 429
169 222
309 356
195 390
51 219
197 222
108 260
193 265
184 416
150 399
239 265
74 356
6 300
158 329
72 323
31 260
149 427
42 430
172 260
23 219
7 323
115 429
8 390
73 222
271 441
212 441
357 427
20 300
283 390
10 427
142 356
120 424
294 401
295 424
349 416
324 399
360 424
154 430
3 291
251 329
63 312
393 416
135 429
27 329
314 399
243 323
98 265
122 312
273 300
48 139
91 139
41 139
30 248
69 248
242 248
152 177
132 264
152 218
132 410
152 156
107 157
91 157
180 215
221 297
175 215
40 347
96 297
95 347
136 214
44 214
264 402
59 145
2 145
127 131
26 131
241 274
99 274
18 293
168 293
5 49
53 128
136 304
124 277
311 366
43 277
190 358
25 235
231 327
54 358
204 304
87 128
208 321
340 392
163 366
155 321
103 327
24 269
133 201
0 354
186 375
117 269
114 263
151 201
84 134
332 354
310 392
97 263
4 375
1 167
242 353
13 249
61 64
218 396
71 146
93 112
191 209
68 244
60 67
298 337
34 110
62 121
79 220
57 123
83 210
247 259
141 305
183 359
29 272
29 160
29 234
318 333
318 364
318 382
17 66
17 246
17 105
12 306
85 306
248 313
139 237
132 378
157 276
347 367
214 320
297 445
214 228
215 236
33 252
125 262
33 89
33 225
125 254
307 369
39 162
39 178
138 281
22 438
138 176
39 417
22 387
138 377
145 185
92 211
131 408
274 389
80 90
9 159
86 403
37 188
47 143
144 376
9 118
37 137
11 292
9 50
203 440
144 296
126 268
126 161
65 70
52 227
46 434
11 301
52 352
80 421
77 404
111 388
203 288
16 189
111 328
111 346
77 101
77 384
11 368
16 446
126 255
144 319
65 109
65 290
86 200
16 81
46 400
47 106
47 350
37 223
52 55
46 380
80 303
86 379
203 395
285 437
132 299
49 100
304 439
321 322
134 153
354 419
269 343
263 279
392 415
375 433
327 447
134 330
366 385
277 351
201 286
358 409
235 411
128 317
89 94
167 182
167 407
347 402
353 432
353 444
64 336
249 316
249 412
64 339
220 361
45 335
121 230
359 413
146 270
359 394
148 405
337 397
220 370
38 181
305 418
259 355
45 261
146 345
123 287
45 448
112 331
110 217
337 442
110 289
244 282
209 315
259 284
67 116
209 250
123 174
67 224
121 202
92 398
148 207
148 179
305 334
112 232
210 342
38 425
244 266
210 267
15 420
29 196
318 338
265 378
15 390
15 260
165 449
152 326
238 423
29 104
58 449
297 348
215 229
199 240
22 196
125 420
435 436
15 347
36 437
194 437
17 165
52 285
238 416
21 219
291 383
19 329
21 430
222 256
19 441
293 348
422 437
371 449
139 383
77 378
344 449
194 318
285 304
285 327
300 362
258 399
194 323
213 427
356 406
104 307
49 229
82 312
213 248
165 214
215 299
17 94
21 39
125 426
341 378
38 338
386 429
15 130
58 157
344 372
325 396
123 378
297 443
424 431
401 436
86 256
203 426
104 374
11 213
104 146
58 126
9 194
80 258
65 362
366 383
238 277
269 426
19 201
256 257
21 257
256 353
166 299
238 381
259 307
19 147
110 165
33 164
138 170
92 299
145 344
375 406
321 362
36 235
258 392
36 354
78 422
131 386
49 443
274 386
306 307
144 326
119 293
46 119
209 406
111 164
36 305
37 170
58 244
47 431
16 278
147 406
147 362
129 258
82 129
187 386
187 414
216 422
358 436
263 278
128 431
140 374
249 278
140 210
199 337
164 359
121 140
67 170
220 325
112 344
