4.598309
1
26
1
802120
46 105
52 78
81 118
0 29
8 70
14 72
16 22
31 33
53 107
59 107
66 72
68 99
30 99
8 62
8 117
99 115
20 87
20 105
12 89
22 112
22 41
12 57
33 55
12 111
22 55
15 88
15 48
18 28
6 19
3 43
5 91
16 76
65 79
24 42
38 88
0 28
32 76
45 91
49 85
43 108
42 67
1 26
43 118
37 69
19 34
19 49
1 35
37 114
28 83
28 58
79 119
37 40
88 110
42 80
79 111
54 93
44 104
7 51
18 106
94 106
81 104
78 93
47 106
10 64
46 64
21 75
2 17
83 101
93 109
4 86
41 50
11 71
2 29
11 52
21 77
75 101
51 90
51 84
50 61
25 62
64 117
4 61
39 40
8 99
12 33
33 98
24 113
44 95
6 73
20 107
38 100
8 103
8 74
69 97
13 110
60 84
60 80
33 92
72 103
48 72
82 107
85 98
1 72
22 48
91 98
19 36
36 42
28 103
56 92
9 20
12 23
12 96
43 96
37 102
56 102
92 93
20 116
20 63
27 56
