-1.330688
12
13
7
755624
0 78
31 82
11 82
36 83
37 79
78 88
17 88
58 62
4 45
41 66
4 66
37 96
1 36
1 7
22 88
5 8
5 57
46 49
75 91
38 86
38 80
9 14
35 60
9 42
18 45
45 83
66 75
12 22
6 18
1 93
1 32
79 92
0 47
6 39
10 52
6 48
7 44
1 27
5 64
12 59
12 32
62 82
10 29
66 82
62 98
38 67
14 69
1 79
45 81
66 67
12 64
6 97
12 29
24 50
55 94
55 92
44 73
5 56
24 93
49 97
21 39
72 79
47 85
16 85
1 40
54 96
19 82
71 82
6 23
25 54
13 98
76 99
5 42
76 79
63 99
38 70
23 34
15 27
74 91
62 77
51 70
33 66
56 65
23 61
34 84
20 82
53 82
72 87
3 81
88 95
2 5
62 68
15 60
12 43
6 89
30 51
23 90
23 28
26 60
