0.338602
5
31
291729
480584
7 65
0 69
69 98
10 145
131 145
29 61
69 145
28 61
24 98
54 101
24 70
51 70
21 61
14 101
67 119
65 119
59 105
29 116
96 112
67 111
89 105
69 97
2 141
46 159
5 63
105 141
52 69
29 123
87 123
62 107
59 149
64 101
87 90
1 90
8 18
18 29
72 101
13 72
25 115
40 70
13 57
132 149
98 117
33 117
13 134
129 147
12 25
60 115
26 29
19 29
114 159
29 118
22 83
12 155
46 95
50 91
13 142
30 103
22 117
7 133
13 133
98 133
12 141
31 66
103 107
32 119
20 61
34 117
3 82
70 124
12 34
144 145
99 128
62 99
13 99
42 144
23 52
50 158
106 159
75 159
89 95
23 123
4 63
107 158
33 78
85 129
63 106
15 154
94 142
143 146
37 69
60 113
66 94
15 116
128 139
85 155
30 146
88 143
79 145
37 112
118 152
68 97
58 75
17 134
82 83
68 126
48 158
11 47
39 53
84 129
44 76
56 76
41 125
91 125
6 69
35 93
47 113
89 93
53 126
58 76
45 152
80 108
16 114
11 27
42 43
41 148
9 26
108 139
49 154
119 140
13 38
13 110
112 153
112 121
41 71
18 122
18 136
40 127
109 117
81 147
17 73
99 150
6 130
123 135
90 104
18 74
95 138
133 157
78 102
53 55
76 100
45 156
16 77
27 86
93 120
108 137
148 151
9 36
43 92
