56.916667
1
137
4
48973
85 300
171 313
251 392
92 101
8 270
81 453
135 438
31 96
72 466
28 297
194 279
131 279
279 401
279 346
279 399
285 460
96 173
130 307
67 285
130 476
25 65
65 236
173 240
173 438
130 331
65 238
65 243
29 130
65 355
319 414
354 414
283 414
9 414
202 270
202 373
202 300
11 334
311 334
67 334
329 334
162 377
118 377
181 394
99 394
64 377
258 377
149 394
69 394
164 273
226 273
273 466
209 273
166 266
193 219
179 219
145 316
266 280
219 267
219 369
147 266
23 455
92 138
223 265
263 368
362 392
138 472
362 475
263 326
191 230
191 481
265 433
265 431
235 355
78 84
265 288
104 289
116 255
84 111
255 376
255 444
88 190
259 362
76 88
79 274
362 411
263 303
39 79
138 183
79 254
138 343
88 295
84 425
176 191
3 167
82 345
82 247
15 140
82 108
82 126
63 150
63 162
63 275
50 244
3 68
3 317
15 446
3 180
15 361
182 413
104 413
379 413
90 454
17 465
134 383
325 333
390 467
337 499
366 387
416 465
126 467
463 467
22 340
241 454
32 333
218 366
117 366
249 465
154 340
340 499
261 337
46 383
231 454
233 333
34 337
171 492
277 492
56 492
248 484
57 248
221 248
320 347
159 342
2 342
342 430
278 320
200 320
39 214
262 282
70 282
216 442
26 442
133 282
326 442
156 434
184 384
293 468
203 338
153 393
0 287
480 496
24 443
360 386
83 443
315 348
206 314
141 341
193 341
239 474
1 458
470 478
358 406
86 388
437 447
107 447
232 482
309 360
100 384
101 287
115 314
139 474
144 339
119 388
372 482
59 384
128 496
246 434
72 360
19 447
388 433
215 474
461 478
404 406
250 478
168 482
297 338
125 339
341 417
324 393
424 468
10 338
25 315
188 434
97 443
66 312
94 312
330 468
93 315
18 312
436 496
13 458
74 406
287 335
105 339
53 135
53 448
27 53
257 471
38 257
49 257
151 409
224 323
242 445
87 319
87 225
45 350
52 120
294 299
281 426
5 228
294 344
281 421
217 429
5 272
45 473
217 306
52 149
58 62
62 160
211 242
62 185
224 243
409 477
5 387
224 395
36 217
87 367
45 343
294 357
242 291
52 198
409 410
351 450
271 418
418 479
145 351
415 439
23 415
226 418
286 415
205 253
336 351
178 451
35 85
48 264
152 187
55 169
178 321
48 60
55 381
123 460
129 204
129 493
43 121
48 237
43 408
178 397
43 449
129 296
152 222
123 407
123 327
110 488
110 378
110 192
172 199
21 71
35 399
152 452
21 33
172 494
172 422
35 464
55 356
21 157
313 428
194 428
428 456
29 109
61 80
310 487
174 353
103 197
308 385
109 205
109 251
75 208
124 308
112 174
113 189
7 75
371 440
403 491
165 298
44 308
382 403
20 163
102 155
98 197
398 498
54 114
54 349
80 352
77 113
6 403
359 389
8 54
30 75
41 252
298 402
220 371
175 301
213 371
252 423
412 462
301 497
196 310
113 244
197 317
155 207
163 427
170 359
186 252
298 329
201 398
91 155
136 301
137 412
81 310
16 412
142 359
143 276
143 485
31 143
268 453
161 177
177 318
177 475
268 380
11 432
9 420
299 483
430 483
386 420
1 322
173 202
4 498
227 238
396 401
234 331
14 184
38 227
133 396
88 173
285 374
202 289
130 465
316 435
88 435
37 279
15 266
202 320
63 374
63 289
235 333
84 454
255 383
130 469
214 435
375 455
316 375
79 342
195 285
65 245
285 363
158 377
173 292
360 374
316 486
266 391
106 219
62 435
214 467
253 455
50 496
414 489
191 486
89 362
79 495
37 138
265 469
132 289
148 455
48 289
15 158
50 217
210 316
50 332
122 394
89 366
248 441
255 459
89 340
106 337
256 455
84 146
155 374
197 235
310 374
263 305
35 50
123 127
40 82
235 328
413 459
127 412
127 252
3 305
127 328
406 441
146 467
229 282
375 490
89 304
260 314
478 495
443 495
122 454
5 441
51 465
174 214
158 365
419 482
47 393
40 312
47 447
400 434
95 409
242 486
212 391
42 365
302 442
12 52
302 338
73 468
245 458
284 474
53 73
95 490
292 384
43 158
110 469
178 229
129 260
281 419
260 428
332 457
371 391
80 95
37 398
87 284
391 403
75 229
106 308
51 339
47 55
172 400
40 152
21 419
260 405
191 370
263 269
148 419
163 400
47 405
364 400
195 364
359 363
210 301
290 333
