28.900000
1
112
604
41305
52 213
212 459
404 493
68 224
9 282
134 150
421 435
442 466
335 415
177 453
100 289
57 213
42 478
15 411
72 289
128 465
56 364
369 416
130 287
35 354
316 439
368 495
112 392
287 399
29 282
106 325
164 495
155 360
31 453
369 464
465 473
298 328
89 427
176 235
79 425
10 425
206 425
264 425
103 485
228 478
288 465
154 354
90 303
251 408
21 478
231 475
275 427
85 150
133 161
161 224
313 455
333 404
475 483
259 450
86 248
262 485
53 213
169 450
193 404
117 415
157 495
181 278
366 416
150 246
406 487
326 342
179 475
296 328
393 416
222 435
188 463
146 364
212 485
148 195
72 320
184 331
390 408
101 364
160 375
35 356
452 453
30 463
53 351
270 354
50 230
460 466
387 487
429 466
176 435
148 435
405 427
33 282
18 465
110 375
313 485
204 303
209 360
70 465
264 298
82 303
375 422
354 494
116 121
320 368
21 419
209 489
94 487
396 408
289 391
174 317
119 291
190 408
194 291
198 342
102 347
246 359
247 445
183 415
36 269
205 342
92 476
211 279
184 470
65 470
123 408
197 433
351 433
187 433
365 447
66 447
211 381
46 487
231 420
64 263
188 263
263 281
195 223
223 306
223 441
396 449
420 428
443 450
253 466
61 315
71 433
120 458
454 458
327 458
149 213
355 376
376 406
341 391
348 388
139 388
388 401
370 388
346 371
216 346
159 217
101 159
159 345
361 401
241 361
68 417
90 417
36 417
417 438
159 413
343 376
339 495
229 272
158 229
202 364
16 122
16 116
341 343
279 339
240 415
398 463
3 398
326 398
398 421
330 342
170 263
156 381
131 344
117 131
102 131
131 489
381 388
149 223
78 214
214 370
166 214
75 113
342 446
203 443
159 428
470 472
383 484
302 477
118 255
60 484
274 492
274 340
274 499
274 476
297 458
3 20
20 272
417 482
28 347
28 445
229 255
16 223
88 469
123 265
292 479
30 292
292 348
247 292
51 158
15 51
19 410
39 44
39 80
78 192
192 407
192 498
458 477
41 472
382 390
382 457
316 382
366 382
235 358
200 407
5 200
23 200
199 449
161 191
183 191
105 448
105 218
105 239
105 444
54 381
201 207
70 310
310 419
40 310
229 297
358 413
167 337
227 478
113 135
135 332
135 400
161 430
416 430
149 336
88 274
12 154
141 210
210 244
153 178
8 178
178 392
11 203
430 470
92 210
12 60
353 416
353 453
375 486
289 486
395 482
131 315
63 185
185 296
76 185
185 371
74 332
74 308
74 300
74 498
74 379
88 292
22 310
143 199
273 277
244 273
0 273
99 411
99 171
99 175
425 461
354 461
175 461
362 469
43 464
43 248
334 433
11 477
280 317
1 280
189 280
280 359
88 105
58 203
249 435
249 404
95 167
95 462
95 196
18 95
245 268
217 245
245 299
181 245
258 362
302 310
124 480
59 480
480 493
2 214
380 465
150 380
208 258
253 382
293 403
293 422
201 258
163 425
130 163
163 307
318 402
26 311
25 140
26 312
25 237
232 442
232 471
98 427
98 303
24 86
24 27
38 485
352 478
352 363
318 447
49 436
49 67
49 277
14 291
14 56
208 410
17 475
322 373
373 491
233 373
152 450
87 440
87 499
87 350
137 225
225 415
225 397
162 285
285 467
285 435
17 447
147 235
147 474
374 385
243 269
267 357
257 374
77 294
242 481
4 236
243 497
242 412
144 439
221 295
250 488
374 377
250 323
357 423
144 238
77 121
77 93
4 394
47 242
7 418
7 389
243 456
144 319
357 378
4 474
221 424
180 254
145 254
254 284
254 385
252 468
195 252
39 54
136 471
91 166
91 261
219 266
27 219
219 304
38 207
81 226
226 325
226 363
25 315
301 388
109 178
138 372
138 206
104 261
104 107
6 338
6 328
109 273
215 437
215 256
55 168
55 399
337 451
45 112
45 69
62 106
62 97
13 356
125 235
19 37
37 386
125 409
114 126
290 298
50 84
324 459
13 48
34 114
324 432
142 271
260 426
111 384
283 309
32 260
286 414
84 329
490 496
37 230
367 414
414 431
108 490
84 165
111 218
172 324
142 278
114 120
290 434
129 283
83 142
182 283
26 258
186 234
96 282
234 321
234 349
73 141
73 115
127 276
127 173
127 314
39 220
7 199
151 256
151 360
330 374
41 260
132 321
132 279
373 451
227 250
265 305
75 490
301 357
220 221
96 410
191 414
127 461
136 242
283 305
