25.990476
1
92
5261
55566
259 343
35 238
306 340
104 113
157 270
97 348
280 370
22 338
265 340
68 333
127 269
241 346
31 314
250 301
108 329
297 368
26 292
109 199
99 254
218 369
42 368
204 328
161 218
243 338
164 191
28 35
75 328
173 379
358 382
282 288
157 308
275 308
10 19
255 370
0 294
353 384
43 366
46 294
296 319
200 368
89 339
149 343
284 332
217 358
231 258
13 319
121 354
322 346
100 261
230 261
203 332
201 384
318 343
11 358
88 311
344 368
105 329
196 384
215 218
209 254
242 269
154 284
171 288
348 353
155 322
105 139
212 354
64 394
26 308
32 363
83 228
214 327
27 35
43 301
44 338
145 314
65 127
238 239
171 369
221 301
220 354
109 363
51 343
154 339
276 328
219 261
62 228
281 351
228 345
205 329
95 370
158 387
32 88
187 394
125 127
225 284
46 308
98 254
36 351
320 375
311 346
119 218
99 323
177 340
253 348
256 369
48 351
155 394
251 308
11 40
260 298
95 202
156 363
165 376
211 274
33 165
198 254
9 199
9 196
9 202
241 350
335 350
323 350
350 365
235 350
9 237
58 271
231 271
72 271
78 317
315 398
125 315
70 252
70 248
70 127
183 349
122 183
183 199
9 70
34 350
19 234
38 234
165 234
198 234
175 332
175 349
59 150
140 390
19 361
191 361
20 185
20 37
20 102
20 386
20 156
80 381
381 399
360 381
78 137
137 290
52 137
3 394
103 203
53 103
1 276
1 22
153 330
330 396
9 330
313 383
91 313
342 376
210 342
45 244
45 329
45 143
45 134
45 233
33 111
111 144
111 272
277 355
151 277
142 277
137 245
237 313
182 346
182 244
356 385
258 356
118 317
34 118
77 202
3 84
115 308
12 28
305 338
288 305
77 271
61 113
61 130
61 197
61 194
129 202
92 277
120 328
120 348
206 290
45 150
84 115
76 321
76 173
40 76
129 189
286 370
25 391
25 265
4 25
2 25
202 207
194 367
254 367
300 373
288 300
24 262
24 325
24 242
24 279
140 305
236 320
200 236
236 304
106 192
192 233
192 260
123 368
123 358
213 272
189 229
289 379
114 275
114 222
79 114
114 366
289 390
126 375
107 126
6 319
6 351
12 293
92 286
180 181
166 180
180 239
39 329
50 274
50 107
7 36
7 185
7 392
21 87
268 340
268 301
73 191
73 295
69 73
336 337
327 336
336 388
71 336
131 377
113 131
86 131
21 189
63 294
152 293
57 140
160 181
2 160
354 389
262 389
41 387
41 302
41 355
41 190
89 170
170 178
59 85
85 264
55 176
55 215
110 229
70 336
232 303
232 384
10 16
16 172
188 360
188 261
30 240
240 282
240 291
168 240
49 147
312 316
316 324
49 186
94 174
49 139
316 397
94 101
307 314
307 339
94 211
56 257
257 287
247 257
331 364
138 331
135 331
266 365
266 345
63 381
14 124
14 337
82 267
82 314
8 270
8 326
193 261
193 343
70 331
146 299
146 371
146 214
93 303
93 208
19 184
116 362
66 297
159 167
15 66
116 153
184 347
67 159
18 249
249 341
66 136
169 249
228 273
117 159
141 380
141 295
54 141
47 334
23 81
17 162
17 74
179 216
179 393
47 357
23 359
179 372
47 60
17 227
23 132
35 263
223 278
112 149
5 68
128 374
5 195
29 309
5 96
29 395
29 333
148 224
148 310
90 283
223 267
223 226
148 158
112 163
128 285
128 398
112 133
90 378
246 356
150 179
110 352
207 316
5 330
57 257
90 152
47 389
246 249
159 352
23 273
17 263
