35.504333
1
95
8
260380
10 44
3 46
199 233
8 291
113 232
138 166
172 249
176 323
78 195
30 265
78 265
117 265
140 197
15 197
3 85
139 231
50 231
155 231
31 231
255 336
275 279
135 279
55 336
19 279
10 336
57 251
12 251
216 251
113 115
158 182
112 293
116 182
99 115
288 309
66 309
15 214
234 240
166 240
45 196
192 250
49 196
176 250
23 240
175 196
7 243
316 345
202 310
274 345
1 243
36 283
111 283
106 283
144 286
220 345
34 334
259 264
203 349
39 310
79 334
237 264
146 286
29 243
190 264
130 286
253 349
247 334
229 310
263 349
135 330
216 330
249 330
55 65
14 65
27 304
83 328
25 262
169 262
162 219
290 328
74 219
118 343
124 222
223 241
210 241
97 343
9 222
44 273
46 273
164 306
86 306
131 306
4 227
104 299
4 299
53 285
27 285
155 183
45 167
173 245
33 148
84 180
43 73
76 307
122 307
171 258
8 258
12 156
35 132
90 174
143 326
103 268
24 178
24 62
85 184
197 266
85 208
82 194
60 77
181 206
38 51
18 58
13 56
48 137
48 305
48 119
251 291
160 242
26 142
6 123
63 142
41 123
37 242
0 128
87 128
293 300
293 333
115 248
182 252
145 293
119 309
89 92
67 215
67 195
67 268
24 136
65 152
273 332
299 312
285 295
183 257
191 338
208 239
180 185
245 327
148 254
245 281
148 323
180 340
68 307
307 339
258 308
24 306
174 256
132 311
157 276
174 200
132 315
157 303
204 326
136 330
42 67
180 197
214 262
65 114
42 65
24 272
264 304
24 161
193 197
58 314
2 282
51 225
20 68
58 284
94 149
2 103
77 121
94 172
2 348
206 230
20 70
94 159
77 235
28 98
51 80
206 212
28 207
56 221
239 250
48 174
48 317
5 42
88 336
142 170
123 289
128 269
242 287
17 136
115 193
182 246
21 196
92 232
92 318
157 214
67 294
198 337
198 319
110 267
95 177
187 226
95 126
110 151
59 344
59 324
187 199
47 145
47 270
47 211
22 107
105 153
105 277
133 217
105 236
81 108
81 329
133 271
64 93
81 186
22 69
127 201
133 138
101 109
91 100
127 301
101 191
64 213
75 296
64 238
75 331
22 297
101 244
75 280
91 209
91 321
328 338
262 347
52 265
167 227
218 309
179 231
85 134
85 165
65 224
88 219
48 168
17 343
73 147
54 115
272 299
279 302
16 182
52 293
71 204
125 250
228 240
326 342
228 283
11 286
54 310
205 334
73 193
179 349
129 214
21 72
278 294
105 136
127 136
294 326
156 322
32 241
188 243
218 227
42 242
133 214
218 285
72 193
278 322
132 346
231 341
325 330
205 306
120 345
32 292
16 222
154 343
5 150
188 227
150 292
299 335
110 304
163 273
187 328
214 341
101 304
20 261
205 245
168 307
88 320
61 219
21 51
77 294
96 239
222 260
194 313
167 189
56 346
198 294
141 261
21 95
123 193
88 128
132 302
40 322
95 298
127 246
11 320
102 241
61 313
28 125
58 228
125 142
91 218
11 75
22 54
120 206
59 134
120 189
64 163
81 120
