13.677662
3
71
1348
58831
44 70
184 318
174 289
13 153
222 261
128 130
54 331
253 335
50 117
297 332
252 315
62 164
188 229
62 176
63 336
88 306
259 272
95 322
44 253
0 167
116 332
74 237
61 139
64 207
163 182
158 182
177 318
236 242
75 151
75 288
75 79
75 140
94 264
51 293
226 293
9 231
126 231
28 242
96 164
308 332
174 242
23 128
151 191
245 304
47 253
16 139
208 279
206 261
127 131
232 267
270 322
41 306
251 345
26 128
286 323
176 237
93 131
123 191
267 326
204 207
167 280
117 182
67 304
19 318
256 281
8 237
289 316
20 214
19 26
16 28
109 331
218 267
100 167
41 308
55 253
22 289
32 207
229 287
194 198
96 328
303 331
25 34
1 131
66 336
250 323
239 345
84 196
61 334
29 336
38 301
163 238
184 266
56 304
277 313
30 313
238 307
130 284
145 266
134 145
119 145
169 323
276 279
276 330
82 276
257 276
12 82
18 291
68 291
48 327
224 327
37 327
255 301
252 255
208 255
35 183
12 35
310 332
14 264
195 343
55 343
337 344
77 154
39 154
99 336
182 220
74 220
30 189
189 246
38 152
186 228
235 291
50 110
110 215
86 110
258 261
75 258
159 254
197 324
164 241
53 253
21 177
333 343
224 329
139 329
231 329
305 344
17 235
258 343
190 322
125 320
191 320
4 327
241 310
285 336
285 306
149 160
89 154
76 135
135 218
135 277
106 135
132 280
132 231
271 278
153 271
148 314
275 304
275 293
172 275
142 332
83 135
110 233
162 270
243 248
145 200
102 119
102 345
75 102
24 106
24 321
137 207
111 137
159 233
129 198
129 254
13 129
247 343
329 343
91 145
5 91
200 291
35 148
170 290
143 170
45 170
35 135
161 272
75 161
160 247
170 295
39 133
133 294
37 133
90 299
90 231
219 307
219 321
4 209
118 195
73 118
162 310
182 260
260 304
122 345
122 337
65 322
65 339
58 284
58 315
136 261
107 290
83 179
21 197
58 312
247 273
65 248
27 259
27 228
162 230
63 319
229 319
319 349
53 171
227 338
338 339
263 299
211 263
87 340
34 87
89 170
249 309
94 302
84 302
302 311
302 314
199 311
59 199
223 255
60 72
37 342
35 249
11 75
137 243
87 186
98 166
166 185
166 347
175 289
175 331
14 72
244 323
244 331
115 172
115 265
114 166
104 240
104 111
20 104
53 166
31 178
31 147
31 125
40 334
40 217
144 317
144 221
25 144
52 204
52 213
5 113
113 296
113 346
181 337
69 181
181 202
7 147
7 108
124 192
124 317
121 269
121 257
15 242
15 97
3 49
49 188
49 216
33 43
33 157
33 173
212 262
212 306
156 282
156 262
2 60
80 193
193 213
193 210
237 268
183 187
187 256
150 165
150 203
201 298
201 309
168 201
81 194
81 180
42 155
57 214
42 294
57 225
164 274
131 274
10 348
10 46
10 78
71 146
28 71
85 234
36 120
36 64
101 112
205 283
205 337
6 337
112 300
138 205
6 103
105 112
85 120
92 325
33 190
141 330
141 341
92 223
11 292
2 150
10 268
112 292
