15.022616
1
39
3
1070163
89 107
15 53
51 79
12 57
13 18
43 77
75 80
13 138
65 138
10 138
18 139
64 111
110 111
61 139
44 139
43 116
105 116
79 116
26 59
45 69
2 69
65 71
78 138
75 133
107 133
108 136
1 123
31 136
53 136
57 123
28 133
58 123
2 39
35 98
33 46
15 39
19 119
16 119
76 106
11 119
81 109
82 98
89 120
26 98
12 106
51 120
47 106
38 46
70 111
34 94
7 49
73 124
3 113
4 113
14 49
62 94
118 124
69 128
69 88
32 114
32 126
32 86
66 100
71 127
59 90
59 63
24 48
52 55
60 103
9 72
109 117
100 109
39 131
64 67
49 87
94 95
124 125
113 121
71 137
20 29
17 99
20 23
27 83
20 37
17 42
17 97
8 92
27 54
27 80
68 74
8 85
48 77
48 93
55 91
55 122
103 135
103 130
72 134
68 102
8 84
72 101
68 132
0 21
42 67
21 78
66 138
56 70
111 115
71 115
32 96
66 69
96 136
30 115
113 115
25 59
25 66
22 116
68 96
22 32
6 71
25 129
40 123
98 104
50 106
50 119
41 120
40 46
30 50
41 124
41 94
49 104
6 112
6 20
50 55
8 104
6 103
5 27
5 72
36 129
