53.733333
1
114
12621
66584
94 331
4 71
135 256
149 172
184 370
279 292
42 248
171 292
236 370
153 210
126 301
389 394
70 155
62 341
145 292
23 391
144 334
38 332
40 325
71 372
251 329
84 381
74 155
289 301
3 385
59 372
226 331
43 231
37 353
139 193
7 331
40 353
26 394
218 256
37 236
56 394
107 329
82 353
130 248
201 248
8 346
84 164
125 301
47 164
153 172
1 172
216 271
122 155
131 329
161 231
105 385
193 256
137 164
14 231
316 334
304 367
120 334
76 372
36 111
9 237
103 385
206 370
45 308
300 308
270 308
8 293
293 324
4 293
74 202
202 343
202 375
64 202
159 190
50 159
93 159
38 175
175 259
28 175
139 225
225 230
119 225
174 204
138 302
302 365
0 302
57 332
66 95
173 348
66 192
154 173
25 117
173 276
15 57
57 112
57 306
173 257
35 66
196 380
66 142
372 380
214 313
9 214
92 214
79 224
224 378
20 224
221 262
262 311
134 141
223 262
22 141
141 273
141 227
217 340
298 340
340 379
61 340
41 166
166 258
23 166
359 361
93 359
304 359
197 359
99 369
326 369
366 369
36 88
88 189
88 272
252 306
148 252
252 309
147 325
147 238
111 147
277 395
277 328
277 368
108 288
18 287
110 353
104 237
104 295
18 25
13 106
78 95
13 216
78 303
78 336
18 243
13 174
108 367
69 146
69 127
69 391
278 331
104 398
108 285
81 266
44 261
163 322
124 250
89 91
58 165
199 275
24 162
155 321
80 246
87 232
10 283
102 114
118 244
260 371
176 220
90 102
266 307
116 118
54 124
44 241
58 374
321 370
2 24
124 132
80 281
136 260
163 265
32 80
10 143
266 315
10 196
102 157
65 163
199 342
176 187
91 396
232 383
232 351
260 345
118 297
91 240
31 58
73 176
19 44
195 199
24 60
27 394
27 164
63 346
169 381
169 305
63 271
169 255
63 310
160 301
231 291
51 329
292 377
152 172
179 211
235 323
85 140
386 399
33 338
128 170
97 247
21 203
180 212
207 242
86 263
203 280
109 212
222 338
167 349
314 350
123 203
242 327
338 382
83 170
211 333
12 140
233 350
268 318
253 386
247 286
296 318
263 354
29 323
48 242
349 387
140 182
170 284
318 384
344 349
158 247
364 386
323 392
350 360
254 263
212 299
30 211
245 341
245 358
210 245
62 282
282 290
282 330
6 98
98 134
98 229
183 308
249 334
75 151
49 219
75 388
178 317
49 269
16 77
5 373
49 67
188 208
46 168
16 53
75 96
39 228
178 337
248 356
129 150
39 68
46 177
129 347
188 191
46 72
39 357
5 352
5 335
16 121
188 198
129 156
178 355
385 397
55 217
55 194
239 276
239 267
55 320
113 256
239 274
183 293
262 308
183 224
183 319
141 204
302 369
34 183
110 159
175 390
88 204
133 225
160 202
141 277
66 390
57 133
52 214
52 340
117 181
294 302
124 204
117 163
118 380
363 380
215 319
185 262
152 173
100 204
291 369
252 278
110 339
339 393
166 186
188 380
117 178
49 117
249 262
359 376
13 362
11 104
18 209
34 152
181 390
209 215
11 199
58 209
266 362
169 393
205 339
133 200
52 363
51 69
101 362
51 264
101 264
63 294
27 80
339 356
52 338
263 264
278 350
133 212
11 386
211 362
170 264
323 393
115 294
232 377
91 152
294 349
129 390
39 110
75 393
46 209
108 213
11 312
102 186
17 44
17 176
16 321
213 260
24 397
100 377
200 234
115 397
242 376
203 356
17 140
247 356
213 318
17 312
5 113
