6.404762
1
20
1984
253371
73 85
42 88
20 71
14 26
43 97
34 48
31 64
3 57
86 88
78 81
19 81
62 97
49 57
64 80
31 43
61 82
0 57
52 81
6 85
69 97
71 82
45 79
61 88
14 64
77 79
79 95
23 71
26 92
7 60
10 77
10 42
18 47
47 99
10 18
55 64
55 85
38 65
65 90
65 89
65 72
11 33
11 34
11 83
11 84
16 86
63 88
63 81
57 94
71 94
25 35
35 84
11 99
51 96
51 89
48 51
58 81
58 97
39 44
44 90
70 85
70 93
5 10
22 24
22 66
1 93
1 53
21 60
21 28
21 40
4 41
4 30
4 36
2 17
2 24
37 56
37 68
17 37
27 68
27 40
67 98
9 75
8 88
7 70
50 59
29 74
32 46
13 50
15 29
32 54
50 76
12 32
29 87
5 91
10 67
10 32
9 16
4 91
29 91
8 50
