20.339286
1
72
7535
75131
92 234
113 185
84 251
240 244
127 212
167 262
93 261
114 182
195 222
78 166
28 264
178 244
16 177
211 222
75 218
93 218
92 166
147 221
125 244
24 88
6 240
203 222
234 267
135 168
60 253
94 254
56 187
54 227
60 218
223 241
123 168
87 215
42 185
104 297
64 104
130 219
22 274
82 215
19 115
251 283
194 253
20 182
259 269
43 188
36 253
0 281
160 177
6 185
72 166
1 252
227 272
237 252
253 257
160 264
130 251
53 182
30 227
76 252
261 264
20 231
219 267
38 264
158 221
12 262
11 281
82 104
31 212
19 104
136 177
119 245
189 262
45 279
18 244
47 182
9 212
153 154
96 241
48 241
122 281
97 138
138 157
5 138
136 138
97 106
249 260
117 249
51 249
89 283
89 138
110 165
152 165
168 271
209 271
32 133
50 133
120 175
106 120
164 172
47 238
201 238
238 288
191 296
191 279
191 239
202 253
202 249
166 273
176 189
186 244
186 251
182 294
233 271
234 270
177 216
33 34
17 213
17 94
17 159
262 293
239 293
151 167
246 263
57 222
149 207
207 252
128 207
128 289
289 295
29 195
29 185
100 116
52 260
53 208
27 99
62 190
27 49
62 265
27 299
62 182
8 62
27 115
144 231
71 144
42 118
61 118
118 285
118 287
118 164
23 103
40 256
256 269
199 256
133 263
144 165
210 254
210 291
184 210
123 156
156 218
99 102
102 116
21 102
102 258
55 191
81 108
108 155
108 196
221 255
226 255
88 255
241 282
168 282
23 62
10 162
10 197
10 64
77 206
77 225
77 154
10 119
172 208
90 276
17 238
191 270
214 278
74 289
17 214
74 100
111 165
112 249
112 124
49 112
2 298
134 184
34 176
63 109
56 63
86 205
45 150
150 171
39 150
247 284
247 272
129 278
264 266
221 266
55 66
129 298
180 212
180 265
2 242
27 59
148 223
148 163
86 134
59 256
243 293
143 236
85 187
85 236
228 263
161 284
161 277
79 161
70 164
70 230
70 179
101 149
101 275
68 101
121 141
141 268
141 226
139 243
63 273
205 228
98 245
98 274
44 98
90 151
131 153
131 145
4 131
91 164
142 174
25 204
91 220
91 292
107 140
107 200
67 198
25 215
25 37
69 297
3 286
217 227
142 193
14 142
67 192
69 181
46 280
69 235
3 83
46 88
46 137
15 276
15 250
77 242
58 248
58 87
35 65
65 80
108 111
232 290
26 126
105 126
73 232
126 132
173 246
173 188
169 281
13 43
13 183
170 224
7 170
41 146
41 229
41 95
161 293
133 169
107 270
3 207
52 67
142 156
170 294
151 232
65 139
126 217
41 217
