18.133333
1
45
15
171129
96 142
56 104
49 152
33 131
4 113
80 113
31 113
27 58
24 148
116 125
137 153
65 108
26 153
147 153
85 108
9 125
104 108
133 148
135 148
103 125
4 158
128 158
53 110
6 110
60 94
49 94
38 40
40 57
30 40
40 46
69 144
50 146
50 84
50 64
77 101
66 122
3 122
56 112
112 131
36 112
72 102
5 58
5 28
5 114
72 132
93 149
71 149
59 149
72 158
42 52
52 79
20 52
123 136
115 123
78 123
108 123
64 155
25 126
25 105
25 44
2 41
41 93
9 35
13 23
23 156
67 73
10 73
73 111
99 129
70 118
118 130
47 117
61 118
83 129
33 47
47 127
129 140
45 68
37 69
27 45
37 152
45 120
8 37
81 88
78 81
81 159
0 39
39 46
39 95
106 128
106 143
96 106
32 124
124 145
11 109
2 11
11 76
17 113
7 63
86 101
86 91
51 89
16 54
19 82
43 51
7 12
29 107
34 75
34 142
14 29
82 121
54 154
34 98
29 157
51 100
54 62
86 141
82 134
1 7
22 125
90 153
17 148
18 20
55 94
72 77
50 149
52 77
77 151
74 122
41 122
138 149
87 94
77 118
40 97
22 110
124 144
50 90
97 112
138 151
18 110
123 155
48 151
129 138
5 92
45 138
15 74
21 155
48 139
18 55
29 155
22 25
23 35
21 119
139 150
73 87
82 92
7 119
54 150
51 90
