29.671429
1
74
18
82338
232 274
149 181
25 211
136 211
4 211
183 274
162 274
19 227
3 94
84 175
23 227
145 227
26 81
35 45
128 239
99 166
62 235
22 252
139 232
113 227
30 105
25 236
64 273
115 195
35 195
151 195
184 201
20 201
160 201
51 277
234 277
166 277
128 134
70 134
26 134
112 258
258 290
94 258
74 159
74 272
18 74
32 263
29 74
55 279
279 280
279 298
239 279
45 286
259 286
34 202
288 297
92 182
62 237
38 237
237 257
148 237
111 148
41 270
235 270
43 241
124 241
241 254
249 263
177 249
215 249
154 218
218 221
129 218
154 209
223 230
187 230
83 179
125 299
47 299
247 299
64 169
169 219
268 283
39 93
93 173
15 207
85 93
93 294
15 186
100 243
38 100
271 296
228 271
251 271
124 271
191 225
19 225
60 225
225 264
13 23
30 63
63 110
63 247
63 193
180 226
145 180
165 180
50 214
16 99
157 196
149 157
57 157
137 217
137 261
137 242
22 194
194 224
174 195
189 265
65 189
161 189
170 199
95 289
1 170
120 289
65 170
53 170
44 289
121 202
121 138
107 121
8 83
8 87
3 8
55 130
130 293
66 130
17 253
17 96
12 81
17 273
12 198
12 210
67 196
103 106
106 284
106 236
82 133
82 92
152 205
7 152
152 214
32 270
32 218
78 222
78 97
78 197
153 288
119 153
153 206
104 275
29 104
104 255
98 126
69 76
31 176
118 190
42 164
131 291
31 178
49 238
69 278
28 84
0 240
131 156
59 203
118 285
49 135
24 282
69 77
59 256
131 200
49 108
24 40
28 79
59 229
98 192
28 91
42 114
24 231
0 86
118 244
98 281
42 52
31 88
0 61
80 105
155 213
71 155
123 295
80 181
167 267
9 123
143 185
48 123
90 155
33 167
5 167
102 143
73 80
54 143
142 252
142 163
72 142
89 144
144 175
144 208
34 182
14 201
27 227
27 211
21 116
37 269
6 287
37 250
36 139
132 274
37 268
36 146
6 58
6 39
21 246
2 21
36 260
34 209
179 286
212 222
15 279
34 299
109 279
172 277
32 245
67 277
134 140
32 194
134 168
13 270
93 283
147 257
147 151
168 258
271 283
158 299
150 297
11 63
127 297
109 117
121 297
157 169
266 283
46 220
220 248
11 266
137 283
32 69
101 237
74 171
75 233
68 74
31 34
0 34
216 262
101 233
24 297
143 297
12 262
14 249
127 204
171 270
122 230
130 289
50 82
204 276
212 230
122 225
36 262
141 245
10 189
28 174
141 170
289 292
56 157
188 276
101 131
42 101
10 167
118 188
155 292
49 68
59 132
56 98
56 123
21 122
188 220
