2.179838
3
41
9
340814
110 126
17 126
122 126
24 124
34 41
15 41
43 54
30 94
39 160
24 129
10 189
112 189
131 189
14 36
50 117
37 125
19 125
72 145
71 169
2 169
10 176
43 104
39 74
7 150
3 86
57 86
26 121
19 158
29 126
18 141
3 128
26 64
33 153
89 105
165 193
18 85
6 161
5 108
89 161
47 185
51 108
2 85
83 111
78 173
76 111
54 144
41 67
76 124
68 134
40 134
30 32
107 115
59 115
14 22
139 160
143 152
88 152
7 75
33 35
59 90
69 114
93 114
94 100
72 130
71 170
164 183
159 183
138 151
36 116
36 70
36 83
117 172
52 145
9 29
137 191
113 140
76 117
38 49
105 126
86 168
121 164
93 163
67 118
38 76
23 66
151 160
31 42
20 76
102 175
135 157
99 159
76 158
64 138
64 186
100 179
168 179
44 65
54 99
70 193
25 97
25 53
41 60
76 154
54 60
36 145
85 171
92 189
11 176
20 189
41 48
74 125
53 180
31 160
104 169
36 195
23 151
74 191
63 94
150 176
116 147
12 46
114 177
20 136
9 149
9 158
169 192
84 87
74 86
117 197
77 169
132 137
45 183
27 92
21 129
125 178
94 152
35 94
80 136
11 55
9 155
140 173
38 62
23 91
90 183
23 44
4 190
4 106
9 167
151 156
175 188
0 119
0 84
56 166
56 78
56 148
128 185
11 133
132 199
1 142
1 101
25 193
38 87
161 198
187 193
160 163
41 96
41 182
54 184
54 73
54 81
135 147
16 187
75 108
12 198
130 162
61 160
75 134
36 181
98 145
11 103
11 95
45 140
38 58
127 150
20 109
118 120
79 141
62 123
8 146
8 52
64 174
48 175
28 179
82 179
13 44
1 32
152 196
4 123
1 194
