41.536950
1
110
9
231585
2 185
10 101
37 38
265 391
136 391
70 260
85 260
228 260
171 315
2 315
325 359
159 359
197 359
95 242
135 242
184 242
331 385
11 385
104 385
156 280
129 378
245 308
147 393
102 255
261 333
180 258
123 329
194 311
70 109
306 384
311 353
269 353
156 353
245 382
185 382
329 345
27 345
201 382
163 345
38 299
294 299
88 365
135 182
49 301
28 365
14 296
219 310
41 182
105 182
16 352
30 396
284 296
117 212
222 396
173 212
303 310
237 296
270 301
211 352
274 365
393 396
172 301
199 352
155 379
22 379
37 83
85 281
180 196
42 196
154 386
12 386
300 305
111 305
27 204
129 304
89 304
195 387
361 387
64 387
122 193
101 193
291 391
146 313
261 313
102 144
76 177
10 177
183 241
143 241
56 69
71 82
151 315
60 262
242 275
242 257
197 249
7 110
60 110
201 234
289 385
44 229
48 131
188 394
347 395
273 342
86 320
13 356
344 384
263 384
227 278
96 148
190 354
95 217
161 210
162 298
84 166
133 244
145 224
99 224
134 278
40 170
169 298
5 330
139 354
176 192
32 166
94 293
328 330
62 192
251 293
35 170
43 244
36 210
51 148
44 130
57 149
17 81
98 165
55 61
72 87
124 164
93 142
238 314
200 276
3 108
299 390
90 212
229 345
23 324
23 123
229 296
83 264
83 369
8 75
113 377
100 308
167 287
100 230
77 289
167 375
8 74
77 218
8 363
77 213
113 160
21 207
21 90
100 344
21 91
21 309
100 109
167 236
212 319
301 319
260 267
297 386
304 339
65 220
119 394
119 127
65 232
119 255
65 286
125 396
193 342
307 391
100 319
68 299
59 359
307 315
83 322
313 332
130 243
0 13
0 205
44 158
125 322
44 59
267 385
144 214
177 187
241 317
54 106
54 209
53 208
82 128
82 312
53 378
69 256
54 116
69 216
239 395
239 362
239 333
132 291
44 120
58 382
292 385
318 353
33 130
47 292
130 137
103 398
46 174
24 73
97 337
103 290
1 152
1 181
46 86
46 280
97 376
103 371
24 168
1 80
24 295
97 358
241 319
110 364
119 387
67 263
153 297
68 340
232 279
229 248
26 319
242 254
292 310
69 167
131 225
131 147
179 365
198 310
192 202
330 334
148 157
224 283
217 273
244 316
210 252
170 191
278 326
293 357
217 235
298 343
354 372
166 360
233 352
113 399
18 373
23 259
19 140
19 258
58 193
249 379
4 47
108 327
87 115
20 370
276 368
165 367
314 389
20 355
165 226
61 92
276 346
81 175
20 188
29 79
52 121
29 335
4 272
4 194
81 266
164 341
164 397
15 253
149 250
87 138
61 374
112 321
25 277
31 231
15 288
31 320
25 118
31 221
78 203
78 356
108 271
142 348
39 347
52 206
39 45
314 392
112 350
142 246
39 302
63 66
149 268
63 178
126 384
198 379
83 132
8 249
196 259
63 229
130 336
53 340
21 233
23 240
67 113
262 386
182 282
305 366
150 299
119 307
97 204
204 351
247 322
0 189
65 349
77 381
125 192
125 330
0 338
114 125
8 285
167 285
82 144
78 281
25 322
87 322
53 141
65 336
383 388
254 386
33 215
33 186
239 318
223 305
249 388
68 223
50 399
54 380
107 144
158 244
34 388
148 267
293 399
137 314
54 150
224 366
59 276
108 399
59 164
170 179
114 179
18 153
15 262
103 282
9 247
24 150
1 6
81 179
215 323
112 234
9 166
52 279
278 336
210 285
6 50
29 380
298 323
6 354
107 165
34 149
126 142
61 323
