11.700000
1
36
32837
157079
2 145
8 44
29 155
126 146
36 138
83 157
10 70
73 88
44 147
45 146
19 88
27 103
64 132
4 136
34 67
105 135
18 90
32 108
15 83
29 67
18 108
40 66
90 150
78 154
136 154
147 154
122 156
92 116
130 149
113 155
44 125
96 117
82 88
61 145
35 78
52 85
86 158
98 117
67 137
46 67
56 116
70 159
5 78
73 130
82 137
76 78
106 134
108 121
60 67
4 30
103 140
27 91
10 63
99 105
15 56
93 131
14 85
12 56
43 157
119 136
9 35
107 117
42 85
36 103
75 141
84 141
95 130
41 145
34 105
148 155
50 70
79 130
89 150
31 85
142 150
30 130
64 122
5 103
53 136
59 122
129 135
129 134
120 129
62 129
40 68
68 80
68 106
51 149
72 154
80 110
110 150
115 156
108 109
85 109
42 47
47 132
47 87
56 118
105 118
77 91
74 151
138 151
104 146
84 104
38 77
122 144
141 144
55 67
48 51
70 114
103 114
24 112
24 122
24 111
24 101
100 112
13 94
13 92
23 63
23 69
23 25
20 23
3 13
13 37
30 49
49 145
58 158
58 138
58 127
58 133
7 117
7 146
1 154
1 21
26 100
65 102
6 65
28 149
28 152
16 43
54 139
16 131
54 93
28 143
54 123
16 128
65 115
22 149
11 22
39 57
0 57
57 124
22 81
33 107
33 71
17 71
17 153
97 129
57 97
