38.814286
1
109
13102
51352
102 426
294 400
119 374
229 341
320 448
52 329
54 392
362 420
6 411
36 404
63 326
421 436
112 401
369 398
154 396
345 426
212 227
375 422
158 439
353 430
344 386
125 341
153 318
12 405
380 410
15 26
425 439
323 437
108 434
200 402
99 365
213 326
55 135
76 300
377 422
139 431
362 368
88 152
5 149
385 434
23 449
311 437
79 270
192 387
245 424
229 264
239 405
32 355
148 408
214 402
234 316
196 246
47 180
390 411
62 392
145 397
121 392
64 355
186 438
100 413
32 282
22 424
150 227
79 401
173 386
346 374
57 341
255 368
164 424
110 325
86 439
160 402
325 430
246 287
308 329
85 396
252 333
136 388
252 300
327 333
24 400
334 418
208 431
242 411
14 160
333 397
141 227
127 246
17 398
371 435
107 282
256 413
55 424
152 387
219 365
153 437
70 175
72 434
53 431
317 409
389 422
238 300
4 408
293 401
9 435
271 386
334 398
5 320
149 152
180 426
92 405
318 422
304 404
213 441
261 427
23 435
202 357
342 357
282 366
260 408
52 410
11 368
171 436
241 379
240 325
40 397
189 233
187 320
429 436
267 413
21 127
78 228
228 322
228 442
3 228
17 228
41 228
228 382
83 332
87 332
332 388
365 440
241 286
230 286
95 286
0 56
56 380
191 315
234 315
147 315
340 348
326 348
206 315
417 435
280 405
33 357
197 361
197 408
33 333
197 386
100 197
81 224
224 444
26 224
163 404
407 410
282 407
109 228
209 407
216 350
350 378
267 350
39 350
254 436
37 254
321 337
1 321
316 321
321 419
285 321
343 367
34 242
338 396
286 423
223 422
156 418
156 168
61 156
156 192
20 140
102 140
140 449
29 140
77 185
77 291
77 89
90 203
203 238
203 442
64 203
170 250
134 199
14 170
50 134
134 351
170 296
170 247
126 140
258 265
265 394
265 421
257 265
123 265
25 204
25 370
25 46
194 202
19 120
18 19
19 391
224 315
103 211
103 414
15 103
205 449
205 375
67 325
67 300
43 97
13 38
43 166
43 232
13 360
13 215
49 58
58 176
58 136
105 410
8 105
105 400
403 417
24 183
183 277
301 403
34 56
314 355
30 354
30 269
144 294
144 244
133 144
30 251
395 400
280 350
152 432
143 398
143 437
134 359
126 336
3 80
80 297
80 363
155 405
155 365
67 273
93 389
93 337
93 135
27 426
27 171
2 191
113 436
305 415
233 305
65 305
84 338
122 396
197 321
218 366
243 263
129 288
91 129
129 186
218 431
399 401
341 399
243 272
165 392
218 246
221 243
299 402
122 339
159 209
159 339
190 370
151 285
190 206
283 372
47 283
264 283
283 349
179 367
179 379
174 236
114 313
174 253
114 412
114 278
174 262
179 274
114 258
111 327
31 175
142 447
35 250
142 409
373 411
75 142
69 161
69 292
373 434
331 439
181 237
31 73
177 225
31 68
181 245
111 117
35 358
69 278
177 312
111 231
35 118
181 235
177 317
129 428
217 261
217 270
169 344
169 284
314 359
21 305
198 336
198 220
248 328
248 316
151 428
30 266
266 395
42 184
42 446
42 279
28 301
98 249
78 98
98 290
165 332
13 109
82 220
194 423
193 404
193 397
94 416
94 374
289 361
48 289
289 364
130 188
188 416
188 284
82 259
383 401
326 383
165 286
170 254
19 163
74 441
74 381
43 407
201 376
302 324
276 295
128 207
116 341
352 356
71 124
59 302
51 207
376 443
306 349
71 96
310 347
131 276
37 71
330 433
298 352
207 226
268 330
222 310
306 319
7 310
162 302
132 276
157 330
178 376
45 168
45 210
101 357
101 279
172 227
172 357
167 393
18 167
167 406
303 413
303 368
60 445
44 335
10 146
44 115
60 137
10 70
44 104
66 275
10 384
66 182
60 281
66 106
309 348
138 259
174 254
2 77
138 243
142 343
16 195
16 420
10 33
28 331
223 302
25 307
352 432
309 310
207 399
44 309
60 299
330 373
66 331
116 376
276 307
