14.602446
1
46
9
477104
84 147
41 147
117 130
29 142
114 142
41 142
7 175
26 61
22 57
95 133
132 165
139 165
16 165
108 171
91 137
152 162
109 137
80 171
131 171
119 137
46 162
64 162
88 105
28 105
0 87
9 87
69 89
68 106
79 106
112 158
102 158
90 158
25 104
35 164
123 128
47 122
13 122
35 36
72 77
61 77
9 48
124 130
147 167
38 130
78 159
45 148
54 121
52 82
57 81
43 110
7 12
103 110
18 71
65 71
59 99
155 161
4 118
20 63
1 23
31 133
6 129
98 168
98 163
6 31
70 161
105 148
96 100
24 154
24 75
24 38
161 162
89 178
53 89
106 175
74 104
8 147
100 128
128 146
70 169
77 121
8 66
8 21
8 143
15 34
15 78
15 135
165 169
115 142
158 161
127 145
60 179
57 126
128 161
87 96
37 144
37 92
33 54
33 111
48 133
11 83
107 147
93 120
44 127
115 133
62 70
24 158
3 130
27 53
36 96
110 157
12 172
71 76
12 155
57 120
24 39
70 97
6 113
5 93
2 174
23 149
118 160
63 134
5 40
19 73
23 170
5 159
63 166
19 176
118 156
2 26
49 70
42 57
32 141
32 45
145 169
10 177
10 11
14 39
30 89
83 98
14 150
19 57
77 126
107 171
87 120
27 98
104 138
15 58
39 60
55 137
55 98
6 55
3 105
99 169
71 96
126 151
6 67
17 124
83 122
85 104
106 140
39 86
44 50
85 122
37 125
118 164
56 145
51 145
37 49
110 115
51 116
27 173
24 94
82 136
86 153
101 120
82 101
49 63
23 140
