58.410765
1
134
9
204673
133 155
8 35
114 324
55 430
233 430
209 430
334 430
142 244
13 244
133 244
6 423
107 423
128 423
16 376
211 376
164 376
114 427
3 427
284 427
273 340
222 340
49 326
45 406
68 326
408 441
324 326
291 406
396 441
51 406
143 441
150 344
211 280
74 319
107 134
106 135
408 421
121 413
86 320
23 229
240 279
29 210
281 439
170 287
206 210
160 320
141 377
84 377
438 439
33 400
269 287
346 400
77 229
246 279
9 279
34 287
243 377
236 413
55 229
44 210
72 320
179 400
325 413
39 282
132 249
165 282
18 259
155 259
17 329
14 329
60 82
207 309
161 204
184 204
158 348
206 265
207 317
27 317
291 323
74 169
314 323
104 323
128 169
41 169
8 26
135 257
62 117
11 355
343 355
234 313
283 313
175 238
69 111
396 435
162 365
270 365
17 271
11 196
70 239
35 335
216 335
40 180
150 180
212 387
20 387
127 302
203 302
224 336
146 414
88 414
28 288
79 261
144 296
39 172
95 260
315 316
364 409
152 197
147 181
248 264
195 205
235 336
218 264
285 402
200 221
109 353
242 353
178 316
94 296
187 307
123 402
48 205
83 221
220 409
46 100
4 100
113 288
105 181
81 197
182 307
15 260
54 261
91 116
0 245
56 115
140 163
5 188
22 64
89 277
65 230
7 310
73 258
50 168
256 268
112 148
125 154
25 129
303 340
99 241
232 398
177 254
339 439
249 380
282 379
122 249
249 362
259 422
259 303
82 157
329 393
82 319
120 202
306 430
204 280
348 415
202 348
317 433
169 189
323 390
199 376
257 262
257 275
26 167
26 61
117 278
199 427
355 411
238 392
253 339
71 420
137 263
71 293
71 386
137 294
137 214
196 208
239 250
196 399
196 421
239 276
12 92
12 122
12 215
229 447
335 337
373 423
227 282
180 418
82 435
265 440
38 244
2 177
103 173
57 118
119 301
37 97
75 359
24 407
96 385
87 428
21 395
96 124
103 290
119 394
47 401
101 360
10 93
57 63
103 404
78 449
24 445
101 274
87 223
96 437
59 131
75 136
21 139
59 432
36 66
59 106
2 53
47 286
2 43
78 369
78 311
37 247
98 237
36 198
75 403
10 67
57 174
32 159
98 272
21 255
37 110
32 350
24 52
10 382
47 90
101 225
87 405
32 252
98 304
119 384
36 426
58 287
31 413
302 398
30 326
210 299
145 249
253 309
316 318
353 361
221 308
197 226
307 371
260 381
181 185
402 448
100 149
336 419
264 345
414 417
172 289
288 367
261 354
296 352
409 412
172 383
130 375
130 134
279 373
82 357
120 145
58 120
257 341
370 441
183 309
64 108
277 446
258 388
268 328
188 327
168 267
148 191
154 194
64 193
245 410
258 416
148 389
115 138
115 305
168 192
268 347
277 332
163 321
188 331
154 431
163 444
310 372
230 443
310 349
245 295
116 436
230 378
116 251
333 400
129 424
363 406
266 340
241 292
320 429
153 232
1 351
1 344
1 19
80 213
80 166
153 397
80 254
153 156
228 439
228 377
201 259
201 329
111 169
306 440
282 425
111 341
300 323
85 120
26 442
117 374
329 425
239 313
358 440
373 440
231 309
271 442
309 312
120 368
137 447
341 356
42 313
117 338
180 227
111 387
217 253
322 440
126 151
32 126
126 302
151 227
31 271
101 199
21 447
253 356
296 341
183 300
183 199
322 348
10 42
357 365
85 271
78 219
171 447
24 306
36 306
57 190
31 37
71 298
103 299
183 219
261 300
353 442
100 442
288 374
264 374
42 342
238 333
126 258
168 227
148 300
299 342
241 435
253 330
238 391
126 434
71 322
231 374
12 76
186 335
137 391
58 402
297 409
145 316
297 414
190 221
205 366
119 201
277 297
58 116
31 268
145 230
154 190
2 429
30 245
231 297
47 102
87 368
190 330
76 98
75 76
38 96
80 299
307 370
181 370
129 298
186 197
260 363
205 266
102 336
176 313
64 333
310 368
188 363
115 322
163 266
1 102
