1.563040
31
18
47916
154743
87 110
76 81
30 92
80 110
17 40
34 109
6 42
74 80
58 64
71 86
14 109
0 110
22 66
53 66
87 114
52 114
19 110
83 109
56 114
54 66
83 117
6 112
64 108
45 47
38 70
70 114
28 72
58 90
90 93
23 43
42 119
2 76
28 114
60 102
81 102
78 102
31 102
17 102
19 29
40 94
56 102
108 112
9 91
52 62
15 43
9 116
74 116
47 116
42 116
8 53
10 48
92 96
96 106
34 96
26 31
77 109
38 77
94 111
72 100
10 100
29 82
20 48
95 107
66 95
8 112
11 20
24 69
14 69
15 101
25 59
25 114
15 37
101 116
37 44
5 107
3 91
4 26
55 113
50 105
7 105
50 118
59 118
73 79
112 115
35 97
3 113
1 68
1 54
9 46
46 75
4 35
36 98
16 36
36 55
13 39
39 85
18 99
18 75
73 115
37 39
57 79
57 61
63 89
63 64
33 97
27 98
33 84
33 104
27 71
27 32
30 65
65 103
41 51
41 103
12 86
12 49
21 67
21 88
21 111
