27.511905
1
82
42053
66970
232 340
8 24
211 325
217 328
57 303
211 283
117 255
98 326
244 268
118 209
133 239
254 315
199 291
70 302
160 328
165 243
156 287
106 320
117 337
214 231
192 327
44 349
40 284
272 312
192 282
229 336
97 299
36 144
22 24
34 300
103 239
270 287
99 349
273 299
67 327
131 287
26 176
56 193
28 134
30 311
156 272
61 253
58 186
141 300
188 193
290 327
124 311
74 243
1 332
12 75
291 346
234 281
178 193
52 340
254 282
168 336
125 312
66 268
155 340
182 328
268 289
44 132
241 337
260 336
107 177
38 341
98 186
293 332
300 322
95 341
21 328
1 132
279 311
32 312
118 332
115 337
34 40
42 68
265 327
111 346
170 333
71 106
176 246
126 135
144 243
91 341
27 106
75 239
206 251
123 310
238 282
186 298
64 327
175 253
281 299
191 253
28 251
80 176
73 195
195 284
112 195
205 259
259 302
48 259
4 286
233 331
82 331
16 331
23 138
137 138
18 245
222 245
245 264
240 323
296 323
108 329
329 337
329 332
61 338
51 338
135 338
200 338
236 281
200 236
277 312
257 313
47 313
311 313
167 331
236 271
66 69
25 69
69 145
69 190
114 342
194 342
37 277
9 329
277 339
169 212
212 240
223 344
94 344
5 48
5 220
5 267
5 108
17 138
138 277
157 236
80 249
76 233
76 195
65 344
147 331
162 259
85 313
261 323
149 268
236 314
120 208
29 120
120 264
120 204
323 344
24 228
215 251
81 221
63 212
24 113
113 325
235 346
294 311
294 300
253 306
142 147
86 296
86 92
57 86
261 342
122 346
162 236
249 338
276 329
53 279
12 53
53 59
49 67
49 204
171 327
171 176
149 167
235 339
31 184
129 164
31 286
104 129
129 274
31 123
63 276
41 321
6 201
6 72
41 226
41 347
6 19
37 78
33 316
228 329
2 322
2 126
122 271
227 349
159 209
159 326
68 172
172 252
90 172
172 316
102 186
102 106
154 299
136 220
4 53
215 338
71 202
0 202
193 297
128 190
140 251
130 304
121 130
130 177
185 340
36 179
179 335
179 301
179 292
243 258
107 110
110 183
60 110
14 92
14 328
33 157
146 345
8 146
146 153
41 85
20 280
213 280
280 309
13 247
13 257
3 13
9 139
6 69
84 252
39 100
216 307
83 170
116 150
84 203
216 333
116 255
39 173
84 87
224 318
148 341
224 319
46 55
39 134
83 242
46 335
46 305
116 198
216 288
43 83
7 105
7 70
142 185
50 314
215 221
96 239
96 214
161 248
161 199
218 334
174 262
262 295
180 282
151 161
45 119
119 181
35 89
79 262
207 275
89 309
54 119
77 218
93 218
275 330
210 275
89 109
62 81
62 225
11 163
11 42
148 245
197 237
237 303
237 317
5 297
166 336
127 266
127 189
219 348
10 152
88 256
10 15
127 269
88 343
143 196
88 158
143 263
143 187
10 278
219 308
219 285
140 230
230 258
88 329
5 250
119 277
129 227
110 324
224 249
130 235
280 324
166 221
101 221
50 83
218 297
139 143
250 262
10 250
127 148
180 275
101 219
