9.891246
3
37
7576
125609
37 106
24 169
19 165
78 113
12 31
16 33
64 86
18 113
45 167
103 156
59 165
57 113
97 175
58 135
63 159
67 175
127 165
69 177
5 33
18 173
31 135
117 135
107 175
23 26
26 130
27 173
12 166
166 170
61 150
120 150
59 150
0 89
53 89
9 160
64 160
99 160
83 160
93 160
43 175
51 108
151 160
52 108
134 153
54 89
8 122
89 108
14 86
14 179
14 114
14 146
168 178
40 178
46 67
79 147
147 154
69 147
93 115
13 153
51 163
23 163
163 173
4 123
113 142
135 142
44 152
60 152
152 161
0 152
68 155
29 158
7 14
80 153
54 118
14 43
140 169
109 130
30 109
109 114
82 109
33 94
46 80
100 155
100 175
62 66
33 50
122 129
129 156
4 131
93 101
119 164
48 145
112 119
119 159
119 144
48 133
10 48
94 150
7 140
36 74
118 172
101 150
73 177
73 81
73 110
73 124
8 91
129 131
101 131
77 162
77 103
147 178
74 152
76 165
76 171
25 158
20 25
25 123
3 98
3 136
3 139
24 47
47 56
47 144
52 102
65 129
73 151
72 120
72 167
72 92
15 72
32 56
32 55
11 32
137 141
34 137
28 137
36 70
95 148
2 95
22 143
95 104
22 106
22 126
22 93
37 125
125 176
41 171
41 85
50 71
62 172
3 65
128 138
90 128
35 168
35 42
75 96
1 87
132 149
39 157
6 38
75 99
17 111
87 174
39 81
17 110
88 121
21 39
132 179
116 132
26 87
49 84
49 63
27 88
29 48
70 137
6 71
91 128
105 178
95 105
