26.097640
1
115
9
12759
63 225
15 56
132 194
65 282
1 265
138 177
10 177
372 417
331 399
321 417
287 417
362 399
119 399
121 443
56 94
264 298
292 298
149 298
76 426
269 426
263 464
103 372
262 466
25 323
208 261
115 493
203 331
65 320
105 320
101 320
345 431
206 431
170 431
74 468
285 475
239 475
36 468
349 468
113 475
0 99
262 438
174 438
321 438
263 471
212 471
127 471
75 277
233 277
117 277
244 495
154 495
116 267
132 267
11 316
240 316
37 316
454 476
141 476
407 476
260 385
194 385
42 385
435 467
221 467
25 388
172 388
29 388
168 390
115 455
261 455
250 455
134 380
1 380
106 248
147 248
137 248
282 430
151 430
311 430
58 424
26 440
362 469
48 202
106 202
9 444
278 444
61 204
171 204
308 344
5 387
15 387
8 128
62 377
213 228
17 47
268 415
397 415
265 456
205 456
117 288
155 450
141 253
139 328
177 190
108 177
2 347
443 485
280 441
0 123
155 198
178 399
366 417
19 296
266 296
82 255
243 439
51 439
225 398
222 255
77 111
231 254
77 254
54 337
92 409
11 98
17 401
94 341
94 181
73 83
373 381
37 247
135 200
34 199
139 199
2 270
92 126
63 120
96 393
152 393
305 495
76 97
95 97
36 39
310 426
395 438
368 458
252 429
169 414
133 160
370 492
404 425
363 494
304 359
157 312
234 499
299 394
34 313
6 183
94 267
156 431
99 166
33 299
33 358
33 189
78 104
44 485
48 79
57 399
57 443
44 284
44 162
44 289
190 467
30 443
9 45
90 390
32 109
177 215
248 363
327 443
433 443
289 339
422 440
69 440
437 469
197 476
211 497
107 405
333 365
31 365
67 317
238 405
192 360
314 317
49 86
121 275
163 360
257 417
207 219
81 223
99 469
94 215
196 460
196 470
12 391
196 492
12 16
344 479
118 179
14 122
14 348
118 370
118 234
387 473
128 252
128 306
78 457
30 426
279 377
191 377
228 351
228 297
165 177
126 177
298 309
47 87
456 466
4 394
180 462
341 462
230 254
216 366
216 218
216 420
216 310
235 443
229 433
43 410
85 249
319 441
85 211
43 108
123 180
28 60
123 191
28 214
85 156
281 478
43 169
150 438
23 182
23 279
198 499
23 160
173 274
198 371
173 386
421 485
100 204
130 329
94 352
388 430
408 434
398 464
196 197
14 100
455 469
30 78
162 302
302 375
13 485
44 484
247 423
247 383
131 224
131 236
316 347
197 433
33 161
100 198
33 356
193 482
193 208
361 388
199 227
199 465
87 200
200 414
150 390
126 326
120 133
120 336
270 294
270 281
393 425
78 445
361 380
39 382
39 315
44 161
66 276
21 140
66 153
66 184
21 488
99 463
298 451
80 197
100 301
7 90
298 335
248 253
475 483
186 229
183 477
313 404
186 446
189 313
44 112
334 467
271 467
79 305
232 459
232 448
232 368
210 485
202 288
78 226
111 411
390 474
118 293
99 451
40 458
57 228
402 430
177 489
27 440
357 471
433 444
12 328
3 157
3 408
3 304
44 258
12 259
45 230
72 450
12 27
57 173
85 128
175 395
293 400
98 424
46 497
72 441
125 427
50 453
125 188
50 318
125 273
50 71
257 322
94 342
176 241
118 164
253 296
4 143
112 176
176 255
4 340
175 376
344 396
400 478
28 271
235 497
367 485
378 469
424 449
296 434
145 377
241 436
275 403
275 480
35 237
405 442
360 369
246 251
140 142
86 496
110 178
86 203
142 428
246 493
284 286
110 432
142 419
317 338
220 353
332 421
158 437
55 422
272 319
102 130
255 490
4 498
88 356
129 195
18 330
84 406
84 312
24 494
70 136
20 412
219 487
114 159
219 307
223 256
20 283
84 343
20 103
24 447
70 359
223 413
129 185
148 431
483 484
148 468
124 452
344 472
99 201
85 418
325 377
198 346
146 400
277 389
286 290
40 322
64 69
165 329
21 478
197 317
59 380
97 291
337 374
337 418
100 114
183 271
66 254
146 392
53 245
325 439
385 461
83 374
344 379
286 384
131 392
80 245
416 424
52 78
38 439
97 303
47 379
21 144
57 109
381 472
187 339
405 469
324 392
41 444
18 497
415 416
220 462
216 364
22 478
70 209
43 68
350 441
35 356
217 329
223 478
27 219
41 91
129 332
59 354
124 167
124 402
93 173
109 481
217 486
145 300
89 209
22 295
313 355
324 365
324 491
50 364
125 201
360 389
242 365
