2.537362
20
29
12060
109526
164 171
32 127
110 114
43 114
6 32
72 124
124 142
95 126
119 162
32 87
36 153
61 67
68 118
144 175
4 176
17 163
49 54
133 159
97 175
1 113
125 150
54 150
104 150
147 150
113 174
127 177
42 113
24 114
35 49
24 162
35 71
17 35
98 143
39 175
72 173
10 177
66 176
32 124
44 159
66 132
53 163
81 134
101 151
86 118
128 134
26 152
65 71
146 159
76 140
117 162
1 49
138 159
36 151
0 173
23 79
68 141
145 163
136 167
25 163
5 164
8 134
117 151
129 145
35 168
151 168
166 169
147 169
80 137
80 124
51 147
51 128
51 142
56 94
88 178
18 178
0 178
64 114
122 163
41 51
34 89
34 113
34 78
85 119
85 152
116 159
116 177
113 170
123 129
63 82
63 150
3 134
50 97
87 111
112 135
124 160
62 124
19 163
125 135
22 62
56 170
157 178
78 139
41 148
158 173
115 158
5 121
121 154
37 75
37 175
77 103
8 103
105 157
70 174
61 70
70 107
50 122
48 79
25 48
40 161
40 173
2 156
2 23
75 109
109 120
26 47
47 171
10 58
29 45
45 89
9 82
9 126
94 108
84 165
29 84
84 106
91 104
91 167
13 136
13 143
11 153
11 102
27 97
27 28
27 86
10 30
30 179
74 92
92 172
92 166
46 106
46 176
14 93
14 176
55 177
55 131
21 88
21 90
20 96
16 114
20 77
16 83
7 124
10 57
15 100
10 69
97 100
12 69
73 140
52 59
38 99
57 60
52 67
69 155
31 73
100 130
7 149
38 132
33 70
33 73
