15.276646
1
67
6
246409
55 194
77 107
134 197
70 272
51 271
142 255
103 237
57 245
91 138
7 193
43 48
15 104
97 104
107 251
11 129
97 105
19 105
10 72
114 277
162 226
90 238
241 293
71 116
216 295
221 295
233 295
48 206
77 160
237 296
233 296
135 296
67 111
139 270
3 111
37 111
62 156
29 156
16 240
147 240
134 240
6 192
19 192
153 192
137 143
9 95
0 95
94 229
47 50
138 280
125 252
204 243
204 266
247 251
32 208
10 208
71 158
21 91
21 33
104 150
21 42
248 251
205 225
57 180
9 276
61 225
34 115
86 115
27 225
51 219
88 180
7 219
40 169
108 295
76 136
80 136
55 171
255 291
129 288
66 103
129 262
66 112
89 93
69 93
60 189
127 189
109 213
194 253
45 267
45 236
78 105
141 268
150 270
227 270
70 148
128 156
75 132
124 132
53 224
12 21
152 240
8 39
31 198
63 198
25 128
192 286
143 163
120 175
120 256
48 240
118 229
229 238
28 220
28 186
28 277
50 85
41 172
41 209
50 145
250 280
12 129
206 252
123 170
123 168
58 78
58 90
58 241
204 274
59 215
53 144
3 20
119 122
0 87
84 140
74 196
81 83
43 165
98 196
48 208
36 273
164 223
24 214
113 176
68 133
104 188
48 96
115 142
219 222
276 293
180 197
204 261
171 249
171 248
41 204
129 235
12 229
93 207
79 228
79 184
79 152
56 245
56 99
12 146
129 268
66 268
25 104
218 270
231 253
253 290
105 287
45 295
48 253
116 298
12 177
72 296
50 66
116 183
132 278
236 297
145 212
116 132
120 274
173 250
123 218
41 235
100 289
100 201
100 101
21 130
58 275
208 242
122 141
42 65
140 271
144 178
140 279
20 114
65 75
65 190
87 264
165 265
196 246
83 226
215 234
165 239
20 283
191 218
223 263
102 110
110 157
110 179
273 292
23 131
23 210
1 162
1 149
1 193
18 272
18 227
23 124
22 259
133 260
176 257
133 284
223 232
18 181
214 230
214 294
176 285
204 224
28 146
182 192
143 182
213 218
291 298
82 268
143 281
45 64
92 299
72 217
148 282
156 202
46 231
52 118
111 187
48 54
38 108
106 188
169 182
182 219
93 229
4 93
96 151
4 161
87 254
39 258
35 177
158 225
35 44
166 204
22 218
17 102
12 195
92 281
30 41
160 199
22 211
273 299
4 100
14 21
104 244
5 280
95 196
73 218
25 133
82 269
95 110
4 214
159 251
45 117
200 211
155 275
30 136
2 136
49 160
121 270
64 198
159 258
13 28
4 154
26 189
26 217
123 174
122 126
106 215
136 185
5 176
126 167
199 223
198 203
