28.764846
1
77
6
307484
22 164
133 184
47 264
98 131
54 145
12 84
22 72
43 72
49 65
200 272
206 291
124 212
74 172
58 286
164 172
14 286
136 226
53 172
143 172
187 286
193 231
44 231
41 288
47 288
120 265
19 265
150 265
3 40
52 215
5 215
182 273
87 273
138 296
156 296
184 296
4 6
222 237
16 237
84 96
84 139
84 112
45 259
133 259
72 285
65 163
65 290
72 173
65 205
72 168
38 135
125 135
158 236
179 292
118 263
145 157
123 263
70 266
250 266
48 102
105 284
221 283
68 261
180 292
32 236
17 157
75 283
255 284
115 266
137 261
11 263
25 292
69 284
229 236
111 261
12 36
217 276
19 36
98 276
178 213
168 226
267 286
189 226
46 208
46 59
46 248
46 119
46 260
140 231
119 288
30 57
40 63
71 116
71 101
30 243
59 215
163 273
143 202
21 202
187 245
150 214
178 207
7 122
117 122
31 170
39 114
39 85
6 297
6 219
90 237
91 257
159 174
204 251
9 218
13 81
1 171
35 81
42 174
64 154
18 99
106 251
51 257
82 218
56 73
84 298
142 144
43 153
27 277
15 78
27 134
15 167
27 140
15 90
15 54
190 201
61 109
60 92
76 230
129 183
89 110
83 160
135 234
157 196
276 293
36 212
36 93
213 233
170 274
62 131
34 176
62 121
28 225
28 262
34 232
34 206
62 155
40 242
112 240
225 247
122 291
103 278
29 223
103 128
29 200
132 185
0 8
0 211
79 141
29 253
0 246
79 227
103 130
79 280
132 270
132 254
192 244
149 295
6 275
31 226
174 235
251 252
99 146
73 124
257 269
171 239
73 210
154 199
81 197
154 264
144 209
144 267
153 258
153 289
27 275
10 84
46 149
40 215
201 272
201 294
109 191
109 189
77 195
26 97
92 181
26 152
183 268
160 198
230 279
230 271
110 256
77 249
110 175
183 194
20 282
160 169
20 23
92 95
31 71
283 299
72 177
192 215
39 296
162 296
71 237
2 238
241 281
213 238
276 287
113 188
66 172
192 237
10 188
241 287
274 298
28 244
65 216
188 228
102 192
84 86
113 162
108 192
188 207
29 287
30 126
218 224
37 299
33 273
80 286
30 245
77 281
26 295
34 149
80 287
36 161
24 287
67 149
80 265
165 276
24 231
40 220
27 33
0 162
30 37
65 151
33 263
126 266
31 174
81 162
203 242
94 224
162 230
20 149
127 188
50 108
107 135
15 166
88 292
88 157
71 94
104 236
28 186
55 215
161 257
86 261
147 284
165 171
104 213
132 186
100 186
2 92
107 228
103 220
102 148
183 186
110 126
24 79
100 147
166 251
99 147
160 166
