15.895602
3
66
4
71586
36 141
139 250
54 185
106 176
63 108
98 112
87 214
26 254
31 253
71 225
154 182
75 182
12 182
145 150
80 145
1 107
81 145
54 145
107 216
14 104
14 297
14 112
6 129
200 210
210 217
165 210
72 74
205 277
87 228
213 215
228 268
185 205
228 247
168 213
72 108
192 213
164 238
124 228
213 225
178 209
126 209
2 209
159 212
161 212
6 212
90 243
59 90
33 90
58 294
89 233
51 172
133 186
100 186
36 294
290 294
23 294
134 233
199 268
30 233
186 214
178 278
144 186
190 278
110 280
234 267
79 291
53 234
18 22
22 269
121 234
48 70
105 158
105 190
47 48
22 27
21 79
48 118
105 215
56 110
234 283
110 117
64 91
38 58
63 77
77 124
73 299
28 52
73 221
38 146
28 125
38 254
28 76
77 157
38 160
73 260
83 261
250 261
261 272
34 296
34 135
34 177
83 148
60 148
98 148
171 211
82 100
111 171
82 222
198 224
101 171
35 68
95 198
101 242
183 223
67 223
223 273
55 82
137 198
1 68
68 293
140 290
140 166
122 245
2 187
26 279
139 295
42 179
154 179
119 295
141 266
71 271
252 266
11 245
229 271
3 295
76 245
206 275
173 270
196 246
289 292
61 231
53 246
17 155
156 284
152 155
121 232
103 275
132 173
131 297
13 37
4 131
15 153
7 284
8 256
231 277
31 173
246 253
64 153
41 84
40 231
37 217
181 256
84 86
163 256
174 275
42 84
114 184
50 66
66 220
25 114
20 226
20 264
20 51
66 99
204 241
10 204
204 281
114 201
251 288
176 251
5 188
5 127
169 263
169 286
169 195
5 39
219 235
235 237
170 237
218 298
89 298
237 262
92 282
102 258
19 102
162 216
92 218
151 236
16 151
96 106
96 238
9 157
49 80
49 123
9 23
162 197
44 85
85 287
79 182
129 164
62 182
191 210
226 244
123 189
165 180
56 257
150 194
243 259
144 244
74 203
4 149
221 240
159 255
168 265
50 227
164 191
107 175
129 172
175 208
97 166
182 232
128 208
90 164
91 213
78 110
191 234
175 205
73 228
14 113
164 261
198 210
34 72
77 78
90 147
48 209
43 107
32 145
107 285
128 228
193 208
78 242
164 187
78 249
107 239
129 130
145 298
109 208
145 230
22 77
94 147
28 175
72 202
72 93
14 120
155 191
29 209
66 78
24 147
115 147
34 136
0 294
113 223
182 276
110 167
65 233
62 207
5 175
14 45
136 169
142 242
94 143
138 205
88 213
116 205
239 256
65 292
114 239
284 298
120 275
65 102
142 204
69 79
85 109
143 237
151 230
46 148
171 274
153 248
57 251
