5.042265
1
52
1
279902
22 25
7 29
1 151
115 246
122 245
52 241
19 206
4 88
211 215
111 234
168 228
215 233
59 193
64 233
77 193
99 233
29 143
45 193
64 123
193 245
129 200
123 151
66 68
53 187
91 187
6 150
18 187
6 21
137 236
140 237
65 238
111 222
219 222
22 197
0 139
23 139
25 236
61 237
158 237
178 197
74 222
158 159
77 124
71 232
33 187
35 159
123 133
143 177
2 188
150 154
93 175
32 226
127 159
32 134
138 236
109 159
68 88
124 127
32 247
139 225
68 95
214 222
93 100
68 153
197 210
208 242
85 121
120 231
67 81
101 221
182 191
23 28
56 57
83 169
20 148
24 191
45 231
19 40
18 164
16 70
53 199
52 161
42 130
61 165
1 90
165 168
106 201
38 161
65 201
146 169
126 164
125 221
4 72
115 157
60 166
201 241
28 235
165 194
166 209
207 231
28 107
191 216
40 55
136 163
40 63
190 240
90 109
121 180
136 167
81 195
130 149
57 110
148 246
70 102
90 103
58 211
63 199
58 234
55 72
130 153
57 192
57 144
161 218
72 92
191 218
121 147
90 108
70 133
157 242
3 181
3 76
5 80
62 239
15 220
7 239
43 230
8 230
50 84
46 174
50 128
51 80
67 184
91 184
11 39
12 220
106 220
14 174
122 224
117 196
97 203
48 181
26 84
71 239
137 170
79 152
17 172
39 214
149 170
188 224
170 207
172 206
180 203
9 155
196 212
82 244
132 152
102 119
30 116
10 144
152 186
10 73
44 100
82 116
174 210
78 248
80 248
76 192
233 238
124 129
68 208
33 213
83 173
8 204
26 34
0 141
32 93
143 185
94 143
105 233
107 223
27 138
209 249
118 132
135 186
54 73
96 177
31 92
13 108
96 147
32 161
21 94
148 232
21 227
112 232
32 86
69 197
113 159
2 36
30 123
193 202
49 143
57 112
81 166
94 221
105 190
47 238
21 89
75 232
2 176
89 139
93 189
124 160
131 237
142 187
121 145
86 152
9 69
80 105
70 128
205 227
89 169
156 201
136 156
41 143
143 183
129 171
104 232
162 197
75 230
238 243
98 150
142 196
21 87
114 130
86 217
37 136
136 198
148 229
113 179
