-0.937713
8
23
6
563148
15 20
77 107
66 71
33 43
85 91
27 53
36 38
132 137
17 73
27 118
50 118
48 118
3 68
50 68
47 81
30 81
79 81
46 81
26 98
88 105
33 105
53 78
53 111
88 106
71 136
26 60
0 120
36 80
37 120
77 112
9 134
108 134
38 49
17 18
32 68
0 92
75 92
9 31
5 43
5 58
49 73
73 86
13 45
91 101
65 101
20 87
25 87
48 56
13 44
30 44
113 120
126 130
86 126
79 99
19 136
104 136
60 102
11 22
11 39
11 19
18 70
92 137
21 63
1 63
57 129
14 66
14 55
14 57
56 132
6 131
6 97
64 85
22 64
64 117
37 122
38 93
38 115
53 82
73 98
80 119
120 138
2 131
5 93
134 135
125 138
63 116
25 127
21 90
14 121
35 121
76 118
6 106
6 136
44 124
6 76
81 82
53 110
24 94
42 67
84 118
94 95
38 109
112 125
99 135
5 83
5 96
31 139
12 32
73 128
11 89
16 118
51 98
8 53
59 104
52 98
28 98
29 105
8 74
24 74
4 112
72 139
34 101
69 93
38 61
10 38
100 119
40 124
23 97
5 103
7 118
69 87
81 123
81 133
6 41
62 105
42 51
90 92
54 112
2 114
