21.166667
1
77
11082
62433
19 279
157 279
208 244
169 321
213 291
207 314
95 244
155 259
13 279
220 248
29 213
62 244
1 286
217 283
290 324
157 222
59 284
327 339
76 286
67 213
75 259
199 340
141 246
80 220
87 348
271 293
180 293
153 293
60 319
49 246
118 264
61 220
196 264
254 339
40 319
27 214
172 324
33 233
139 162
37 259
67 266
197 233
0 207
250 296
176 284
31 117
10 316
109 251
120 348
149 251
247 286
36 208
317 319
212 324
10 240
107 233
178 215
57 321
47 332
21 339
224 316
117 295
227 259
154 162
93 117
333 340
243 255
99 162
101 251
25 349
76 154
68 116
233 304
39 255
146 162
184 273
112 275
294 348
84 264
42 182
221 340
283 321
240 248
189 222
134 184
218 349
226 284
2 349
149 216
100 182
314 316
8 20
53 71
132 168
254 346
130 210
48 137
137 299
14 118
41 292
292 341
206 303
308 330
297 336
222 336
79 336
104 336
200 346
142 203
194 203
171 261
250 261
261 320
173 194
204 290
23 294
23 247
23 329
82 325
325 347
103 147
15 147
147 263
40 335
110 349
38 46
38 53
23 292
62 111
111 135
111 126
111 326
56 147
159 323
119 311
116 311
311 344
64 258
258 277
217 258
309 335
161 258
89 113
89 103
36 89
28 345
329 345
44 345
111 315
122 191
75 86
86 306
86 134
32 265
246 265
222 307
238 307
131 219
15 131
24 131
150 253
41 150
150 269
173 325
98 321
98 293
161 307
323 335
282 331
94 326
78 243
78 82
132 150
330 345
9 293
208 288
20 77
77 97
77 263
8 9
130 131
43 259
43 316
38 204
115 187
187 255
187 210
187 298
230 338
56 338
92 200
14 131
205 292
71 145
145 284
72 145
145 264
137 282
7 251
153 211
228 313
192 228
135 228
228 287
92 159
150 309
121 188
45 120
45 216
102 252
72 102
102 168
32 58
58 267
58 175
236 339
182 236
123 304
123 195
244 310
220 310
215 274
181 233
181 255
30 65
65 302
288 303
174 186
52 332
52 297
52 179
174 239
174 223
11 214
174 299
11 188
3 174
11 334
0 11
198 300
73 249
73 298
17 319
182 185
174 346
191 345
268 311
83 240
83 328
81 201
81 154
26 35
35 301
35 239
108 117
108 279
272 278
272 277
272 305
215 272
54 281
54 317
127 242
127 287
241 246
203 265
148 245
245 343
245 318
133 245
96 152
96 201
205 261
129 195
164 340
151 349
151 225
6 151
4 27
198 315
16 262
16 197
110 345
158 270
158 196
74 158
209 235
166 209
143 256
256 295
256 266
34 276
34 46
101 105
105 275
105 193
105 124
18 202
18 182
22 202
22 163
69 348
167 281
167 183
165 167
211 268
55 234
55 238
91 112
156 280
144 160
260 334
88 162
125 128
85 144
260 322
144 273
156 301
91 231
128 285
136 177
115 136
5 66
5 68
51 63
51 106
50 138
70 114
90 232
50 343
114 170
50 178
114 237
90 289
12 190
51 257
12 140
12 342
122 164
9 65
38 128
229 312
274 337
209 337
90 185
114 241
51 69
12 88
4 229
