8.372057
3
37
12736
126810
91 107
46 144
89 98
18 32
111 143
41 116
21 62
13 129
76 107
24 134
164 166
17 158
32 120
5 113
29 117
94 169
101 153
18 143
30 57
6 88
36 120
21 88
24 115
163 166
51 107
154 173
110 115
29 158
25 134
125 161
88 172
35 144
87 88
91 166
49 120
115 122
98 153
50 143
57 125
65 94
54 159
126 144
114 139
141 173
136 173
12 94
47 98
0 70
70 152
13 70
70 132
41 105
105 157
55 143
44 105
31 113
31 49
151 156
116 151
45 151
42 103
103 129
97 103
40 66
66 73
66 87
83 114
9 83
83 159
92 102
5 92
56 92
8 178
68 77
120 137
137 153
16 151
15 45
71 107
71 89
120 160
15 55
100 160
124 165
124 144
124 152
9 124
115 124
6 124
134 147
34 60
60 131
133 170
1 133
38 133
123 143
59 166
52 63
75 173
75 88
95 141
95 131
63 100
28 113
28 125
79 103
26 93
25 26
26 30
126 179
167 179
3 51
16 33
33 104
37 52
37 39
77 133
123 178
38 64
64 82
64 171
64 168
85 165
14 85
59 80
74 138
74 112
27 74
0 74
96 155
96 158
96 150
96 174
3 64
7 108
98 119
119 169
10 134
10 84
10 78
58 128
39 58
2 58
58 72
104 108
81 94
81 142
80 96
48 135
68 130
130 140
23 155
23 135
73 106
106 109
106 176
69 167
69 148
121 145
121 174
90 121
4 53
4 158
11 53
11 127
22 99
162 175
99 139
99 177
19 62
19 43
61 86
61 146
61 149
20 54
20 67
20 118
137 162
61 179
