17.998810
1
80
42056
52471
87 290
172 387
339 398
106 158
131 160
210 380
51 262
172 299
251 345
98 395
127 216
40 394
324 398
239 393
1 397
59 281
122 282
274 365
26 265
147 216
209 282
116 315
241 387
263 281
99 293
15 355
151 182
83 216
39 388
262 383
161 355
68 281
312 393
281 390
253 286
237 275
147 187
31 350
178 181
160 273
223 346
159 293
129 361
80 393
58 363
227 275
122 299
192 393
171 258
128 282
127 309
221 394
21 365
198 393
118 160
18 39
194 395
37 290
185 316
103 332
168 293
267 370
85 185
25 286
85 275
140 240
35 224
306 339
43 265
255 265
223 398
171 334
190 368
10 39
59 321
96 334
307 355
50 159
304 334
80 184
35 387
255 388
167 182
34 394
130 202
21 334
270 290
134 317
317 396
230 275
114 230
58 95
95 129
42 95
46 146
142 146
120 146
164 167
305 334
356 380
3 379
114 379
377 379
111 292
178 276
131 276
276 314
213 276
139 276
182 215
43 71
148 295
90 295
295 361
371 390
42 371
174 371
11 205
197 387
328 393
198 225
225 319
78 123
153 269
123 146
215 371
166 216
166 218
31 62
62 154
47 52
52 386
315 369
164 349
166 356
98 208
39 367
369 379
133 301
1 145
145 235
73 370
248 305
50 289
289 378
9 73
57 342
57 336
57 199
276 375
57 146
105 244
244 264
66 244
52 269
170 173
53 206
170 251
53 261
53 293
53 359
170 224
93 344
93 398
90 93
142 399
53 153
101 234
101 303
101 135
225 375
373 399
211 245
117 308
230 245
52 166
97 199
97 396
117 197
32 286
32 160
141 395
141 386
218 343
135 343
154 327
327 394
327 346
149 183
182 382
62 367
162 329
162 385
229 381
379 382
34 326
118 326
326 385
205 382
4 363
101 328
254 349
108 359
166 248
195 347
12 60
60 329
60 292
9 326
77 355
181 320
204 320
208 212
7 304
7 282
75 116
37 75
75 104
286 366
60 373
248 296
303 358
145 375
191 296
92 280
75 347
265 325
133 145
119 208
165 281
165 266
30 237
30 137
30 103
30 288
272 397
259 272
45 88
212 244
27 191
302 326
207 392
187 392
155 225
156 345
156 280
293 362
341 362
72 177
29 156
72 95
375 381
20 177
20 140
36 354
36 125
36 202
36 279
333 354
211 333
124 323
115 124
124 232
278 300
34 278
81 376
81 183
81 294
81 105
74 121
6 201
6 301
74 226
74 299
74 257
6 136
6 88
5 338
5 283
5 186
5 274
277 299
102 277
277 351
55 128
55 190
13 48
13 234
64 350
94 216
51 94
94 106
49 368
49 180
82 384
82 229
4 77
310 340
243 310
310 351
297 365
330 352
228 330
169 330
298 311
287 311
56 297
297 318
311 364
54 341
54 91
17 295
124 369
14 389
14 266
109 345
86 158
69 86
86 357
76 113
126 229
113 331
126 247
113 240
155 360
22 250
193 348
100 238
203 256
163 231
193 249
22 96
110 188
22 112
23 100
193 365
110 353
100 107
163 335
16 203
152 313
152 233
63 163
203 391
38 366
196 332
196 252
166 311
0 248
8 41
19 374
19 78
200 210
189 200
200 246
260 314
24 258
217 290
284 285
175 242
24 179
89 132
132 219
260 337
150 284
271 284
44 132
79 175
176 283
282 372
176 222
84 214
84 184
65 236
65 192
33 220
33 207
70 322
70 267
2 291
28 143
2 67
2 144
28 268
28 61
149 330
138 254
157 254
92 152
110 360
8 38
109 203
64 175
0 284
2 17
100 372
163 217
132 157
28 138
