34.721429
1
116
4
43982
90 114
366 452
19 154
157 264
30 350
381 432
99 414
233 408
73 229
206 245
285 406
207 478
223 302
179 282
168 421
21 288
254 488
177 488
447 488
169 488
191 274
170 191
11 191
191 263
157 191
210 343
30 210
33 210
129 279
279 398
107 279
52 279
444 456
440 456
337 456
164 456
20 441
145 216
106 174
134 441
174 387
48 361
361 457
145 431
259 361
0 145
14 181
88 365
14 26
311 366
311 483
261 311
229 459
302 459
246 459
67 459
10 297
10 421
10 450
396 499
207 499
467 499
349 477
477 478
356 428
406 477
141 362
2 362
362 393
232 362
246 395
27 395
211 395
395 415
126 298
242 298
298 455
75 368
365 368
283 368
248 298
123 163
116 125
211 269
67 205
269 276
269 282
120 269
101 436
436 481
436 449
163 402
167 383
167 330
200 452
38 272
307 310
167 180
34 445
184 334
334 357
221 321
155 200
200 356
277 336
95 186
115 221
272 480
334 374
38 167
51 334
200 401
150 277
252 307
186 479
277 376
79 186
221 448
272 496
121 277
186 469
114 416
168 407
194 416
199 407
17 18
92 317
197 215
110 417
110 248
35 240
35 96
49 288
35 45
25 316
215 256
215 413
25 350
317 486
317 414
17 29
317 391
17 438
6 107
25 185
110 236
49 85
263 464
300 464
183 464
47 475
71 381
146 179
15 275
15 284
71 77
15 306
15 320
47 471
37 312
71 497
47 106
47 220
37 103
71 84
37 58
146 249
146 493
37 244
108 292
204 442
81 223
44 81
53 292
442 479
43 442
28 81
292 438
128 309
142 309
244 309
309 372
81 320
34 354
188 304
154 429
237 301
83 304
387 473
26 296
52 429
119 364
39 354
21 412
9 301
82 404
344 435
495 498
284 304
24 301
158 364
0 473
294 296
65 498
259 435
119 404
158 429
278 404
338 412
466 489
485 498
156 247
247 329
104 437
84 437
286 437
281 490
233 490
100 490
360 403
353 400
460 487
27 173
169 189
206 487
384 403
32 439
148 328
377 487
173 465
255 418
203 303
161 323
351 439
303 471
131 394
379 484
378 418
198 295
46 463
280 335
147 318
394 399
430 463
242 295
150 173
222 400
118 418
135 285
92 102
19 69
94 135
164 379
96 346
228 439
7 346
66 161
102 198
346 422
69 239
314 328
225 394
267 328
265 403
189 386
264 280
1 463
117 161
89 177
166 400
116 189
192 389
258 389
87 410
59 87
103 369
76 372
112 339
172 178
160 337
122 273
64 230
176 324
172 193
195 234
112 333
22 371
127 184
40 162
172 245
122 138
176 408
176 251
234 423
3 226
160 386
162 491
76 380
57 112
162 224
22 494
234 470
76 165
230 359
230 358
127 342
226 355
226 235
127 481
160 232
208 419
201 290
170 208
68 208
290 432
136 171
8 153
8 130
136 411
136 250
8 253
62 260
62 196
62 462
124 299
124 271
124 370
202 266
213 468
55 73
363 409
363 393
97 469
4 190
132 202
90 213
55 426
36 218
97 237
4 181
143 305
36 99
187 352
75 363
238 458
111 238
293 348
327 347
78 348
348 474
305 425
308 313
151 202
347 398
70 238
219 405
313 345
352 443
347 454
42 55
91 219
213 401
16 313
191 205
18 243
193 241
24 340
78 420
376 482
466 482
125 210
139 191
353 385
174 428
145 362
10 311
192 341
14 428
60 147
77 461
137 216
93 338
72 474
5 321
461 485
214 383
61 413
289 450
287 299
20 214
149 335
65 149
332 449
210 442
88 221
110 174
110 441
6 441
361 464
14 49
14 35
433 488
13 495
54 111
13 131
54 117
367 410
10 424
98 499
221 477
270 428
174 437
270 390
125 307
163 416
175 210
144 307
88 326
86 445
86 186
105 145
212 279
23 456
12 407
98 133
56 361
133 227
88 238
86 247
163 472
74 269
41 125
205 318
291 390
205 373
311 451
272 331
231 277
325 445
407 446
50 390
140 499
227 388
17 74
152 227
369 424
322 477
22 424
139 476
98 226
159 436
15 434
86 439
144 453
113 424
109 488
31 445
144 162
112 144
268 317
215 476
139 159
139 397
12 403
309 319
210 392
6 202
25 427
334 382
86 348
361 385
367 488
217 441
182 373
319 490
241 390
319 375
389 476
56 463
262 487
295 305
122 268
230 476
328 382
209 418
209 400
315 368
319 352
268 313
234 451
257 270
272 287
23 136
8 397
62 322
219 427
80 215
389 492
63 175
