10.300980
1
32
5
893367
10 41
54 102
24 99
66 108
127 135
109 131
32 137
62 137
87 137
114 116
80 116
0 116
52 53
33 53
54 123
10 15
8 15
61 89
41 74
9 74
63 115
50 94
75 94
47 68
72 139
8 93
19 83
55 60
5 139
100 126
31 83
2 60
27 58
88 126
16 93
1 58
24 36
30 36
53 131
96 123
45 123
122 130
69 130
104 115
15 124
15 102
44 115
29 120
38 79
89 92
89 121
22 89
55 98
31 84
28 94
12 67
3 109
3 45
3 43
3 82
12 65
68 99
13 86
13 73
13 103
106 139
93 136
83 125
36 127
23 104
130 135
47 76
68 113
120 133
49 120
35 66
20 28
79 117
35 42
21 101
17 25
48 84
11 112
11 78
40 138
4 39
90 134
90 110
14 17
14 119
40 48
4 34
77 95
6 108
6 22
6 128
37 56
12 64
53 129
59 106
118 137
46 49
51 96
37 53
7 129
111 132
21 56
23 71
40 64
11 71
4 132
15 77
51 113
97 137
20 137
74 118
37 81
77 115
107 116
13 68
13 26
7 105
37 85
57 89
74 111
12 97
57 60
18 94
57 81
36 91
98 126
25 58
77 90
68 107
58 107
18 139
46 116
70 130
79 105
