31.816667
1
69
343
108105
79 216
92 229
125 221
175 214
168 211
116 195
155 207
89 221
143 234
34 234
180 214
83 207
154 224
186 212
16 179
164 211
129 224
30 211
51 207
69 214
176 189
36 216
20 70
41 234
94 115
141 191
193 229
94 220
139 189
105 229
135 191
7 212
101 115
49 216
39 211
190 191
23 189
64 221
150 191
55 212
187 224
66 125
15 115
126 136
75 136
15 144
158 195
76 158
78 158
106 145
80 145
12 145
222 225
122 222
16 222
65 183
183 239
93 183
27 82
82 126
82 217
82 169
123 223
104 123
123 239
123 137
146 229
124 196
72 196
196 232
107 121
39 121
71 121
121 242
116 248
30 248
9 57
24 54
24 58
24 240
131 166
88 211
127 192
192 227
37 192
10 215
10 209
117 124
117 216
10 177
10 33
114 204
45 181
95 114
6 181
114 188
114 217
38 74
70 159
159 170
159 237
48 119
119 197
119 190
1 191
1 189
11 97
11 233
11 209
142 218
47 200
120 152
142 179
112 118
46 133
43 194
68 110
148 245
207 210
148 156
152 165
8 19
96 160
20 46
47 61
8 236
68 85
46 147
40 220
43 151
0 8
98 112
40 132
47 199
142 172
17 96
128 148
112 174
40 157
5 68
26 43
152 244
96 247
108 138
3 162
14 246
25 35
21 162
13 35
162 219
73 149
42 149
246 249
149 201
138 202
103 246
81 138
35 134
29 212
2 161
31 185
4 206
2 241
2 22
28 63
4 60
32 53
59 167
4 130
31 178
31 182
44 203
32 213
59 226
32 102
44 56
59 228
28 50
44 208
28 198
84 224
84 221
173 214
77 86
66 77
77 166
18 57
18 111
18 91
205 218
99 234
90 115
67 200
144 146
145 146
24 184
9 145
38 144
136 205
90 136
121 153
38 184
153 238
82 88
222 235
158 173
131 238
100 131
9 109
62 183
84 123
181 192
9 96
146 149
35 146
29 196
113 181
100 171
230 248
46 117
112 181
140 159
4 9
10 52
131 243
67 248
8 235
47 210
148 235
140 152
87 131
113 171
43 52
32 117
1 138
29 119
87 117
140 231
28 140
31 210
68 163
38 99
52 231
52 59
163 246
2 163
44 62
162 230
163 243
