13.100000
1
31
101
231783
3 86
22 88
25 78
16 78
24 118
58 118
71 102
90 102
59 103
98 103
52 102
42 45
7 72
51 118
47 72
48 88
62 72
104 116
35 99
80 86
11 92
39 78
83 103
86 109
104 109
12 109
64 84
0 84
84 112
19 91
8 91
27 32
20 32
32 46
23 32
92 93
33 93
93 114
37 41
41 69
11 41
65 97
15 65
35 65
0 10
57 67
67 89
50 67
52 119
54 116
45 54
54 107
66 110
3 66
74 106
74 80
20 21
10 32
10 93
14 99
14 87
14 53
5 109
40 75
6 75
75 82
61 78
61 103
85 89
95 118
49 72
49 88
18 43
43 70
9 43
79 105
105 111
105 117
17 102
13 46
30 96
2 76
13 81
13 56
1 44
2 60
29 77
30 108
44 101
29 63
29 94
4 31
30 100
4 28
4 38
44 113
54 119
84 95
10 55
26 115
73 111
68 91
26 119
17 41
49 67
5 75
34 65
14 21
10 29
49 119
73 91
36 115
41 73
55 61
44 61
2 85
43 68
30 36
4 34
