9.887884
1
26
6
1330716
1 48
29 92
56 68
67 90
9 11
0 11
17 94
30 94
54 66
37 66
1 8
74 77
36 77
12 77
67 71
45 71
19 71
34 95
81 98
11 96
21 82
54 82
69 94
29 35
23 35
2 75
47 75
66 98
66 83
40 50
68 93
20 46
49 70
27 52
25 52
4 50
33 70
15 38
7 76
41 64
42 93
62 76
13 32
43 64
48 72
8 61
8 57
8 11
10 69
10 39
10 44
10 34
82 87
83 88
35 79
11 88
75 95
51 66
3 88
64 73
32 60
46 91
76 89
93 97
72 99
50 63
72 86
70 85
32 92
52 65
38 81
38 90
5 94
6 56
6 16
6 22
28 53
55 80
28 31
35 71
26 55
11 26
3 5
3 78
3 18
3 58
14 51
77 78
24 82
35 84
88 93
52 84
24 50
5 46
76 80
58 64
59 70
18 59
28 59
