1.147975
22
16
161272
202349
64 73
66 92
17 62
54 67
76 89
66 67
24 62
11 66
37 62
3 36
66 72
5 92
64 75
41 85
68 96
23 75
17 77
14 49
51 62
8 85
33 96
31 96
71 99
38 75
54 73
8 75
26 92
85 89
60 89
65 89
24 92
30 66
13 20
76 78
20 32
32 96
32 61
32 66
42 75
40 93
12 19
12 66
19 40
56 62
19 80
45 74
74 93
63 78
49 63
34 62
67 94
9 34
43 61
55 97
58 89
53 58
52 95
65 95
46 98
37 97
71 98
19 59
7 98
79 83
41 79
57 67
69 90
30 69
22 69
29 36
11 29
43 70
16 31
70 98
21 48
48 72
28 99
44 86
44 62
0 53
0 87
18 67
18 81
55 84
84 91
2 84
25 82
25 91
10 51
10 27
4 60
1 4
4 35
6 77
6 50
6 47
39 88
39 66
15 39
