35.384342
1
93
5
255216
16 58
42 60
21 37
24 75
107 259
53 118
35 238
128 338
84 291
184 322
134 290
194 252
308 340
244 326
164 182
287 326
11 182
69 326
21 145
1 74
257 296
196 296
73 197
79 342
303 342
130 140
168 187
128 187
214 247
26 247
60 217
176 217
65 191
58 144
95 144
139 191
38 320
52 332
146 306
143 343
109 226
337 344
133 137
221 332
246 344
207 293
240 306
190 306
86 336
135 312
96 343
178 312
152 320
278 336
110 312
2 226
42 154
94 226
18 114
157 344
48 293
282 336
149 320
1 137
107 114
37 154
64 120
102 299
8 27
136 170
28 111
57 232
118 232
46 147
75 147
200 216
106 216
111 182
172 192
223 251
90 251
69 286
74 85
145 317
145 334
74 316
145 255
74 127
74 210
127 296
197 335
179 197
197 311
167 323
291 323
47 318
138 245
24 67
231 294
142 283
156 267
122 267
212 294
117 245
61 318
101 183
35 62
39 98
33 250
16 88
44 206
15 17
26 41
55 263
165 263
161 204
22 206
202 204
224 283
180 183
317 342
187 347
247 297
140 275
140 230
25 77
14 159
0 174
30 92
61 103
99 203
175 217
78 144
114 184
154 277
137 181
27 121
299 339
120 134
120 325
27 93
72 131
131 243
170 238
170 314
19 105
125 315
97 175
3 108
3 228
54 153
125 327
7 148
54 274
125 160
83 235
3 49
131 340
19 289
19 241
131 215
124 270
124 262
185 261
232 338
148 192
192 208
251 308
275 286
113 220
229 252
323 328
67 329
62 310
88 171
183 302
267 330
98 280
206 264
17 322
318 346
62 84
250 298
245 248
41 166
198 250
41 53
67 68
204 272
283 305
263 321
294 349
247 288
140 201
187 222
12 87
100 276
100 234
34 91
174 266
174 281
159 268
159 249
34 151
92 119
34 259
36 324
36 313
211 242
12 76
36 185
211 219
77 319
77 348
92 186
203 290
203 233
191 333
144 169
70 209
70 194
132 254
132 163
40 72
40 177
40 179
4 129
4 341
4 83
13 205
13 31
162 292
162 300
66 307
9 112
162 260
66 213
132 285
9 239
126 141
126 331
126 173
9 115
150 193
13 258
150 304
150 273
66 123
27 288
113 345
236 333
29 269
54 201
28 82
147 222
216 270
286 345
28 293
6 198
28 29
82 145
32 144
88 89
17 269
211 262
12 169
43 89
50 78
28 286
124 199
29 32
32 170
7 296
261 296
45 124
182 199
71 124
236 342
20 54
59 124
28 100
82 147
20 256
28 126
236 312
97 343
97 344
7 299
19 299
3 113
20 251
51 97
7 51
189 217
81 113
197 271
56 265
29 237
125 155
32 162
74 188
120 199
10 82
63 247
56 120
187 309
191 253
235 284
125 189
263 265
204 265
80 256
284 301
154 195
218 226
137 225
104 114
295 336
63 306
103 332
23 320
271 332
206 235
7 98
235 318
235 245
97 159
229 301
232 295
145 227
5 32
216 218
9 236
80 116
71 279
45 183
253 294
23 116
104 267
92 195
158 343
6 293
63 174
59 66
13 225
188 283
104 132
150 295
77 188
