18.300000
1
41
9
173795
64 78
17 81
86 105
9 35
138 148
147 149
50 68
24 119
105 119
84 119
109 119
81 132
35 126
113 132
29 126
26 132
101 126
28 122
16 140
99 140
52 140
83 134
7 93
49 122
90 134
65 134
13 93
106 122
5 93
88 115
102 115
70 95
1 135
41 135
135 137
46 75
10 110
10 159
10 129
141 149
89 141
76 141
138 141
130 145
43 145
145 157
76 80
80 123
62 80
0 154
85 154
68 154
18 31
31 147
19 31
17 87
56 87
87 91
47 109
47 91
2 47
11 42
42 44
9 45
45 128
36 45
108 120
64 108
32 108
15 37
15 78
15 21
144 146
66 111
66 100
14 55
66 72
14 59
97 124
97 150
14 27
97 98
6 112
77 112
103 114
58 114
20 63
53 133
63 70
63 107
133 155
114 118
112 152
60 61
34 60
60 148
40 158
67 94
69 117
3 4
67 104
92 125
92 116
46 92
3 127
39 40
69 151
23 136
3 50
33 67
136 143
57 69
136 142
40 73
12 119
22 146
22 41
30 44
30 43
82 115
12 140
71 134
71 93
51 95
75 145
12 95
95 121
74 132
80 154
126 139
122 139
51 145
51 80
135 153
54 135
25 141
79 95
10 54
45 82
71 87
47 156
31 144
25 108
8 25
38 156
82 121
96 154
38 48
71 131
82 133
25 97
14 156
66 156
51 69
12 40
74 112
67 153
79 114
96 136
