25.900000
1
90
6601
55260
88 248
30 103
318 327
229 295
331 351
344 382
164 191
99 288
117 354
301 370
5 25
335 365
245 354
122 333
98 296
105 276
234 382
113 313
194 197
30 129
366 377
129 343
228 377
202 333
124 328
36 277
261 372
328 372
19 106
266 333
100 106
26 103
28 377
62 345
291 371
22 277
183 240
182 345
205 303
55 240
114 156
160 365
82 276
227 320
317 363
123 358
250 370
84 333
161 370
172 370
161 371
1 358
171 295
159 240
195 355
3 276
33 338
391 392
95 288
145 295
156 316
277 282
289 313
332 358
40 313
54 140
141 263
40 209
199 365
66 129
88 382
184 355
145 323
223 311
138 324
253 377
76 382
349 372
0 56
63 156
33 106
188 240
131 354
117 352
72 217
138 303
92 393
66 392
64 393
63 333
222 390
317 371
112 299
148 202
10 296
144 221
54 178
178 206
74 294
7 178
319 361
191 361
288 342
52 382
142 398
338 398
64 398
139 398
90 147
34 147
165 377
133 388
141 268
268 293
18 268
147 287
57 189
109 189
189 381
204 346
76 204
98 204
27 211
27 307
134 334
9 134
27 57
27 186
68 119
68 249
68 230
68 185
18 27
68 103
340 393
74 340
212 340
32 169
97 169
169 209
186 219
219 288
134 294
83 205
83 197
27 259
163 386
35 163
159 163
99 163
16 163
163 201
233 300
169 246
173 304
123 173
173 336
173 312
15 45
45 153
45 385
45 282
134 395
258 358
165 189
134 147
137 339
137 281
133 134
162 340
59 345
59 352
59 355
320 379
53 379
313 379
52 357
70 124
5 70
70 339
168 204
244 278
106 200
181 200
200 303
38 152
8 267
8 112
107 315
251 272
107 144
272 326
38 140
8 264
107 311
38 179
42 177
272 323
42 222
42 263
31 45
156 396
243 303
194 215
215 312
215 351
108 387
108 355
39 108
132 230
132 285
0 132
6 81
120 345
120 327
96 395
277 306
207 306
8 148
162 357
44 50
50 185
286 372
286 377
221 272
39 155
155 188
155 226
12 155
244 246
38 294
107 294
244 342
115 238
115 389
115 225
106 196
72 196
196 341
201 305
240 330
129 330
259 396
147 369
243 342
118 313
210 371
298 327
298 348
2 248
2 17
297 333
297 370
130 373
12 85
85 111
41 239
41 60
41 261
41 154
6 284
278 284
130 369
232 331
91 232
110 223
21 110
25 158
158 237
158 300
43 127
127 354
216 321
213 216
216 388
71 91
193 365
125 275
252 271
252 363
43 49
49 337
49 280
31 305
269 338
269 399
151 383
151 266
71 361
125 178
69 121
121 275
121 384
283 324
283 322
4 26
4 350
279 368
255 390
255 376
190 368
96 368
295 325
170 208
170 257
170 347
13 380
13 128
13 236
101 104
101 227
73 399
73 292
93 181
135 360
135 260
61 352
23 77
29 135
61 102
94 314
61 218
93 270
77 89
75 192
75 241
143 276
94 136
65 247
75 289
65 274
93 150
77 220
149 198
149 213
48 58
47 164
48 217
47 356
190 378
78 198
78 79
116 353
116 392
262 273
364 367
175 394
146 203
273 308
51 265
157 176
265 374
214 364
256 309
86 116
224 256
176 362
146 387
166 273
87 364
302 394
175 359
14 174
174 318
174 397
46 290
67 378
187 375
20 187
126 290
126 329
37 126
221 256
42 231
302 361
24 200
65 133
11 378
67 193
115 306
80 258
235 310
176 233
210 310
254 279
143 272
187 231
24 242
11 167
81 265
46 235
80 180
127 135
94 180
325 364
77 143
13 242
167 170
254 273
