22.883333
1
56
2
559471
11 84
103 117
71 90
10 149
68 151
107 172
8 125
54 125
56 125
34 172
92 172
81 119
49 159
64 133
104 159
13 159
14 133
16 119
21 119
31 133
24 137
112 123
17 48
46 150
84 137
75 150
11 48
102 123
96 100
18 36
57 63
28 91
70 172
108 125
137 142
48 154
137 139
123 152
63 108
63 120
91 161
36 176
132 186
91 130
36 131
67 116
100 134
100 162
6 145
6 32
159 195
119 191
150 192
123 183
48 192
132 157
132 178
91 121
132 143
63 195
6 178
3 143
6 101
50 126
19 97
25 53
98 126
124 158
114 126
26 44
82 185
93 115
41 97
60 158
59 185
128 181
113 115
146 185
24 97
23 44
40 158
13 53
173 187
174 187
4 44
22 187
95 135
71 140
69 94
43 140
38 77
33 45
15 135
10 65
12 77
30 52
129 156
1 35
103 105
72 79
66 74
181 182
53 68
116 181
45 117
77 83
45 89
65 151
135 180
94 106
65 73
140 148
156 177
7 118
7 90
5 136
156 193
74 144
105 170
79 166
79 197
47 149
47 169
47 175
52 62
52 99
7 153
105 111
35 160
35 39
27 70
27 55
5 51
9 42
9 189
9 184
37 85
58 61
58 80
37 167
37 168
141 198
141 163
141 196
58 78
115 183
94 157
74 191
27 121
29 110
2 101
36 133
123 164
100 150
67 137
150 194
86 172
67 188
164 188
132 171
87 125
119 127
48 122
44 164
100 190
36 122
0 159
0 133
109 179
91 138
52 67
63 155
86 179
67 74
179 199
3 20
3 138
87 179
88 190
147 194
7 190
155 158
127 185
187 199
86 126
20 45
5 20
35 86
135 165
77 165
79 199
147 165
127 141
58 155
9 20
156 165
0 37
29 179
3 76
