6.266396
10
46
2078
79163
79 121
79 146
162 178
23 221
15 216
36 235
34 62
148 242
157 178
74 97
78 142
102 173
36 231
168 227
56 62
118 134
127 194
15 66
6 196
147 221
174 236
216 245
0 212
27 183
120 227
101 186
17 199
45 199
84 157
5 199
164 238
152 248
38 102
128 173
173 188
109 142
0 85
163 194
192 217
43 196
46 62
109 217
105 231
114 196
51 204
49 227
7 178
53 221
68 85
33 216
170 194
85 105
60 237
149 231
11 85
95 146
93 142
172 194
159 186
14 70
64 178
130 160
1 150
136 150
150 239
87 150
184 235
111 240
132 135
12 163
32 135
53 184
135 174
84 135
64 233
195 213
51 195
13 195
222 242
139 222
96 222
199 224
146 224
117 190
234 246
24 219
38 246
187 228
156 228
180 208
66 208
28 62
195 202
65 173
130 214
184 228
67 190
101 155
75 155
40 155
155 216
54 211
181 211
27 211
58 65
88 155
54 203
57 154
154 212
18 199
126 209
3 32
3 121
98 207
178 207
41 129
41 56
59 196
227 247
70 124
54 232
5 137
104 158
215 217
166 215
215 226
158 233
42 229
42 142
110 146
58 158
124 126
59 240
22 29
151 199
151 175
140 221
140 227
117 140
70 140
58 59
179 232
48 191
21 228
29 140
85 116
203 222
140 179
59 195
26 184
208 211
145 193
209 224
113 148
113 220
7 63
39 205
211 214
137 145
104 201
28 154
177 200
160 177
77 131
44 77
12 63
218 225
218 221
8 218
35 218
133 218
20 138
20 204
39 240
72 100
100 121
100 206
4 60
4 111
16 40
48 222
194 210
142 210
30 229
73 90
90 122
80 90
90 241
75 90
44 161
84 161
161 185
171 180
91 152
91 170
19 91
37 84
189 192
189 219
31 189
112 238
112 138
76 143
76 200
76 94
76 125
47 76
106 153
153 205
123 167
123 191
61 72
83 183
83 150
69 84
115 169
84 115
9 115
155 243
69 182
21 230
99 131
52 74
55 119
55 70
81 107
81 175
92 249
92 239
82 165
18 52
108 119
108 244
103 144
98 103
103 176
82 243
25 97
25 134
71 141
71 165
86 181
86 198
2 10
10 118
10 50
89 223
89 197
89 182
