40.817458
1
107
6
225568
90 238
3 311
52 366
24 216
88 347
174 345
86 110
161 282
94 388
152 160
11 22
205 386
191 342
118 378
24 112
68 331
218 331
279 331
88 326
52 326
49 387
126 326
89 387
141 325
292 362
12 272
48 294
44 64
77 149
371 389
100 389
38 321
278 321
51 321
124 128
13 361
176 361
177 361
75 353
205 353
161 353
298 334
104 380
3 212
19 385
154 369
191 212
122 367
315 385
252 370
256 370
155 334
73 212
327 398
241 398
317 348
146 385
151 308
63 308
35 369
107 334
236 304
225 367
106 367
374 398
230 304
145 369
118 380
160 370
7 348
2 348
111 304
61 264
169 264
333 399
112 226
112 175
288 399
81 309
123 197
55 197
203 251
22 251
167 192
295 396
174 192
1 396
76 115
125 275
177 232
180 232
139 331
357 387
100 242
176 229
180 245
51 85
119 143
47 143
12 349
149 172
294 384
294 344
64 211
149 198
144 270
64 96
38 269
283 389
321 379
5 17
136 357
20 283
128 303
128 223
5 116
5 69
128 147
18 153
86 101
140 253
82 307
37 182
60 307
79 261
234 261
196 312
201 291
162 253
70 312
227 291
23 105
56 285
195 301
102 207
263 285
9 105
68 219
120 222
120 302
120 320
142 165
90 168
94 208
238 246
30 78
117 213
34 84
6 50
83 215
93 268
46 58
42 67
111 163
147 308
233 264
297 309
309 394
197 368
112 381
112 149
192 347
251 260
115 189
115 258
232 345
275 297
255 300
232 243
226 255
270 275
255 318
59 399
183 187
4 235
4 324
92 319
92 259
32 388
32 352
32 221
4 11
171 390
143 342
85 95
349 373
113 200
150 206
87 365
14 109
121 375
54 166
121 240
43 188
10 286
14 247
91 141
43 158
43 239
28 133
185 249
31 393
28 280
33 293
10 274
10 16
54 71
14 186
33 311
121 350
31 72
150 237
87 271
28 296
91 114
33 137
87 395
185 210
54 314
91 220
185 335
113 272
153 179
153 216
101 290
231 325
231 248
101 148
207 305
253 397
57 171
105 363
291 323
261 316
307 338
165 193
202 332
301 376
182 333
193 194
182 391
285 339
312 330
207 292
202 288
264 265
27 64
64 392
224 382
20 272
219 362
219 299
115 399
103 276
168 217
168 181
208 355
208 287
246 343
246 341
98 282
29 364
213 257
0 322
25 337
58 204
65 233
25 36
40 289
53 359
78 329
84 346
84 110
268 372
53 138
78 127
40 378
67 228
268 313
50 360
29 183
98 244
80 386
25 366
40 356
0 152
215 383
29 266
67 164
80 157
215 336
80 306
0 262
98 254
213 281
50 131
65 267
58 190
199 294
20 392
96 97
120 321
159 326
59 142
99 139
150 399
142 361
275 328
41 382
136 308
113 159
120 142
59 197
92 276
5 41
224 396
187 272
199 380
130 144
245 382
85 381
58 399
284 331
150 178
31 173
132 144
130 389
74 144
21 382
103 255
144 273
250 272
5 390
97 265
301 328
193 340
20 62
20 377
15 381
39 112
284 382
113 351
108 113
108 294
59 135
31 136
87 136
136 273
45 387
184 264
246 381
28 103
14 199
163 381
66 128
105 392
224 291
27 253
27 307
4 41
26 27
135 334
135 385
8 321
129 173
209 340
78 392
199 285
108 353
348 351
277 304
50 142
53 103
33 354
358 398
310 370
212 310
8 367
134 369
132 214
15 354
91 377
121 135
130 312
84 184
32 358
43 277
130 268
92 170
66 185
214 358
74 134
54 310
10 45
153 156
156 261
67 170
134 213
170 215
