39.066667
1
86
135
90770
32 216
1 85
183 193
192 274
185 272
196 273
80 216
42 70
107 216
19 183
39 85
184 290
104 284
190 282
29 294
42 279
99 276
77 102
12 85
157 290
237 260
92 183
174 252
87 224
232 257
52 246
177 281
113 282
168 277
291 294
170 277
46 290
11 183
107 221
141 267
33 294
70 281
200 260
83 102
161 236
43 102
8 246
121 276
189 281
67 224
20 267
165 246
53 252
101 279
60 274
146 257
2 260
239 277
19 192
280 284
112 276
114 252
244 282
90 274
173 224
35 279
206 284
125 267
176 226
154 226
24 118
118 221
74 118
72 162
162 184
162 228
15 162
212 297
136 212
212 240
171 222
222 242
131 222
161 164
133 164
164 233
142 283
236 283
73 283
12 48
48 127
6 147
147 230
16 84
84 109
84 203
132 284
147 241
98 191
59 191
191 256
32 103
103 243
103 287
103 153
56 209
11 209
209 278
7 41
13 41
41 185
181 224
181 229
181 290
91 217
91 266
91 135
130 232
116 187
116 259
116 293
195 246
195 215
50 268
144 230
144 229
88 144
144 213
49 254
188 261
138 188
98 188
55 148
55 159
4 55
63 85
63 294
119 211
119 127
119 286
78 276
166 281
166 277
139 177
45 96
96 272
96 296
260 298
0 270
0 129
18 182
202 248
204 254
194 264
220 299
201 204
5 182
76 220
134 194
120 205
86 205
205 265
167 202
210 245
40 194
180 210
182 208
81 210
111 202
225 249
204 268
145 220
37 225
198 225
3 71
65 186
34 238
238 285
65 196
28 97
28 152
64 267
27 28
137 160
115 223
17 65
124 137
66 115
79 252
207 258
214 269
71 199
115 271
9 10
79 257
30 214
137 250
238 295
10 106
71 197
207 273
207 255
79 279
214 231
10 218
110 262
93 158
14 150
93 122
23 172
21 227
57 163
44 123
22 82
110 156
14 36
44 89
44 94
57 75
93 251
31 292
14 155
110 140
31 143
178 282
31 263
21 128
22 253
38 47
38 288
38 215
22 25
57 275
23 68
21 61
23 51
26 216
58 183
95 102
84 147
100 226
91 222
219 270
181 283
50 162
147 175
55 212
212 234
116 283
78 212
48 188
62 63
54 62
103 175
62 139
49 191
118 149
132 247
50 91
62 108
164 298
84 105
181 289
219 226
126 130
62 95
179 222
132 210
100 209
38 132
49 78
50 235
41 117
126 151
69 166
100 289
54 96
10 195
50 65
31 195
169 234
108 247
63 182
166 220
28 78
54 137
64 119
54 110
178 247
57 105
14 100
64 202
169 214
178 205
117 225
21 169
71 178
149 238
44 117
179 194
95 115
22 26
58 93
23 179
