3.247897
1
32
4
573982
101 115
114 149
94 105
58 146
118 151
123 129
22 80
23 106
9 106
12 103
24 103
70 158
15 158
59 64
138 155
24 155
16 91
50 62
16 82
16 101
60 144
76 144
36 144
72 144
10 145
115 145
38 145
31 156
91 158
34 77
71 94
71 153
106 141
13 64
32 108
32 89
3 13
3 41
3 73
3 96
32 45
41 155
114 120
56 69
107 137
20 156
116 145
103 133
4 39
5 39
40 49
109 154
37 134
10 134
77 83
25 142
95 132
25 152
77 78
69 85
0 29
0 20
0 140
0 128
74 147
72 97
2 61
15 102
19 61
35 97
57 119
30 100
8 80
80 139
40 93
90 154
50 139
77 125
28 65
22 46
26 67
83 147
62 102
92 146
7 116
97 151
102 149
120 135
69 93
119 150
119 159
104 118
104 105
8 64
8 32
39 143
17 123
17 43
67 84
67 129
46 47
65 113
46 58
71 157
16 148
6 16
76 87
37 48
26 27
56 110
5 68
3 157
61 141
8 95
63 139
100 130
106 120
33 50
50 86
25 71
81 126
122 130
121 139
96 98
73 124
49 98
71 127
42 80
84 117
1 103
65 80
8 54
16 122
79 90
55 137
64 75
21 32
32 111
39 55
44 125
14 126
117 143
0 86
11 33
11 154
42 77
54 55
55 81
51 106
99 106
80 131
119 121
50 112
66 103
88 103
18 155
53 95
52 137
136 137
