45.966667
1
100
701
76243
213 292
300 332
98 200
131 263
54 265
192 310
32 311
67 92
124 334
2 340
215 312
264 292
112 218
262 334
195 339
37 265
184 200
13 232
136 311
164 202
85 245
105 245
117 222
242 334
134 202
182 292
314 327
67 265
148 183
248 312
191 240
89 183
35 222
306 310
267 312
168 311
168 196
172 232
39 339
171 200
73 339
242 269
78 254
123 183
151 337
196 222
82 202
94 310
32 227
5 263
127 232
2 263
116 245
106 280
181 280
132 174
113 132
49 132
229 292
258 303
68 206
27 68
42 174
68 228
53 259
259 340
77 259
47 199
47 186
47 88
33 47
7 47
92 176
176 231
63 176
317 342
218 342
303 342
252 277
152 277
75 277
44 103
11 103
103 227
163 284
129 284
122 249
61 249
155 284
71 249
284 286
249 283
50 143
143 257
23 143
150 297
150 302
150 285
150 237
79 100
328 334
234 241
43 234
234 254
85 142
195 308
296 343
4 269
41 151
41 347
147 265
147 200
4 88
4 108
41 203
339 349
190 223
190 240
190 233
112 250
250 325
250 301
61 158
158 261
158 329
272 331
243 348
279 326
30 243
211 272
121 239
305 315
86 216
235 271
72 166
52 278
111 304
145 156
204 235
247 299
236 278
268 322
137 177
29 166
12 279
110 279
217 235
278 319
119 247
21 111
96 247
86 343
64 111
130 239
120 137
58 268
69 145
26 137
166 169
209 268
188 305
189 243
0 145
139 305
25 272
239 344
60 222
56 290
56 78
140 312
140 311
6 56
8 183
245 333
263 338
9 17
101 287
38 135
9 291
38 84
101 295
16 345
83 153
281 320
16 97
83 90
91 107
22 162
22 28
281 330
38 266
16 193
62 336
1 160
15 114
55 321
1 104
65 230
55 194
22 205
91 180
9 346
40 232
45 198
45 74
91 208
281 318
45 341
15 93
15 273
62 246
1 141
62 167
55 118
83 126
65 159
101 178
65 288
80 81
221 256
81 253
244 294
48 51
95 207
59 289
149 221
76 185
36 100
34 48
59 260
157 307
185 251
221 282
157 313
36 323
102 285
70 95
102 332
102 128
87 309
87 191
138 175
87 210
18 255
18 300
18 187
138 165
202 293
138 335
293 310
276 324
3 212
185 225
179 244
36 316
99 186
244 286
3 314
57 59
48 201
95 146
46 157
99 170
81 214
276 337
99 238
226 280
219 258
14 82
14 175
277 342
4 229
133 219
68 133
220 229
258 349
125 258
47 296
296 342
147 259
132 226
10 68
14 280
42 173
42 109
42 154
8 229
1 229
270 296
143 328
258 293
147 270
219 239
19 42
103 349
79 234
16 219
143 275
142 274
20 274
150 275
20 220
176 224
115 277
161 249
79 166
3 284
111 296
10 190
56 142
62 328
79 221
244 328
66 79
45 142
91 142
41 338
157 308
125 298
109 161
144 173
60 137
31 250
247 333
24 298
243 338
24 272
226 305
224 235
145 224
279 293
144 268
144 278
38 140
197 281
22 197
24 55
9 40
101 161
31 83
24 95
40 185
59 161
65 115
81 197
15 115
40 66
66 197
31 48
