32.900000
1
95
2930
58138
149 316
129 257
157 316
346 375
74 221
130 378
88 328
357 359
256 359
20 374
364 382
311 379
64 331
281 291
302 331
104 139
53 246
24 139
4 48
55 139
106 319
116 219
177 321
51 291
105 184
105 235
4 269
137 235
19 240
273 321
183 257
19 203
240 293
123 354
109 325
29 86
366 379
215 221
25 219
154 288
193 353
315 333
182 321
359 383
365 382
122 360
116 306
36 130
8 377
173 269
60 202
15 355
80 304
127 363
328 330
38 269
335 359
32 355
83 130
15 241
132 363
36 277
298 375
277 319
294 372
205 271
237 310
208 229
209 354
180 235
61 355
284 306
5 288
140 340
305 334
120 240
247 328
302 365
318 325
268 334
82 313
257 342
152 384
213 221
201 310
79 288
363 367
174 340
329 377
234 268
331 399
122 310
358 377
95 271
241 382
350 379
232 251
232 384
24 253
197 288
270 363
186 229
27 276
202 231
30 316
333 343
50 271
79 318
49 268
309 354
2 340
144 325
306 385
0 209
115 130
25 372
184 372
228 328
80 202
60 331
33 253
74 111
111 214
37 111
76 226
187 381
243 253
181 243
156 243
63 262
35 382
317 369
245 317
236 243
53 299
155 299
299 394
194 398
216 398
210 398
139 398
221 371
139 371
9 86
9 129
9 160
9 227
72 221
72 271
169 269
223 319
199 299
99 354
99 225
99 235
146 325
146 373
146 279
146 264
0 259
259 265
75 259
259 262
59 361
59 164
93 160
93 372
236 349
219 233
136 233
233 386
22 251
135 276
147 274
113 324
113 247
22 303
113 226
135 338
220 328
22 153
108 135
113 356
96 312
220 268
121 147
96 335
147 260
147 158
96 203
349 381
112 142
224 287
224 263
178 224
100 150
150 330
47 150
249 396
249 386
249 390
249 397
58 343
58 250
29 58
118 288
7 387
40 128
40 52
40 124
40 56
22 392
228 252
252 310
266 275
124 266
266 320
255 266
76 96
31 78
31 399
31 98
31 212
99 308
42 235
35 362
54 141
141 142
70 141
393 397
104 393
377 393
187 368
40 73
76 118
138 306
138 384
150 151
21 90
90 125
162 225
162 305
20 162
146 199
326 380
141 292
59 317
168 367
13 168
168 280
18 126
238 296
238 245
172 238
41 191
191 307
18 33
288 323
90 282
206 261
77 206
314 315
314 391
41 314
314 370
117 384
167 374
167 231
163 167
167 186
90 392
73 326
12 126
12 254
12 54
10 12
94 345
170 345
345 353
196 360
196 275
6 373
297 380
297 369
3 297
198 298
258 325
179 217
39 62
176 286
26 272
85 103
26 256
26 347
119 197
267 295
176 301
62 102
103 107
119 190
65 278
110 179
119 283
295 352
179 248
103 131
28 176
278 290
87 242
62 207
295 341
87 89
278 344
9 223
200 322
48 200
200 313
282 345
57 362
97 291
97 230
189 230
189 251
188 189
11 61
11 13
336 340
16 91
16 71
23 389
23 376
16 159
23 34
44 361
14 127
14 375
166 319
46 69
46 229
166 387
57 224
148 363
43 165
211 339
171 337
133 321
204 304
84 192
67 165
114 240
204 222
17 257
143 285
285 300
165 395
239 244
101 171
244 351
45 211
68 204
161 285
84 218
195 211
27 84
17 316
92 115
92 134
379 388
202 348
223 289
81 145
81 82
81 193
175 332
175 260
130 185
1 169
135 220
62 72
327 398
23 72
99 295
112 206
147 258
16 220
249 336
42 87
289 388
7 171
1 133
6 278
66 198
103 148
179 327
66 176
44 244
114 285
165 348
185 211
