2.245505
1
32
59239
403981
31 108
94 177
29 176
21 82
76 171
48 136
35 79
129 155
11 130
4 65
83 173
78 173
108 155
27 136
49 173
41 49
44 46
46 130
43 177
102 171
20 177
38 130
99 176
112 155
24 130
74 136
8 166
5 82
1 99
129 136
35 166
0 6
20 71
79 150
88 150
69 150
90 91
12 91
68 108
58 101
32 91
81 101
18 106
46 62
46 72
94 149
39 166
39 108
46 153
111 153
49 56
46 156
108 156
18 161
161 171
41 60
34 153
6 59
136 167
45 160
123 160
108 160
57 176
57 166
140 177
108 175
135 175
139 175
1 103
150 165
28 80
91 143
91 146
28 167
64 80
26 71
69 105
17 120
106 146
26 150
101 140
2 49
2 98
143 149
162 175
106 110
95 155
53 130
53 173
105 134
17 101
108 169
30 169
148 169
36 84
14 95
31 96
85 96
4 89
106 152
133 158
97 133
5 133
66 173
75 165
51 119
96 119
6 126
13 162
89 134
9 14
117 169
25 56
40 49
40 82
34 54
131 171
9 59
46 163
84 133
65 67
107 155
127 163
36 50
15 49
102 137
55 149
42 171
91 178
33 98
144 171
3 47
48 52
116 153
16 25
68 128
34 47
86 117
10 89
63 126
75 132
104 112
37 116
7 178
46 145
19 65
125 176
122 177
87 158
49 154
22 120
71 142
109 150
127 164
60 61
160 170
103 114
67 73
10 118
16 77
15 23
132 179
82 168
65 124
46 121
49 147
60 157
54 174
50 151
63 93
33 92
86 115
47 113
128 172
52 70
52 138
37 100
37 159
7 141
