16.430952
1
46
5
125350
17 42
40 86
93 102
28 194
158 193
50 114
148 151
103 161
9 95
161 171
153 171
57 171
79 171
56 120
79 120
74 120
152 154
148 152
96 152
21 152
65 155
104 155
80 155
127 170
73 170
51 140
42 140
98 140
17 72
47 181
72 93
72 136
69 72
25 158
25 40
7 25
96 162
8 43
162 180
38 43
43 114
85 132
95 132
49 132
24 115
115 198
91 115
53 68
78 133
78 126
59 78
52 68
68 81
75 100
75 183
71 90
71 102
87 189
87 145
83 196
71 199
83 177
28 31
31 86
94 101
46 94
94 165
64 173
64 195
10 64
58 92
31 113
71 169
83 110
87 193
164 172
103 172
143 172
47 124
45 182
61 124
107 142
70 184
142 175
50 142
19 116
99 116
39 116
30 70
41 182
20 108
108 194
11 122
97 122
122 169
16 108
9 128
128 188
35 44
23 44
54 118
44 167
6 128
0 54
135 151
135 136
168 179
168 185
141 147
14 156
14 18
76 141
48 135
159 168
60 141
66 144
3 92
89 190
3 29
34 178
4 33
1 89
166 187
89 192
66 129
166 197
34 160
66 82
4 37
117 166
32 191
2 112
2 138
84 146
84 176
32 134
2 88
32 149
84 127
167 186
13 82
10 13
73 109
123 143
156 163
63 197
109 159
163 188
15 155
22 45
152 181
27 65
55 118
55 144
27 184
15 43
162 170
64 181
72 83
108 170
106 171
5 181
43 162
12 139
140 174
15 137
15 141
36 170
58 139
120 125
68 87
75 94
5 58
106 155
105 172
25 119
131 132
68 131
78 157
58 62
67 182
115 119
15 26
67 122
181 186
4 12
87 121
111 155
12 32
124 150
116 150
44 157
75 130
25 63
58 77
34 121
130 137
2 125
89 106
