4.670998
18
31
20
8269
41 140
24 71
65 110
78 110
88 110
4 138
14 73
156 158
88 158
43 129
33 129
68 129
13 29
86 124
7 130
86 130
127 130
2 11
24 98
67 98
107 143
70 91
12 91
91 94
91 156
38 69
53 69
21 149
33 149
11 129
2 119
100 154
59 100
48 133
127 133
133 157
56 133
38 128
128 154
107 151
89 151
137 140
13 137
81 112
110 112
39 131
44 135
60 117
87 117
73 117
37 145
57 95
39 103
97 104
96 122
122 157
31 99
14 36
36 41
63 105
101 147
12 101
64 94
29 91
4 9
9 159
9 93
9 21
47 75
37 114
90 114
114 148
15 71
15 105
23 104
23 152
23 109
47 158
26 108
17 120
17 123
17 96
29 66
30 115
30 81
80 153
80 126
27 84
95 124
32 111
11 125
11 66
11 141
27 158
19 62
19 28
0 102
0 49
0 31
69 137
83 149
92 98
18 119
16 149
10 124
72 91
11 74
130 134
76 138
76 136
20 98
18 151
40 143
1 54
1 111
1 132
117 133
121 143
117 139
83 145
135 151
16 131
20 69
42 44
8 42
42 113
55 126
55 108
46 116
46 146
46 58
51 119
11 23
52 117
45 82
45 150
45 144
22 144
35 52
106 118
85 103
61 118
6 106
3 145
61 134
99 142
10 155
34 131
99 121
5 131
74 77
79 95
25 79
50 131
26 141
22 130
32 99
19 64
5 46
