17.512651
1
45
6
852617
15 136
4 119
71 105
41 153
33 113
4 113
89 113
57 113
16 147
117 147
33 147
42 159
96 159
151 159
52 82
13 95
46 90
43 90
21 90
24 131
41 131
13 131
56 133
105 133
31 133
70 85
43 54
32 77
28 77
24 84
58 84
19 84
3 137
55 144
44 137
92 114
67 137
111 114
130 144
39 144
12 74
35 74
125 148
63 65
81 159
82 97
82 121
80 103
70 103
54 148
5 125
5 83
54 99
54 65
5 155
91 102
64 102
0 98
94 106
15 106
18 79
78 98
138 154
68 122
53 122
30 79
100 154
77 124
75 77
47 50
8 93
6 27
26 49
7 9
84 149
74 75
34 74
45 82
29 127
29 63
29 36
20 85
14 116
14 76
14 59
103 108
146 159
45 84
85 144
5 129
79 128
154 158
102 110
106 143
38 71
122 140
98 107
49 62
93 156
10 118
10 40
9 86
49 115
50 51
1 153
23 60
10 136
109 132
109 119
50 135
23 34
17 72
27 88
17 81
109 139
27 126
123 152
17 37
123 145
9 69
1 25
23 87
93 134
1 120
66 113
20 146
54 104
131 142
95 150
22 95
22 90
82 141
104 114
95 101
45 103
11 82
48 95
74 142
45 61
85 106
79 85
66 133
9 45
20 73
20 157
38 129
112 142
101 137
102 146
29 123
2 104
50 104
2 14
98 150
73 122
141 154
22 27
49 73
93 101
