6.674319
3
41
19652
104324
163 182
16 92
80 148
127 173
81 166
63 81
67 94
35 160
68 91
48 105
44 151
58 81
21 66
147 151
116 184
52 163
39 170
142 175
103 160
43 135
27 89
90 137
122 177
150 177
149 177
167 177
37 130
10 137
0 78
64 137
80 137
81 125
111 175
109 138
55 138
138 148
6 138
138 195
65 170
12 160
17 158
82 155
25 141
90 114
129 167
74 195
100 195
27 175
172 190
53 100
55 102
16 53
82 151
3 92
141 185
99 185
54 190
79 106
90 183
122 197
88 195
188 190
84 130
158 173
83 170
58 130
2 195
20 68
87 111
92 181
89 163
67 158
102 127
21 106
31 102
113 141
40 179
106 130
77 159
30 177
59 163
33 125
33 93
133 138
133 155
13 72
72 84
112 133
0 133
33 59
133 159
90 123
23 138
5 176
5 184
15 78
140 174
140 175
15 30
165 197
119 165
66 165
165 176
83 194
141 194
76 161
14 76
94 117
117 135
117 190
131 151
20 131
51 93
144 186
87 186
73 90
40 51
49 51
51 161
77 164
7 137
26 185
75 123
42 52
158 198
137 171
118 171
60 160
28 137
28 180
28 39
23 153
53 104
69 104
46 71
71 97
71 125
71 107
86 98
22 29
29 190
128 146
42 128
32 46
41 167
138 168
26 98
120 180
120 126
32 47
78 136
57 177
143 154
56 132
132 139
34 45
34 121
34 116
60 136
86 132
134 160
143 153
8 95
8 56
19 156
19 102
1 152
50 90
50 124
61 101
50 189
1 199
61 178
61 99
2 11
11 192
11 62
4 195
4 105
1 128
24 103
24 108
107 162
162 191
9 125
9 196
110 145
70 91
105 110
70 85
36 48
36 157
96 156
38 193
38 187
96 115
18 38
96 169
38 194
