5.725941
1
32
2
752409
3 9
90 96
72 137
44 94
13 94
66 94
55 94
23 95
82 95
39 116
11 116
91 121
63 98
36 137
68 106
36 69
36 117
63 131
22 135
43 52
2 65
20 52
21 53
1 53
83 138
96 133
10 133
42 138
21 110
44 138
68 114
36 80
14 97
31 33
28 60
22 57
78 81
53 124
138 139
97 104
35 76
33 93
97 118
57 74
57 103
81 105
81 85
70 114
60 100
33 129
35 131
33 123
81 129
0 109
67 136
82 109
42 79
61 107
41 77
23 119
11 134
2 107
32 119
31 136
8 107
28 77
7 109
26 29
13 29
24 77
111 112
62 71
25 56
49 102
111 122
78 122
34 84
54 84
94 95
37 134
98 134
88 119
112 128
69 71
56 91
102 130
46 48
84 126
30 86
5 40
5 125
30 58
4 9
17 90
17 64
17 92
4 19
4 12
94 116
122 132
102 132
5 100
45 68
68 121
59 68
52 95
95 110
61 113
34 75
25 89
43 101
49 99
6 37
87 88
16 55
65 116
45 108
45 97
57 59
94 122
27 123
15 80
53 127
70 138
35 60
45 115
120 121
59 84
36 51
17 121
18 110
51 108
30 135
46 60
4 120
73 133
38 110
47 127
50 56
