5.848742
1
24
7
1044421
34 64
6 67
41 75
2 71
34 98
84 98
30 82
38 60
58 60
17 87
29 87
55 60
64 93
47 93
51 62
41 62
52 99
13 32
3 73
52 73
39 54
2 54
26 49
50 56
26 57
14 33
6 9
25 31
19 88
7 37
15 86
15 20
21 92
21 77
21 66
22 43
22 59
22 48
43 80
59 69
48 99
73 91
54 67
10 97
8 27
8 36
10 75
8 76
56 83
10 40
57 82
23 98
19 23
33 90
9 79
9 30
37 71
24 45
4 53
4 95
24 81
24 74
4 65
54 98
36 44
5 32
5 73
1 42
16 19
19 78
85 87
5 11
42 62
1 78
5 56
56 72
80 96
16 69
61 98
1 12
21 78
23 70
23 31
31 89
12 60
11 85
37 46
19 63
1 18
15 94
22 94
5 28
44 46
35 72
23 68
0 93
33 96
4 78
24 70
