4.757425
19
40
42973
94824
24 128
38 83
94 151
80 174
136 184
7 23
152 166
95 128
1 126
78 98
174 178
11 188
78 160
67 129
46 132
66 132
17 184
26 126
81 171
91 126
21 98
8 34
154 188
117 152
80 143
29 114
117 172
62 152
22 107
1 23
77 180
51 104
16 198
151 174
26 116
124 126
133 190
21 38
3 180
159 191
123 176
16 139
58 159
36 76
139 187
59 176
87 158
8 49
15 49
49 94
49 81
57 174
25 159
121 152
28 196
14 196
109 196
61 67
51 61
61 99
58 65
65 98
102 104
34 185
107 185
13 126
20 41
162 184
19 142
142 168
90 142
156 158
49 156
41 54
37 172
34 183
98 183
57 61
107 147
37 139
8 173
173 188
6 55
13 55
15 32
32 132
34 150
28 150
52 96
52 116
29 52
25 122
74 198
74 87
40 132
59 147
6 196
20 150
150 169
52 167
47 166
122 163
11 138
141 185
128 153
97 171
64 97
12 180
61 162
79 187
93 177
38 177
113 160
110 113
72 108
73 108
82 118
82 83
105 136
55 153
177 193
48 167
85 112
17 85
27 193
40 186
159 197
99 101
70 101
76 197
12 186
9 129
9 45
103 163
84 178
84 137
43 190
43 169
114 135
135 194
39 128
39 73
140 188
30 175
30 53
22 30
119 120
14 119
119 146
7 44
44 68
18 165
140 142
63 192
63 66
161 189
10 148
10 23
106 193
31 69
31 33
31 118
18 153
100 115
115 157
88 170
88 145
54 115
47 161
4 155
4 143
71 191
71 75
71 181
5 109
5 179
88 153
2 130
2 86
2 49
125 134
86 125
125 131
35 164
35 165
56 92
89 111
42 56
111 199
56 73
0 195
60 182
50 144
50 68
50 127
60 149
60 148
0 189
106 111
