36.480952
1
90
6750
71621
73 165
246 301
182 346
173 219
183 254
253 346
52 75
311 323
50 239
137 325
170 219
236 321
137 267
69 75
324 335
78 309
23 342
21 329
207 318
278 323
119 185
274 325
136 308
15 254
131 162
132 173
181 342
8 75
282 336
303 332
317 325
161 219
77 254
172 346
34 342
42 217
135 323
40 308
68 287
279 314
140 299
257 308
320 336
267 332
104 141
228 336
148 348
141 148
120 148
107 184
180 184
208 330
132 208
67 208
174 208
125 322
97 322
165 322
213 260
167 260
80 260
285 337
283 337
109 121
94 121
54 124
54 307
54 118
276 297
78 276
157 276
102 129
102 343
102 117
48 102
87 198
72 198
198 227
225 290
86 290
203 339
43 316
43 236
43 57
23 43
277 336
32 243
243 295
117 243
122 248
68 122
92 122
7 56
5 238
76 159
5 16
76 301
38 240
27 186
38 170
27 110
7 151
5 293
7 233
76 100
7 261
38 140
27 41
27 147
38 245
91 185
91 144
86 145
55 204
11 204
204 271
221 232
175 230
160 234
62 160
160 253
28 160
85 199
199 269
175 199
199 282
64 156
156 262
176 321
31 156
18 176
176 211
255 275
24 255
60 255
209 255
54 102
116 300
12 325
171 179
135 179
179 349
179 305
196 339
3 196
196 286
130 333
101 130
130 215
130 318
116 260
115 329
115 188
1 331
1 50
115 239
1 106
10 256
256 268
231 256
139 346
58 335
72 192
58 328
58 104
139 323
217 235
235 327
44 235
235 314
273 337
96 101
96 202
33 96
150 223
191 284
191 205
46 112
114 306
114 313
114 263
46 212
229 254
46 264
191 249
47 153
153 207
153 312
200 322
54 76
138 142
83 308
168 265
168 319
142 304
206 220
20 206
13 66
66 154
26 142
67 168
79 206
133 219
19 74
74 279
74 237
89 324
89 111
73 89
36 123
123 326
123 189
113 294
113 340
21 113
76 164
121 192
71 99
99 178
99 289
93 338
51 240
75 291
39 60
6 131
4 42
39 292
39 341
49 98
63 166
152 193
146 187
146 186
81 88
226 252
242 266
146 327
81 128
224 345
25 270
25 151
90 143
63 214
25 287
169 190
6 84
149 224
95 126
35 280
30 242
126 195
51 71
90 246
242 247
82 226
81 299
4 177
152 221
152 281
4 309
90 344
190 315
98 127
126 216
45 251
190 334
226 258
2 45
224 310
35 250
93 103
45 65
291 342
0 35
53 63
98 259
93 300
121 200
332 347
335 347
133 184
164 296
148 291
122 203
201 208
201 322
230 290
54 192
203 241
51 337
43 232
134 184
210 276
12 272
134 260
272 298
5 273
158 344
9 85
158 244
9 189
156 204
145 288
14 61
218 277
160 230
176 230
153 203
235 277
70 102
61 197
5 196
155 298
91 194
14 160
22 198
155 194
37 290
203 242
114 145
105 255
17 232
222 277
150 156
163 243
145 206
7 29
163 204
98 232
1 210
59 288
46 105
59 256
142 192
108 197
105 222
126 218
105 190
17 83
66 229
222 229
37 191
63 229
70 226
6 29
108 302
22 35
224 302
45 302
