68.783333
1
147
2365
52154
95 267
399 447
76 245
31 241
68 496
19 191
459 499
208 454
232 266
19 384
371 451
388 447
471 478
345 454
87 121
290 415
244 322
231 479
225 260
232 464
46 421
429 490
96 241
125 451
169 415
88 474
165 177
99 260
126 266
166 415
198 241
163 496
108 260
6 266
149 474
376 422
46 284
277 499
157 422
7 403
319 447
211 284
385 495
189 434
274 326
117 322
143 155
280 479
76 499
311 434
303 478
9 177
36 394
58 348
348 384
174 434
494 495
234 422
221 284
171 267
143 177
74 454
108 485
265 495
271 360
209 474
43 384
166 476
256 478
393 447
256 352
288 496
229 388
153 322
87 451
41 479
190 490
240 267
291 490
359 407
136 407
93 308
29 477
262 477
134 477
33 472
472 480
36 472
184 458
255 458
404 458
308 407
427 439
341 439
359 439
360 439
142 358
101 142
121 142
102 237
9 102
94 102
102 218
353 418
258 353
353 450
135 387
387 436
180 387
325 350
58 325
282 325
213 322
410 451
228 489
127 333
333 394
38 333
22 489
22 487
22 49
230 391
391 466
191 391
414 421
408 414
400 414
335 468
137 468
468 469
226 347
226 352
40 226
70 214
70 463
70 365
25 135
184 300
129 164
59 129
129 445
25 159
25 55
25 286
129 417
133 285
133 168
133 205
383 442
110 383
79 383
93 131
131 498
131 185
100 380
100 326
82 355
284 395
242 454
82 229
98 384
82 144
100 473
24 37
24 75
241 405
267 405
170 445
18 170
170 343
132 260
132 490
183 222
183 349
32 202
86 114
48 448
248 310
32 432
115 462
199 486
66 398
16 368
206 278
62 493
248 491
63 294
199 332
16 145
128 287
158 422
27 389
248 272
128 175
206 295
73 430
183 315
128 331
32 305
406 474
62 273
73 381
62 152
86 154
106 207
115 120
106 210
64 203
64 179
26 324
64 91
71 386
27 243
63 105
73 363
63 443
66 342
206 411
106 196
27 97
48 216
86 317
26 378
302 496
71 238
26 235
66 246
115 181
71 252
16 497
199 470
48 283
113 499
113 478
53 118
118 465
118 403
77 138
8 77
77 155
306 312
312 340
312 476
415 438
276 364
264 431
92 116
316 346
182 449
35 346
42 320
261 281
354 424
224 337
34 116
90 314
80 361
212 224
50 281
2 292
227 264
60 323
314 382
156 249
344 372
5 449
250 253
192 354
28 264
0 390
292 413
346 428
141 361
390 483
130 249
148 257
72 320
10 339
289 354
122 314
329 402
323 456
270 323
116 124
257 268
103 123
83 250
254 357
173 344
178 250
281 467
449 453
123 194
249 373
161 344
364 481
320 409
150 339
65 224
57 254
402 444
361 426
140 292
204 257
339 475
233 364
336 402
13 390
220 254
30 123
22 308
139 447
15 266
167 464
167 188
236 318
3 236
236 245
7 151
11 89
89 298
151 461
89 485
151 397
416 458
146 247
247 393
247 457
177 197
197 495
1 12
147 201
301 327
39 56
109 307
259 401
297 338
293 297
119 441
160 425
107 301
275 304
119 351
219 370
78 119
61 160
56 176
21 275
23 67
215 328
12 330
307 375
299 434
186 479
219 274
160 377
259 433
51 219
52 259
104 263
313 374
328 484
307 412
313 440
14 147
328 488
69 104
147 162
301 420
275 356
4 23
104 269
23 296
297 437
56 392
17 313
12 423
223 237
334 477
45 231
47 353
407 452
353 410
213 333
187 410
142 383
20 477
22 187
20 472
213 468
228 460
111 416
47 170
439 455
228 379
325 405
223 458
133 187
81 416
54 102
187 200
142 396
32 410
86 416
47 172
54 387
193 410
279 391
187 206
47 151
251 334
300 334
112 414
100 460
239 334
15 228
89 213
213 367
307 416
242 300
131 242
98 239
63 460
44 300
200 321
84 251
56 187
300 482
195 334
217 379
366 492
226 438
82 132
200 309
16 492
24 419
85 239
200 406
239 302
362 468
111 446
44 48
195 395
77 492
27 309
66 302
183 435
199 309
128 435
106 482
85 248
73 419
115 158
242 249
98 323
264 492
70 369
44 254
435 446
25 299
366 438
313 395
98 275
104 395
112 346
320 406
158 344
85 257
354 406
449 482
309 339
116 482
172 419
279 328
113 250
15 62
45 70
186 217
158 367
26 369
85 259
23 419
12 302
71 396
119 435
112 297
64 186
15 292
139 390
160 438
186 314
361 369
123 455
364 455
299 402
281 396
224 452
147 362
139 301
