5.944968
3
27
12
159987
36 116
64 101
9 48
0 119
29 81
31 108
89 110
27 114
100 114
36 114
44 92
77 92
26 92
53 110
38 53
53 138
24 53
25 77
9 25
25 50
25 118
25 121
85 124
68 85
22 85
34 85
111 126
40 126
105 126
16 93
23 93
131 139
117 139
14 139
39 71
95 134
31 95
54 95
11 71
11 84
11 109
11 27
23 91
52 91
96 123
70 133
108 133
8 81
5 8
0 8
59 63
17 59
6 59
74 83
29 74
38 74
87 120
16 120
21 40
21 137
43 82
21 48
21 101
43 86
43 88
41 102
12 41
41 129
47 99
75 99
66 69
68 69
70 135
90 136
46 90
20 90
51 107
65 79
32 79
7 72
73 117
49 116
49 64
57 67
57 119
76 127
76 94
57 118
62 88
28 132
53 59
39 91
56 104
6 42
56 80
42 122
60 125
125 132
112 114
35 58
35 51
39 97
10 32
4 126
7 53
1 95
37 39
4 123
115 139
78 92
53 98
123 135
18 95
43 69
85 113
113 126
45 128
107 133
8 13
15 104
15 66
61 133
41 135
106 123
13 45
2 95
30 61
73 74
55 120
8 130
19 69
79 112
33 99
28 128
78 99
33 90
3 79
76 106
3 103
