37.345592
1
86
6
359988
119 158
31 143
92 227
21 75
134 217
78 283
6 218
242 263
39 263
52 263
165 181
78 181
143 181
116 148
89 148
29 148
84 259
64 187
94 187
48 187
95 240
31 240
170 240
65 152
177 186
21 162
250 298
217 298
13 298
18 267
41 267
105 267
41 150
19 124
222 271
193 197
211 230
102 172
71 172
110 172
158 281
185 229
118 281
256 281
34 249
243 278
173 292
205 279
69 239
58 239
14 188
176 286
168 249
151 178
258 290
101 290
27 249
297 299
245 278
33 292
11 290
200 286
228 292
232 278
233 239
52 286
92 188
4 178
5 299
7 178
260 299
88 279
227 279
170 192
9 272
269 272
135 294
66 272
77 294
47 294
142 192
38 117
75 117
119 145
20 145
116 284
2 270
106 270
130 284
171 263
76 114
6 67
57 67
210 221
144 216
90 169
12 169
152 238
162 293
186 219
162 194
186 225
152 283
112 139
96 247
40 159
156 255
85 202
50 159
68 214
36 276
82 276
191 202
209 212
54 115
127 214
59 212
43 115
129 247
252 255
124 163
124 237
61 73
136 229
225 229
46 93
84 113
37 108
3 45
15 100
24 123
35 49
74 153
87 97
188 207
26 122
183 231
195 231
192 234
117 257
145 261
284 288
284 285
270 275
114 136
114 296
114 161
186 282
16 111
16 222
16 23
42 211
42 79
42 295
8 80
8 254
67 189
124 282
122 216
216 271
32 53
32 62
44 98
44 157
44 83
55 179
0 10
131 190
131 133
91 223
55 140
91 266
55 203
131 201
72 253
1 236
1 63
1 235
0 241
0 30
91 206
72 103
72 175
32 149
169 197
259 286
259 279
162 174
186 277
139 218
139 147
276 289
214 220
159 215
202 248
247 291
212 280
115 132
255 287
28 125
172 277
73 141
73 134
160 210
49 137
97 146
108 213
160 193
108 268
123 199
93 198
123 230
100 224
113 167
113 264
160 180
100 138
45 196
97 184
153 204
93 120
45 121
49 262
153 251
26 28
60 148
26 229
150 294
174 192
152 270
16 259
22 221
60 221
81 282
182 187
221 226
150 284
22 152
169 282
128 263
154 171
272 294
104 290
107 124
276 282
8 125
109 150
181 273
17 281
56 259
0 150
51 240
28 274
155 239
155 278
70 292
166 249
51 298
162 208
174 202
174 265
86 267
42 104
128 299
104 216
8 99
154 187
178 273
26 49
25 81
104 244
26 231
164 272
22 131
91 182
17 244
99 139
44 70
70 72
32 166
22 214
159 182
99 246
17 45
17 100
60 108
60 93
155 212
70 265
166 246
25 126
56 155
1 208
55 164
153 274
86 247
208 255
115 273
97 164
