21.869048
1
70
32692
76029
33 247
177 229
270 288
136 276
182 193
61 158
2 153
104 142
248 268
47 151
134 229
167 289
140 144
15 220
113 144
120 278
226 247
87 180
96 289
164 244
1 269
12 256
119 201
94 278
37 142
52 192
130 227
182 269
158 288
200 245
87 202
95 247
207 279
86 229
175 279
34 289
70 292
146 180
119 144
186 255
55 103
12 220
150 160
30 276
130 153
58 248
63 192
55 218
115 209
2 65
253 269
105 248
126 222
62 244
124 180
108 149
16 225
133 153
13 215
103 123
217 288
72 245
169 255
8 150
58 167
26 73
75 276
161 178
220 258
7 255
176 278
97 279
70 192
97 218
54 93
135 225
34 295
126 279
5 285
93 222
201 225
159 278
47 278
121 150
73 103
146 287
79 93
38 210
210 242
166 210
207 212
21 48
3 48
154 294
150 187
44 188
44 113
44 153
170 250
170 227
170 296
44 247
280 291
103 291
170 266
28 225
170 212
91 116
69 91
89 91
162 170
173 177
214 266
48 189
14 279
44 145
76 91
204 272
185 272
151 272
212 283
9 251
92 251
46 246
93 246
48 191
188 297
241 297
124 128
257 274
256 257
122 165
122 268
57 127
127 166
127 274
127 197
26 127
106 155
101 162
88 229
210 224
211 245
141 259
218 259
183 193
125 248
125 144
192 277
154 297
206 288
202 206
165 206
206 264
50 273
50 175
50 260
74 156
74 262
42 74
74 114
155 187
76 155
28 155
214 251
189 224
14 272
22 46
22 229
152 168
5 168
168 282
109 289
109 244
243 298
108 243
243 280
194 243
49 244
0 81
0 241
0 39
0 6
168 212
19 297
19 275
59 120
110 288
110 269
98 101
111 145
18 128
32 131
32 137
23 32
85 235
82 85
85 258
53 85
98 211
36 143
184 281
281 299
208 281
56 80
56 65
40 56
180 263
209 263
132 205
132 287
11 225
20 213
13 20
20 115
25 40
17 25
25 51
139 233
60 139
74 88
66 252
252 254
142 252
44 281
129 203
203 298
203 271
18 157
43 78
78 172
180 231
231 255
4 282
4 41
4 171
29 253
29 261
29 45
29 117
206 277
24 230
24 77
24 84
36 145
64 292
64 68
174 277
163 215
163 265
147 275
179 236
227 238
71 104
238 293
148 181
199 223
181 228
216 220
138 181
71 198
31 71
236 237
195 199
27 238
199 209
83 276
239 284
102 196
239 240
10 90
107 178
10 99
112 219
10 106
112 143
107 118
107 295
102 149
112 249
35 239
102 190
100 234
100 286
37 100
221 267
161 221
142 221
78 173
67 232
232 262
232 290
44 181
32 157
183 236
50 83
11 139
147 239
24 216
