46.400000
1
98
16814
76917
127 250
84 325
252 347
135 314
65 164
168 295
22 316
109 331
77 232
194 314
55 319
218 295
254 331
116 325
100 312
45 291
183 326
156 316
66 278
180 291
159 291
343 347
163 256
259 326
308 314
197 252
9 232
125 278
14 316
274 342
155 312
199 331
210 318
231 257
239 319
277 319
148 342
6 143
76 236
165 325
243 326
318 342
197 278
86 347
171 256
0 312
213 295
162 232
62 236
64 256
151 236
212 227
3 227
202 345
45 202
46 202
153 202
149 302
200 302
195 302
13 284
13 48
203 223
223 270
186 223
241 347
206 241
143 241
10 129
10 54
10 264
10 339
52 233
130 233
205 233
233 268
49 134
134 222
134 284
61 304
61 126
61 128
43 61
106 267
267 334
251 267
119 280
244 247
74 247
247 304
59 119
26 119
5 216
5 270
5 271
5 57
176 326
93 314
24 253
24 111
23 24
78 245
87 296
87 118
230 281
87 225
83 87
175 333
75 175
160 330
230 338
278 349
342 349
280 349
70 94
2 122
175 344
121 243
2 317
121 331
70 161
2 248
70 158
78 255
175 249
160 310
101 160
30 78
166 230
2 185
78 178
65 146
146 287
146 172
105 346
8 237
177 311
8 298
141 291
105 300
105 210
95 256
71 85
71 231
71 137
8 228
177 315
177 296
82 215
82 336
82 249
97 313
97 127
97 303
27 50
102 232
27 48
27 92
219 316
104 312
33 246
120 301
96 120
217 261
20 214
32 220
63 120
67 72
98 132
276 317
211 214
193 246
19 217
1 220
72 136
245 276
36 179
276 292
246 285
11 98
214 290
90 179
144 217
179 188
220 242
170 339
170 323
145 170
16 236
99 207
42 221
4 34
181 309
47 169
147 234
47 297
28 322
7 41
42 190
99 189
42 283
7 209
7 288
47 53
4 348
147 150
56 88
25 319
28 123
181 184
28 131
4 152
147 306
99 269
56 305
181 229
56 114
187 208
39 81
208 265
273 320
89 250
35 37
12 112
174 204
112 139
112 337
173 262
60 69
201 224
81 260
263 282
208 275
273 293
133 341
238 273
124 182
224 257
224 307
69 167
18 80
18 164
18 117
108 295
192 335
142 192
263 324
192 268
133 196
29 173
37 272
81 113
31 174
69 235
89 240
68 325
124 191
44 263
51 133
37 198
173 328
174 286
21 124
40 89
157 228
17 116
17 86
202 329
24 202
115 266
227 299
13 110
119 266
134 267
141 266
140 302
10 58
134 349
227 289
70 115
2 115
107 266
7 13
13 147
13 133
230 247
61 141
24 58
93 160
70 160
157 302
108 223
8 93
58 177
71 176
73 241
58 79
233 279
93 340
102 247
38 154
5 104
89 115
104 175
267 332
10 289
107 154
176 327
110 138
103 119
258 329
121 258
42 121
95 98
141 246
91 95
174 329
18 329
173 176
79 104
230 279
81 121
87 226
146 294
95 192
27 219
179 219
140 220
102 217
181 299
102 321
120 332
68 72
214 294
25 327
4 16
15 47
15 99
15 321
15 208
28 226
56 73
25 273
25 69
16 73
16 124
103 263
37 68
112 332
