6.538095
1
35
19378
115329
159 169
13 104
54 113
15 176
132 138
9 156
40 107
38 83
112 156
105 169
15 75
22 171
7 89
105 156
125 155
104 156
55 160
135 150
43 55
8 55
25 157
157 166
116 157
65 157
37 75
1 58
74 84
30 104
62 92
11 25
20 132
27 150
40 132
34 171
50 132
118 169
83 90
5 150
75 89
19 90
17 92
0 90
0 37
93 130
130 144
70 130
92 109
55 109
75 120
120 160
63 103
12 63
11 63
36 86
36 162
33 36
36 127
36 125
52 70
117 151
62 117
76 163
69 122
122 152
79 122
30 76
31 76
38 76
74 175
54 175
162 175
113 139
36 109
41 90
41 150
122 130
136 171
55 136
120 122
63 173
73 132
73 156
35 82
82 176
92 149
50 64
24 57
57 167
46 85
85 151
146 153
146 163
61 133
3 8
3 10
66 157
24 66
6 48
16 173
53 139
157 177
171 177
130 172
24 115
47 115
97 115
158 179
24 158
4 158
60 158
98 149
56 166
106 154
106 133
42 72
72 141
102 162
91 129
107 129
109 170
14 28
147 150
36 72
76 111
119 175
120 143
28 121
121 172
61 119
7 81
81 99
39 138
39 58
134 153
48 102
26 178
21 126
126 131
108 126
126 168
49 116
49 110
26 143
6 78
78 96
78 100
68 123
68 87
21 68
68 178
32 168
18 32
23 148
23 84
114 176
114 165
95 114
45 93
29 45
45 88
51 140
51 67
14 51
2 94
1 44
44 77
94 174
142 161
94 110
86 142
142 145
101 164
101 140
80 124
80 137
71 80
48 80
59 128
53 59
