16.454762
1
45
15492
125099
117 174
79 196
134 163
39 88
31 88
88 97
49 100
24 175
33 174
130 160
38 79
48 117
0 100
27 107
71 169
68 105
54 62
60 116
93 151
16 97
19 79
32 107
75 160
167 181
66 169
100 146
59 181
158 159
83 151
69 78
57 78
115 155
48 168
107 132
137 163
0 61
10 138
17 80
86 137
1 143
63 163
16 129
175 176
80 177
42 107
37 116
31 146
85 155
122 129
124 169
151 184
111 155
95 163
13 114
92 105
72 115
158 175
116 120
160 197
179 187
17 114
55 80
76 117
128 151
84 105
24 153
183 188
114 188
12 188
96 188
64 77
36 131
121 168
102 121
92 121
110 121
121 123
4 91
91 117
91 160
78 194
185 194
4 22
22 27
22 30
143 190
190 198
90 190
145 190
34 105
162 197
152 162
162 172
153 162
52 98
98 199
98 125
99 171
53 62
53 191
67 129
53 184
53 152
34 131
20 162
77 108
7 40
7 54
7 43
7 186
74 116
74 125
74 79
46 74
103 196
103 129
20 108
73 106
73 175
73 78
73 188
161 170
161 185
161 178
15 67
8 80
70 109
70 140
23 70
60 182
106 182
163 180
88 180
112 123
46 81
81 89
10 82
82 181
100 139
36 51
51 136
13 142
142 189
142 156
26 35
135 144
6 135
35 44
135 147
56 94
94 173
94 195
35 165
5 107
99 194
15 82
3 65
3 198
21 25
21 101
21 179
9 126
9 134
67 190
155 192
50 133
50 113
50 154
127 166
45 148
47 127
45 64
164 193
18 164
141 164
14 169
28 127
87 183
87 119
2 186
29 149
2 11
29 58
29 187
2 41
104 157
72 104
104 150
78 118
118 155
7 70
67 94
50 67
14 53
8 21
5 35
82 127
139 164
135 192
