10.706190
1
28
35
1246905
58 86
27 97
20 65
1 65
3 41
21 97
2 41
16 86
55 86
7 90
1 16
10 41
29 97
50 90
4 48
23 44
37 44
4 78
25 48
14 38
35 38
6 47
19 47
77 79
54 79
30 94
72 94
15 25
25 44
19 99
95 97
0 90
28 40
8 17
5 22
32 52
81 83
75 83
49 69
34 43
53 69
9 94
13 65
15 60
31 41
44 85
78 79
12 48
25 26
47 60
9 12
25 43
38 99
9 36
80 85
33 79
80 93
13 79
50 92
18 93
39 90
31 60
40 80
17 80
18 95
0 95
46 80
52 95
83 99
0 69
22 36
11 31
38 74
33 45
22 89
65 68
48 87
48 64
9 70
47 84
79 91
60 76
94 98
0 66
40 51
52 67
17 62
17 61
52 56
22 57
43 73
83 96
69 82
46 59
46 63
11 24
11 42
11 88
46 71
