54.266667
1
116
1236
66846
45 346
119 357
90 390
113 381
73 229
108 374
214 330
97 284
302 353
271 333
253 353
62 323
188 330
4 301
170 369
246 330
159 333
249 374
173 333
197 281
140 153
165 354
258 334
161 353
280 374
160 374
296 392
198 357
101 369
72 229
83 211
194 366
53 229
136 211
104 281
165 204
298 366
180 219
119 303
52 390
214 368
71 255
41 370
168 334
341 369
143 219
46 323
18 392
293 333
123 204
5 370
350 381
70 229
162 284
44 296
149 204
247 370
142 334
115 153
130 255
86 288
66 153
299 393
12 390
125 242
16 255
280 357
382 392
372 381
34 281
294 366
35 219
82 323
164 284
76 211
166 256
85 166
81 166
340 361
212 361
352 361
81 128
218 259
44 259
259 385
321 344
319 344
88 344
251 365
251 398
109 251
299 318
32 318
148 318
10 363
233 363
1 363
52 199
150 176
199 208
199 314
199 241
68 74
74 78
45 74
193 326
57 381
97 210
210 272
210 232
141 210
274 283
283 367
283 319
69 283
171 181
160 171
171 235
129 171
375 377
285 375
33 211
201 269
95 201
38 201
17 268
153 174
17 137
111 221
17 54
330 348
221 249
221 391
8 270
270 271
270 358
175 270
213 284
349 390
163 397
216 334
6 301
204 349
6 59
6 193
216 357
323 325
163 346
229 325
163 234
79 387
79 156
79 354
0 358
0 27
0 50
339 366
245 338
125 338
338 380
30 127
30 154
30 86
205 374
40 328
4 40
40 217
36 73
36 93
31 36
144 307
28 290
287 394
158 190
152 336
138 196
122 265
239 279
215 282
336 351
145 215
58 215
144 303
290 383
80 226
75 265
179 187
190 388
226 297
91 279
202 203
126 267
192 202
187 252
117 394
279 347
15 138
37 42
265 362
49 144
138 176
98 187
267 356
250 267
51 190
240 336
237 329
157 290
224 226
134 202
236 237
227 237
394 395
42 151
20 42
106 244
178 331
147 155
47 167
244 332
114 133
230 322
64 147
200 207
114 364
178 309
200 260
225 266
167 292
23 263
23 324
225 373
7 23
230 305
206 230
77 114
110 225
167 220
244 371
132 178
9 200
147 222
313 391
103 317
26 238
29 308
103 343
228 243
118 275
84 231
61 264
219 335
24 281
99 379
26 320
131 257
228 376
99 107
29 55
26 399
48 276
169 273
43 262
43 342
29 96
63 92
172 369
11 14
169 254
61 100
84 102
2 223
19 370
21 337
84 311
60 353
48 89
131 185
118 189
169 261
43 360
131 396
2 94
61 310
63 248
118 286
103 105
2 378
228 312
11 121
99 288
21 124
21 186
11 146
63 355
48 386
191 392
39 56
56 120
56 393
65 300
300 306
300 368
304 333
112 209
112 242
112 195
255 277
251 344
166 348
57 318
177 348
17 177
327 363
57 363
291 361
33 318
177 338
313 361
326 375
116 177
177 265
177 200
174 326
74 349
128 172
201 327
22 128
128 277
33 283
295 344
259 384
191 251
150 291
213 375
199 295
19 150
87 150
150 359
17 325
0 213
79 183
174 289
3 171
99 327
24 327
289 325
57 345
87 327
57 300
33 202
25 349
30 339
290 348
183 315
163 182
118 174
228 339
26 183
29 216
84 183
135 184
139 216
184 316
6 278
116 316
205 267
3 237
135 389
3 11
48 205
178 182
114 182
13 215
172 226
13 42
172 394
60 187
315 335
191 336
67 167
60 244
13 147
19 230
23 24
67 389
190 278
279 384
103 295
2 335
67 131
21 24
43 335
61 67
19 169
60 139
225 359
13 345
63 304
