12.602369
1
39
11
703812
29 53
53 81
67 81
87 94
62 135
14 94
40 94
102 135
33 135
4 56
37 132
102 157
42 110
76 110
47 110
30 114
46 147
22 114
34 114
44 147
86 147
45 88
19 88
100 138
25 138
46 113
0 65
89 93
87 93
84 145
126 145
116 125
29 125
59 120
132 133
20 133
45 49
9 21
32 127
11 13
10 77
71 77
25 72
81 142
64 111
64 144
60 96
78 96
58 129
7 129
0 36
56 155
56 95
52 128
35 88
81 139
81 85
113 142
17 145
145 149
15 68
15 50
15 75
15 90
26 112
26 119
26 128
26 110
61 135
75 139
125 148
18 64
28 56
28 158
28 80
63 146
81 91
65 93
95 120
120 150
56 133
8 114
8 147
133 137
64 109
65 125
49 56
21 38
21 103
127 141
50 127
18 138
12 64
39 64
134 138
13 108
23 143
13 27
43 107
43 154
23 156
3 123
16 55
16 17
3 104
16 159
92 142
73 157
73 79
73 121
88 153
56 91
54 88
5 98
5 6
5 83
57 81
56 105
39 110
109 113
24 35
43 142
94 115
74 145
65 152
93 117
31 99
31 70
2 122
36 69
96 136
129 140
2 37
41 124
51 66
51 131
57 135
63 74
41 113
101 134
31 65
16 61
106 120
1 101
15 118
18 82
5 61
1 151
48 92
77 130
26 51
77 151
21 97
13 106
23 72
21 118
3 39
96 106
54 129
