16.798810
1
57
35893
91998
43 158
7 175
141 240
125 205
67 234
26 218
59 234
98 158
131 234
79 113
37 99
38 74
38 79
85 218
167 243
169 205
35 235
71 99
34 132
26 84
81 243
109 168
48 234
124 182
137 240
23 242
227 235
241 243
158 201
27 79
67 235
99 150
86 244
0 111
96 186
72 242
156 173
220 240
20 173
98 190
62 242
48 114
114 247
135 189
112 189
189 222
123 181
123 216
123 228
77 191
179 191
42 153
83 153
153 172
171 199
13 199
5 199
199 246
29 185
22 155
155 249
160 217
74 217
65 217
119 191
180 235
40 43
41 78
78 244
31 78
107 241
44 205
36 100
100 142
77 100
13 118
93 118
78 121
50 118
139 186
139 222
115 139
116 139
176 231
176 249
94 176
10 173
123 224
191 224
60 71
60 183
3 238
3 109
3 137
60 212
60 175
3 209
64 116
64 175
54 218
54 184
55 99
128 163
19 128
128 151
55 152
158 211
211 243
8 246
39 94
39 202
138 209
138 237
96 192
170 192
192 237
10 51
79 145
76 86
76 210
34 76
139 199
16 218
16 173
6 203
24 190
123 187
128 221
140 188
8 185
76 188
100 180
55 232
102 232
119 128
91 231
92 234
92 157
192 221
28 189
88 165
88 162
129 184
129 227
27 129
103 129
88 114
50 91
196 219
170 196
196 239
6 102
80 122
20 46
46 194
46 56
46 106
33 80
80 146
76 123
24 29
51 230
44 107
12 111
1 12
12 22
53 157
11 53
9 207
205 207
2 161
2 57
2 31
15 28
104 248
104 202
18 239
18 47
66 229
66 149
9 66
73 105
105 233
61 105
4 102
144 219
130 144
144 214
95 215
117 172
25 95
95 212
95 136
0 110
110 159
110 213
84 120
120 126
120 164
45 153
70 127
70 108
7 70
89 133
32 134
87 247
89 181
200 236
17 63
52 200
63 178
58 87
87 147
49 134
97 200
134 226
154 242
101 124
101 193
75 101
14 168
14 225
21 195
21 82
21 197
143 204
143 206
166 223
111 143
69 166
68 177
30 198
166 245
68 174
68 132
14 208
30 182
90 189
80 118
4 117
105 203
30 40
139 154
3 148
63 187
55 134
45 200
21 148
90 166
