30.516667
1
100
10490
48771
237 327
85 269
106 203
260 352
7 87
169 376
193 406
109 352
144 328
161 259
225 328
91 269
228 339
4 443
56 444
29 297
402 405
335 425
233 444
98 339
75 362
256 327
57 346
186 254
15 111
251 384
140 221
148 301
36 111
18 161
104 259
380 400
103 301
342 346
325 341
98 252
109 286
259 435
191 284
286 302
368 401
99 330
140 406
76 401
135 230
227 264
101 185
298 443
89 240
217 297
112 297
113 384
48 74
350 371
53 311
5 203
179 406
0 362
221 375
96 444
106 159
248 298
41 362
204 444
37 185
47 156
45 356
2 50
14 327
297 427
12 159
325 372
91 240
326 425
281 288
69 291
92 185
194 339
55 74
125 288
1 401
263 341
111 155
34 352
159 354
112 168
84 240
187 190
178 262
25 305
269 359
183 391
229 310
58 197
203 364
328 399
311 328
176 321
74 393
177 301
233 269
274 341
349 371
279 330
7 371
171 264
197 397
44 58
124 282
224 321
92 321
45 298
71 346
20 419
376 384
341 397
141 330
8 444
65 310
236 286
78 288
54 288
238 405
167 238
303 363
116 419
246 336
159 336
269 336
212 383
212 434
174 212
59 240
374 379
266 271
183 271
206 271
276 412
332 383
230 332
50 332
352 357
16 392
170 392
317 399
242 317
78 317
136 322
373 412
111 250
102 370
432 436
385 436
282 436
391 436
244 299
299 378
2 299
216 299
30 81
81 254
182 371
127 247
127 146
42 127
25 245
232 245
245 445
165 227
210 271
57 218
218 310
196 218
317 345
172 173
173 406
214 313
142 313
105 313
286 313
11 182
218 296
114 382
284 382
285 384
275 309
270 275
135 275
275 424
250 336
174 404
264 404
139 249
201 447
178 201
68 201
54 334
332 396
180 301
102 336
107 358
4 253
253 312
253 329
20 253
290 299
86 123
5 86
86 333
363 382
353 365
107 296
418 425
301 348
15 267
267 420
19 275
275 351
139 313
19 63
118 439
58 439
53 90
90 262
90 186
353 363
80 205
117 329
117 242
377 409
13 46
22 435
13 55
213 442
213 422
13 365
160 213
377 398
66 377
128 154
22 424
22 27
22 151
128 360
147 387
147 172
18 147
85 202
202 259
202 328
202 346
83 341
201 374
13 205
35 205
219 402
196 219
219 408
180 212
123 153
153 371
162 392
100 338
70 100
67 220
67 288
347 379
243 347
21 169
21 300
21 87
290 449
212 418
80 433
83 373
11 207
222 412
271 421
24 69
24 126
205 219
297 438
63 416
222 416
143 419
143 209
142 143
345 377
128 235
215 372
187 215
215 277
273 334
173 436
184 356
175 184
184 395
128 290
162 165
64 327
64 401
39 175
39 122
199 389
39 121
199 431
39 280
97 310
97 321
137 344
110 137
137 395
100 235
116 438
292 307
292 304
17 447
163 185
56 79
79 415
79 340
47 320
320 414
320 431
127 421
23 336
119 203
119 389
157 291
157 220
77 347
38 166
166 307
166 369
153 278
136 377
108 303
108 331
130 316
82 231
316 428
192 231
231 342
231 268
337 394
394 441
120 394
28 95
43 144
43 134
9 31
31 226
31 168
26 244
26 429
26 306
127 430
74 94
94 339
62 380
62 191
28 351
294 304
294 318
6 285
52 131
52 211
241 446
241 272
241 437
52 323
166 278
261 425
93 246
93 319
200 400
200 411
255 355
185 255
255 327
289 390
10 289
367 392
413 423
314 403
133 283
283 293
258 312
73 413
51 129
3 257
208 234
258 361
403 410
265 308
164 283
257 426
407 413
189 257
152 258
265 276
129 440
188 208
239 265
316 396
330 343
132 145
145 252
145 158
181 355
181 366
115 417
115 190
32 362
49 364
49 381
88 305
88 420
40 370
40 149
60 72
33 150
72 388
33 375
61 156
138 198
33 324
198 386
61 448
198 315
61 287
72 295
238 403
59 129
289 357
163 213
245 343
32 313
215 394
208 348
6 223
23 195
257 438
52 367
17 72
223 241
198 261
195 413
223 283
