29.988095
1
100
21609
48684
235 410
175 384
104 319
337 447
218 366
75 268
278 394
351 448
261 302
119 387
74 354
221 332
403 430
343 397
43 225
31 357
273 308
19 334
299 370
76 268
406 446
17 205
92 332
17 430
285 424
259 428
279 334
253 277
187 254
128 305
2 291
73 291
86 89
197 332
323 343
67 239
126 239
239 286
308 395
181 356
88 311
397 420
332 372
390 406
273 284
260 317
70 384
241 276
241 394
142 186
35 190
27 316
19 260
167 268
152 354
330 424
289 357
68 427
360 377
103 233
256 387
15 367
37 394
205 221
175 356
188 357
301 448
358 430
316 335
49 339
276 297
254 370
52 260
284 367
362 441
115 297
58 384
234 302
388 406
303 354
159 186
173 441
104 366
208 448
192 328
214 224
133 441
235 428
266 321
43 300
96 428
71 205
347 424
198 356
177 308
26 225
317 436
225 249
0 160
337 397
384 442
53 370
26 433
310 316
150 297
183 367
54 186
67 440
85 366
63 348
80 159
263 404
209 263
99 263
408 430
134 408
57 294
4 57
57 82
57 373
35 364
189 364
121 364
57 364
258 297
46 226
148 164
30 148
63 148
381 428
214 318
318 353
5 23
333 357
192 402
89 421
350 421
3 421
348 402
101 441
47 412
0 252
105 252
252 355
49 169
169 232
292 322
322 440
311 411
243 411
117 411
282 373
27 422
199 388
120 199
199 429
199 435
199 449
34 174
116 248
176 405
405 447
341 432
432 449
275 291
425 431
115 425
356 425
397 425
153 170
57 411
307 311
40 383
287 383
339 383
154 281
55 133
55 404
348 383
28 261
231 302
262 263
178 386
237 360
42 237
91 237
324 345
345 444
258 322
333 389
293 387
293 444
150 293
89 437
407 437
257 437
437 445
23 437
47 389
36 431
36 367
36 122
36 88
55 57
57 231
172 212
191 212
209 212
123 212
212 349
46 199
24 227
227 377
227 398
121 437
48 131
131 329
131 350
72 131
194 402
41 232
41 354
163 332
163 203
68 314
314 399
309 314
414 425
47 322
101 170
354 378
12 264
12 366
12 424
12 291
312 438
32 316
32 384
10 297
110 205
110 260
279 280
280 363
280 328
266 391
135 391
391 416
194 275
34 282
314 408
248 422
69 349
251 421
361 438
346 361
361 417
124 248
14 28
21 90
262 340
7 331
229 315
229 410
229 320
193 400
193 323
7 256
193 283
7 78
7 61
149 434
180 380
14 338
109 291
33 109
109 226
109 412
422 426
114 166
166 252
114 231
118 392
118 413
118 203
1 118
36 381
44 374
44 223
44 204
22 304
195 394
98 136
1 129
129 253
129 242
145 239
145 418
219 224
219 247
160 219
376 401
376 387
302 371
45 233
45 134
45 267
80 371
298 424
298 346
229 415
102 306
306 313
218 306
306 342
111 340
148 369
12 98
64 116
64 90
20 228
20 75
20 161
20 95
207 364
97 106
97 277
97 250
216 443
201 216
216 401
202 216
236 445
236 386
137 365
137 439
288 325
130 137
288 382
62 288
107 289
59 107
107 113
136 222
154 345
213 327
132 213
93 213
168 186
227 307
79 178
196 315
18 225
18 392
200 296
100 200
165 200
268 419
370 419
157 255
157 319
84 427
84 146
84 128
157 359
20 415
180 252
222 391
124 149
10 217
344 415
38 179
38 300
140 264
140 409
125 281
125 290
39 125
66 305
127 184
50 304
141 321
108 127
77 155
94 206
65 185
77 336
81 244
141 143
65 158
29 65
94 187
50 272
66 375
81 295
94 352
66 211
50 269
141 270
127 182
16 25
13 245
162 448
8 156
215 245
265 326
87 144
138 171
25 379
210 308
9 144
245 396
11 436
171 393
60 433
8 72
112 274
6 274
139 220
240 326
60 83
11 51
326 385
144 246
56 139
274 423
147 202
147 151
47 200
217 238
22 111
368 426
213 383
230 414
5 81
44 207
127 425
77 251
79 171
237 271
288 298
137 238
25 369
162 216
326 368
168 274
139 196
65 210
144 230
245 271
