23.254762
1
99
5804
45800
38 244
15 34
414 435
131 263
328 402
304 390
97 390
209 438
196 280
226 339
17 239
3 221
177 312
312 420
297 349
280 384
349 359
385 438
149 439
10 235
79 184
388 413
71 168
172 225
145 404
114 390
292 337
324 378
261 445
42 441
108 235
91 415
336 413
17 44
44 320
142 221
7 435
254 331
193 346
18 127
157 340
55 71
378 444
74 344
267 315
235 340
264 314
19 337
158 438
197 359
71 406
21 46
207 381
324 328
216 441
208 261
58 261
244 439
386 413
53 187
70 168
167 339
2 402
34 404
135 168
151 441
179 235
291 412
102 127
195 237
339 383
143 360
122 331
132 142
153 225
130 274
58 209
152 254
187 444
102 178
53 98
28 394
282 421
46 441
275 331
281 337
217 280
37 340
1 300
94 187
338 344
78 360
232 390
160 328
9 315
135 152
318 340
110 312
155 360
110 427
66 394
180 315
345 439
98 413
196 381
227 344
45 381
54 127
200 349
68 441
112 253
67 435
11 358
124 380
92 371
185 435
173 185
221 308
375 387
355 375
293 306
246 293
38 293
228 331
270 394
186 252
97 186
7 392
191 371
217 368
368 434
319 365
20 319
2 319
358 366
319 410
423 430
288 430
186 191
55 220
84 439
35 172
95 137
137 384
119 137
201 251
183 332
113 220
52 275
52 148
169 390
127 169
76 148
18 76
76 112
23 76
164 364
364 421
92 364
366 407
89 396
195 396
194 264
215 271
194 203
176 194
215 327
193 194
194 338
21 85
85 252
11 215
51 250
250 280
220 285
256 445
80 256
76 183
32 430
161 257
136 257
250 410
82 168
82 344
268 399
268 446
238 268
249 268
310 336
187 211
16 211
107 238
201 368
29 394
29 441
29 246
199 404
199 221
90 276
261 354
380 436
253 436
107 371
237 447
12 350
163 356
260 356
250 449
24 332
48 383
48 421
63 281
63 214
36 63
212 337
212 339
24 90
94 301
301 317
185 356
165 349
30 214
30 335
26 77
77 387
3 77
189 223
125 381
44 125
139 249
285 310
219 285
75 363
205 441
36 192
192 210
44 65
65 163
189 310
284 286
233 301
175 430
197 401
401 415
239 401
6 113
316 347
68 144
144 357
144 428
39 446
27 39
350 354
215 430
65 308
350 436
188 356
270 425
289 351
1 289
263 289
295 341
151 295
190 223
205 416
255 364
84 215
235 247
43 131
43 74
368 447
240 416
201 245
294 312
294 438
241 442
61 382
257 286
389 435
334 389
62 449
286 310
60 364
198 282
198 417
75 354
272 289
228 241
62 88
88 316
273 432
213 432
294 373
64 377
130 377
86 297
118 426
0 362
0 370
0 231
118 262
118 141
35 77
309 326
309 442
233 377
59 377
348 404
0 375
87 106
87 227
87 184
137 247
125 287
118 350
269 334
269 302
140 269
81 167
245 382
248 357
248 422
111 174
138 156
111 367
73 80
73 105
229 278
278 376
96 173
96 353
73 159
278 322
96 323
138 422
138 296
243 412
116 243
111 185
154 340
154 266
57 166
57 409
33 119
403 443
222 398
279 329
222 303
279 325
279 321
222 342
243 392
61 279
49 314
49 133
128 395
395 440
134 400
93 202
242 283
72 283
283 428
283 372
278 363
134 293
57 255
120 147
120 347
120 448
395 407
299 343
343 429
259 343
25 150
25 291
6 443
236 355
31 236
236 369
50 360
129 266
129 424
4 381
4 311
182 274
182 290
13 79
13 224
60 222
22 323
146 313
121 405
5 176
121 126
22 83
162 399
162 234
14 121
5 393
22 431
146 361
5 418
162 437
379 419
101 379
379 391
47 225
47 419
104 215
305 411
115 305
258 328
265 336
218 307
56 181
8 218
41 123
181 277
265 433
123 397
100 123
40 346
40 230
109 315
171 206
171 400
117 171
146 175
170 202
170 333
69 204
69 352
69 298
99 408
99 374
99 103
181 373
104 432
93 432
218 403
194 330
165 305
50 86
343 348
69 294
33 121
81 109
99 258
123 330
