17.033333
1
44
48464
127262
38 188
148 160
4 13
182 193
119 123
15 171
130 198
46 183
113 132
43 194
137 198
148 183
34 181
89 146
102 128
56 118
144 145
77 123
24 132
100 123
37 132
152 177
98 194
47 182
142 175
18 183
31 133
79 153
141 194
68 192
113 184
158 198
143 188
141 175
85 171
97 114
74 191
123 161
0 153
11 144
74 146
104 194
73 103
48 175
73 192
27 166
108 192
124 182
103 144
19 153
47 192
118 188
86 128
125 146
147 153
54 171
150 181
159 167
111 171
66 101
60 101
101 126
57 115
55 57
13 57
122 167
4 122
56 122
94 99
27 99
93 99
99 159
120 157
5 120
80 120
1 188
16 181
16 149
16 83
16 38
133 180
62 180
49 180
17 180
20 111
40 175
99 134
58 184
58 153
58 114
58 155
21 66
21 144
6 182
6 194
84 160
7 40
39 112
39 127
39 170
39 160
39 101
69 172
69 179
69 129
20 76
92 134
70 136
136 152
136 187
61 153
87 158
87 128
67 87
22 121
26 63
8 26
22 169
22 186
26 163
26 67
132 185
181 185
123 156
28 29
36 81
81 196
156 179
29 176
81 157
81 178
29 197
15 95
95 135
95 177
1 164
76 84
119 138
138 191
138 139
25 183
7 61
53 82
53 165
53 189
14 51
162 198
146 162
10 190
10 33
10 110
3 31
3 42
23 106
106 173
106 149
52 199
52 83
12 94
12 154
12 105
26 151
16 69
45 107
30 32
107 116
30 78
65 131
107 166
59 195
59 168
35 192
55 59
96 174
131 140
88 96
117 131
90 96
0 30
92 109
14 151
41 51
41 50
41 64
9 91
9 97
75 128
71 77
71 82
109 180
75 120
2 36
2 72
44 164
22 87
29 136
10 25
44 96
35 131
