7.839191
1
38
6
478890
23 52
49 95
20 70
44 57
51 122
14 162
73 76
29 118
77 118
41 118
85 145
38 148
28 87
25 87
19 107
66 153
68 139
28 166
49 153
70 166
143 153
77 174
32 128
75 128
34 128
91 134
130 134
25 171
114 120
3 120
59 60
15 60
76 78
23 78
129 163
54 102
75 172
150 172
95 109
88 109
8 105
55 98
84 105
4 178
16 156
12 156
51 74
31 135
52 151
67 106
126 141
72 74
53 106
58 97
147 148
87 125
35 87
127 139
111 134
48 171
7 157
18 99
18 24
1 40
1 46
1 10
0 119
0 27
0 57
7 71
22 85
7 35
22 61
7 69
18 80
68 94
66 152
53 123
54 116
34 138
114 123
36 179
36 101
81 163
69 163
163 165
9 56
5 56
21 108
102 122
80 102
78 175
55 112
9 113
44 89
38 103
21 42
14 90
30 37
109 115
2 26
36 60
65 73
65 173
105 131
141 142
115 141
74 145
151 167
97 104
17 64
97 110
13 162
13 48
118 171
22 62
41 82
0 168
22 83
36 43
36 177
78 101
7 148
64 116
56 144
108 111
22 107
36 100
102 158
36 47
98 161
37 169
89 147
103 132
90 146
42 155
89 140
90 170
109 158
26 79
26 133
171 172
156 164
98 179
93 148
97 136
13 136
107 177
47 118
96 139
98 134
96 134
112 121
135 171
39 171
107 154
33 81
18 160
78 105
159 166
102 178
56 148
156 172
36 63
39 149
92 128
100 106
6 11
120 124
1 92
50 159
86 164
45 178
87 137
128 176
18 117
37 177
6 83
26 124
