19.922527
1
102
6
155413
181 349
108 137
38 209
9 292
3 298
53 55
310 424
166 384
185 402
310 394
349 394
72 115
330 444
331 399
150 345
46 345
236 345
261 262
176 262
60 262
46 379
101 379
52 379
116 237
75 263
206 233
195 233
292 333
13 303
75 303
178 333
240 263
70 71
236 263
209 253
261 271
134 253
26 271
196 271
107 170
48 440
148 441
113 440
23 440
38 441
94 319
298 319
73 146
284 387
439 448
166 448
3 354
416 448
85 347
137 201
16 432
350 432
175 432
108 249
213 249
96 118
107 118
52 118
188 267
102 311
195 338
217 338
81 433
5 275
147 184
85 275
56 267
28 306
28 313
28 409
287 364
323 364
368 394
327 394
117 397
125 283
10 157
60 218
32 218
194 218
348 358
115 168
54 373
4 442
427 442
324 442
390 436
123 436
64 436
67 341
260 355
22 272
112 126
61 126
181 272
100 126
83 129
36 272
10 129
121 129
296 341
265 345
96 362
128 285
20 386
20 39
128 265
128 257
20 226
135 281
23 251
232 316
40 374
231 374
230 281
130 404
105 428
114 281
81 269
208 428
202 404
140 336
24 197
185 197
98 131
98 159
131 379
228 237
233 424
161 233
263 413
4 30
17 219
17 399
17 301
55 95
90 132
377 441
288 440
342 387
28 443
249 393
142 389
11 31
11 372
142 401
142 423
11 378
118 422
118 368
184 340
184 286
144 156
338 435
311 412
144 343
144 250
325 356
302 364
86 294
113 138
117 430
202 229
176 214
284 322
324 447
22 431
115 443
18 43
273 283
157 171
64 268
115 398
115 141
358 388
62 162
9 222
119 145
77 124
19 238
59 190
29 41
140 252
27 87
42 87
54 91
7 8
127 227
65 79
272 273
204 248
341 361
173 317
414 437
20 211
54 86
142 294
219 425
269 320
316 444
336 408
74 336
247 291
363 384
136 179
136 177
197 327
247 359
358 440
319 443
54 441
170 304
170 420
312 360
312 407
14 103
54 146
95 445
95 182
132 288
135 221
293 333
146 375
387 398
275 443
294 353
28 369
255 290
120 207
84 106
49 68
120 297
84 385
84 274
6 244
120 315
49 239
6 370
6 191
49 152
128 347
35 304
338 417
275 434
82 91
93 335
226 279
152 396
235 371
66 446
225 289
210 430
414 433
51 335
44 53
44 167
43 74
43 295
218 326
69 258
252 392
190 256
222 242
238 321
31 47
145 225
145 402
87 334
222 308
162 169
0 342
0 163
47 415
248 352
133 294
82 303
7 417
414 442
164 443
425 443
1 331
99 357
216 329
45 76
79 405
63 80
45 66
1 235
216 366
63 160
45 210
143 406
99 200
227 266
50 153
187 330
187 382
192 367
143 183
79 395
192 419
227 300
54 400
335 425
212 335
335 428
355 437
204 426
129 290
86 218
149 387
374 411
314 410
129 414
37 426
109 128
20 251
88 205
197 278
14 139
126 293
80 172
293 353
249 275
136 414
111 173
255 311
299 379
33 293
98 243
86 151
184 275
311 338
294 328
312 317
14 305
245 326
245 411
267 397
35 246
25 82
89 262
37 303
58 161
221 325
264 348
174 228
276 377
14 293
86 312
84 173
49 173
120 173
237 365
126 267
35 341
255 404
20 318
124 335
271 307
270 358
35 281
247 255
88 118
252 438
69 205
41 410
124 381
162 420
356 421
187 335
198 302
157 251
165 294
2 17
63 234
99 211
180 351
50 344
50 375
180 223
214 237
11 220
220 364
71 280
263 332
233 280
28 403
299 418
21 433
2 144
104 362
11 431
128 172
158 358
241 358
54 380
57 448
33 346
332 432
259 438
110 234
92 223
254 381
391 434
189 278
34 388
337 351
309 344
97 305
184 268
30 363
184 277
15 272
193 336
193 197
199 379
186 212
303 337
314 446
95 365
12 139
17 383
355 449
190 362
387 429
201 376
238 421
154 432
339 356
79 88
192 245
6 270
215 299
282 316
155 400
122 336
143 430
87 328
227 277
57 216
133 224
47 78
1 203
