15.266667
1
35
29
202778
40 88
1 83
5 119
87 139
80 111
92 107
16 25
56 122
31 122
116 122
78 122
96 125
20 28
107 110
24 112
130 139
76 112
32 88
100 101
57 111
79 123
18 50
16 123
49 110
26 128
96 110
14 60
60 84
13 60
83 84
5 50
55 85
25 127
120 127
6 127
9 111
111 129
33 34
67 124
28 139
38 105
57 105
99 105
15 83
74 83
114 131
93 124
23 50
113 131
53 123
66 131
17 112
54 101
37 101
20 88
74 89
45 55
8 55
109 124
106 119
22 106
7 106
98 118
11 118
21 118
46 100
45 136
12 131
34 126
126 137
94 126
118 136
12 46
30 64
30 59
30 128
86 89
38 86
73 86
70 86
43 106
46 47
42 64
52 117
44 52
52 125
43 118
3 78
3 95
111 132
101 132
27 50
27 88
48 127
48 83
63 139
63 123
61 122
60 61
35 75
35 97
71 124
71 110
35 77
71 112
121 135
29 41
4 81
108 121
81 103
39 81
41 104
65 121
0 41
19 68
19 58
10 33
10 134
10 69
51 91
82 138
51 92
72 82
82 102
51 115
46 121
41 46
19 46
30 90
43 90
61 126
36 47
36 62
86 133
62 71
2 42
2 35
2 81
82 133
