45.414286
1
120
1881
46714
129 300
213 295
159 344
405 484
128 249
1 281
99 477
95 356
118 479
17 253
208 481
184 341
35 469
13 469
322 336
261 344
234 353
404 419
89 223
121 194
232 481
419 443
7 341
135 144
339 493
260 426
398 458
412 477
275 415
348 426
256 316
314 403
253 371
394 427
393 405
119 300
58 489
99 189
378 460
18 302
165 172
307 427
33 415
151 245
135 225
42 479
35 278
401 489
263 477
412 469
89 493
25 194
140 479
182 341
390 493
88 476
269 458
47 172
162 357
120 267
92 424
169 245
125 410
163 344
36 476
407 424
36 61
147 450
56 450
126 419
20 362
311 460
323 371
209 469
226 489
65 316
188 405
63 120
59 489
26 172
232 475
314 353
228 476
80 245
34 61
296 472
242 336
140 323
118 300
5 458
327 341
285 316
2 225
20 426
279 410
1 213
45 357
427 499
179 357
242 313
388 410
304 450
168 225
335 336
165 484
181 371
258 424
87 120
475 476
6 399
17 460
19 213
46 372
50 481
349 372
220 481
105 294
379 403
181 248
75 300
187 205
82 403
96 372
339 411
257 274
43 197
189 197
197 265
257 420
174 420
299 420
26 420
198 376
161 376
376 396
258 451
260 421
199 306
84 130
126 237
223 359
137 359
249 359
83 491
78 491
461 491
206 305
302 305
131 305
437 489
426 478
289 478
292 356
250 292
217 292
216 359
321 413
184 413
413 442
143 292
41 172
133 173
133 444
297 328
77 133
164 196
164 453
164 289
164 394
105 164
283 297
297 370
133 337
297 476
171 297
87 133
90 420
23 297
16 74
156 306
6 156
119 254
90 485
22 129
245 375
226 375
186 375
143 156
466 493
133 395
112 153
139 153
153 317
153 497
153 390
195 485
216 375
312 419
237 254
3 64
64 342
64 362
340 457
31 128
31 234
74 340
210 373
340 399
340 400
373 418
31 68
373 465
141 197
218 312
167 235
18 235
235 387
141 376
49 61
49 77
94 134
303 385
110 280
178 252
178 431
178 343
110 446
178 397
94 490
94 459
303 365
21 219
303 332
21 193
21 149
110 472
102 250
102 146
11 102
54 102
195 392
207 409
354 382
207 435
204 207
354 369
207 498
354 471
308 371
308 427
190 241
241 326
241 346
170 241
61 160
254 392
233 426
50 233
292 319
60 211
211 290
211 456
196 211
145 479
23 117
121 122
122 266
122 302
122 338
122 449
27 158
27 171
27 397
27 256
331 421
368 381
381 488
381 434
350 381
2 271
32 425
3 32
32 277
329 359
329 491
287 478
222 357
222 341
222 245
235 478
345 396
187 345
345 473
94 491
71 479
71 415
150 247
145 451
48 458
48 415
178 437
95 97
97 221
97 239
276 324
100 248
98 100
100 428
55 108
108 238
108 417
108 366
91 229
91 438
14 91
24 91
51 109
109 449
109 433
109 146
116 464
116 130
116 148
106 273
106 445
60 106
150 420
154 218
271 347
294 406
406 416
244 406
157 400
157 227
37 243
37 417
37 358
225 391
391 450
251 353
24 251
251 318
93 247
52 93
93 380
199 345
222 347
101 263
460 462
164 282
53 67
4 53
53 337
21 413
381 395
142 495
142 461
37 421
183 364
183 448
183 276
70 367
70 175
30 440
39 288
39 72
70 177
30 111
30 104
246 430
246 298
39 315
246 386
84 406
62 350
62 281
38 149
0 229
0 73
110 374
246 421
200 429
25 200
200 309
16 192
120 284
301 487
73 301
301 408
293 320
293 495
264 293
12 496
230 352
336 384
215 363
344 384
166 402
12 296
230 334
12 86
166 494
212 215
115 230
28 166
215 361
107 424
155 469
436 439
291 355
44 333
40 185
240 270
194 383
127 205
69 262
202 492
185 447
286 441
441 480
180 405
333 452
255 310
360 436
15 191
270 351
123 291
330 441
81 144
231 383
236 483
127 422
85 202
191 432
278 291
214 300
29 81
236 455
114 236
10 191
76 202
132 436
310 486
383 463
176 270
262 474
113 333
81 467
316 468
152 497
9 152
152 482
325 372
57 213
57 410
66 313
66 272
8 66
203 389
103 203
203 369
124 370
124 455
259 403
136 377
136 409
136 414
201 224
201 268
201 346
154 374
305 384
287 454
211 373
138 373
138 241
22 423
183 282
79 271
303 462
310 319
203 466
185 454
207 325
325 331
70 324
79 470
324 441
101 436
30 470
39 259
38 262
333 423
107 215
214 230
166 180
191 470
155 270
202 468
