19.669048
1
75
29180
63008
115 345
151 191
242 250
197 319
10 266
109 171
50 244
94 279
277 294
105 283
157 287
96 143
194 342
39 212
245 320
14 212
175 250
38 245
232 287
50 283
123 197
165 345
162 279
5 250
25 320
128 178
132 340
177 315
166 262
204 265
204 250
113 204
204 237
204 290
204 305
94 262
59 262
90 279
12 42
218 304
38 176
214 277
43 341
128 267
190 197
76 151
134 340
32 57
130 292
215 262
97 266
165 166
196 292
139 348
332 340
20 260
23 316
163 330
142 187
240 283
102 170
88 244
57 310
13 189
81 176
195 213
257 304
9 287
143 207
60 274
98 267
109 143
124 212
199 341
95 195
12 151
8 266
227 342
119 314
65 314
6 284
127 345
305 310
231 310
22 277
134 176
89 108
185 267
111 195
43 292
147 342
152 187
316 346
25 316
69 341
168 320
97 290
116 244
149 304
131 133
263 341
256 264
170 189
189 210
204 210
15 189
15 342
223 345
185 221
221 233
49 198
198 302
39 198
146 336
71 146
2 22
230 234
75 234
234 245
145 156
156 184
4 156
52 212
8 150
21 243
156 234
23 222
138 222
56 211
30 122
122 258
44 122
182 244
182 292
80 171
268 314
209 299
56 66
146 243
53 310
68 161
30 161
161 239
161 298
158 345
18 270
141 248
141 259
62 141
18 333
141 334
141 327
18 327
18 306
18 178
254 332
254 255
206 254
286 340
233 286
79 286
264 286
17 58
246 264
32 107
107 235
176 220
197 220
144 347
135 347
309 347
249 338
60 249
11 262
229 283
195 229
275 295
188 263
40 225
40 212
105 126
10 126
117 211
117 123
33 232
33 64
74 271
271 336
271 326
66 164
5 36
36 100
36 333
159 246
7 279
7 315
143 273
308 340
253 287
253 341
2 118
51 268
198 308
200 311
200 265
34 243
150 249
51 53
121 337
64 121
121 187
11 192
114 214
59 114
114 314
80 93
122 300
63 159
46 201
201 289
201 276
174 201
100 202
183 202
63 328
17 161
62 216
216 331
58 201
91 237
84 91
91 326
93 161
37 269
18 93
251 312
228 276
228 241
118 209
45 78
141 193
29 320
29 151
106 296
106 256
137 208
137 255
158 275
52 269
42 85
85 167
55 304
45 234
192 251
34 261
0 61
0 217
224 322
0 206
0 313
224 301
224 324
161 236
20 27
27 28
47 288
47 289
277 307
42 77
77 203
82 205
6 82
82 312
93 179
37 125
112 140
125 181
72 125
48 112
131 169
16 348
129 136
129 267
169 278
16 297
169 226
129 329
169 187
153 172
153 291
148 153
153 317
16 221
236 347
19 299
19 349
19 291
31 108
31 330
31 281
54 167
54 238
54 89
3 183
3 87
180 282
180 223
26 163
26 303
26 339
1 160
1 157
24 139
24 323
247 285
247 306
186 247
42 70
70 120
35 280
35 160
110 138
67 155
83 145
83 219
104 173
41 177
104 133
101 252
104 272
73 343
101 174
101 325
73 288
73 103
41 154
83 99
110 321
67 86
67 78
41 293
110 318
92 344
92 335
55 347
193 224
112 261
92 300
27 307
