8.640476
1
27
12203
210729
81 83
25 59
43 75
48 72
28 31
9 25
67 83
84 98
17 109
41 97
85 98
2 30
3 13
13 90
29 31
106 114
14 115
19 75
38 111
46 48
26 66
64 87
24 115
107 111
30 68
26 68
68 73
83 92
86 101
12 62
9 87
31 44
18 114
59 97
64 76
5 114
50 111
76 114
1 13
74 87
97 117
60 109
6 13
55 98
35 48
12 110
61 110
16 21
8 109
25 115
110 114
42 110
16 103
101 103
103 112
4 94
4 80
4 32
4 103
24 53
53 71
34 53
53 86
65 115
13 65
52 107
11 118
97 118
52 70
79 114
79 109
22 91
1 22
108 110
75 108
96 98
70 96
37 45
45 58
40 45
45 55
31 100
100 111
68 100
7 100
0 68
0 75
27 32
27 72
36 39
20 39
39 80
39 67
54 102
6 54
15 54
54 113
33 89
21 33
62 88
78 88
11 104
47 66
47 99
47 105
57 63
57 69
7 57
82 93
10 93
77 116
93 119
77 98
56 77
4 93
23 49
49 95
49 51
4 49
