1.412089
24
22
18508
132401
63 120
108 125
66 92
8 101
21 96
31 125
13 30
72 130
27 48
130 136
53 136
59 91
32 65
32 89
28 93
0 93
1 128
93 128
1 16
64 125
20 89
2 82
19 76
93 104
92 116
21 137
47 76
71 123
5 76
76 81
4 100
4 92
99 136
106 139
34 139
81 119
46 90
7 46
26 46
37 46
74 108
6 17
76 78
78 138
11 78
46 119
29 103
29 99
29 76
23 38
67 89
13 67
80 93
80 125
36 42
88 116
46 87
59 133
129 133
70 133
6 133
65 133
36 119
18 117
117 131
11 117
115 117
45 117
41 110
104 118
57 110
29 69
23 69
35 134
86 119
37 134
91 134
25 73
25 48
24 133
15 73
15 18
97 126
40 97
75 136
75 120
16 39
39 138
78 109
51 72
51 94
3 92
3 34
23 56
98 129
98 124
43 124
22 47
27 52
52 71
9 85
9 63
9 49
8 9
114 115
22 139
13 83
83 96
29 97
10 131
95 127
2 95
61 126
35 112
112 135
6 14
68 100
68 84
74 95
77 94
45 50
50 105
54 102
56 110
102 123
62 118
60 136
38 132
44 107
30 44
101 113
113 122
33 137
33 55
33 111
58 121
43 58
12 121
12 79
