0.081814
3
24
215838
474814
13 109
20 27
7 83
42 87
13 50
30 109
82 83
65 66
14 26
20 26
18 26
82 130
78 80
28 104
30 41
10 69
21 69
53 109
66 130
23 97
61 97
1 109
1 83
66 103
26 74
45 93
91 112
87 112
95 112
66 73
12 83
3 87
40 127
127 135
32 127
73 74
22 135
27 59
8 67
91 96
57 130
101 130
8 90
10 37
80 92
9 74
4 35
0 66
26 45
19 66
68 87
66 139
74 98
17 93
69 92
0 80
26 128
61 133
15 74
16 50
1 113
66 67
33 130
4 97
0 104
39 103
19 34
41 88
3 34
47 104
1 5
34 48
4 77
80 108
97 98
97 99
6 59
6 24
79 130
36 80
2 112
53 129
80 81
48 94
25 94
11 128
70 88
127 129
15 55
44 127
39 107
29 54
54 108
29 58
1 46
9 85
49 139
46 100
102 135
50 63
65 136
51 87
80 116
35 43
34 75
104 106
53 122
4 60
4 72
4 123
57 71
2 38
47 105
11 52
29 89
22 84
25 110
70 132
96 131
96 114
37 121
44 62
100 125
55 115
107 134
34 76
53 117
24 64
36 111
17 31
79 137
81 126
16 119
58 118
49 120
49 56
49 86
46 124
85 138
