12.516667
1
37
9
158800
2 56
99 116
73 145
15 20
59 96
91 106
70 138
40 63
40 151
40 156
27 58
26 58
15 58
64 143
81 143
31 143
3 128
65 128
56 128
85 146
55 146
41 146
17 127
20 127
71 127
44 66
133 155
24 155
53 155
46 122
0 122
126 138
95 126
98 126
4 126
112 144
130 144
97 144
81 144
10 82
45 134
35 45
45 63
24 30
30 121
30 59
10 50
10 96
45 99
30 136
22 137
22 105
22 125
57 93
39 93
2 23
1 104
104 159
23 107
4 147
34 88
83 88
62 88
88 156
72 157
46 119
130 154
123 129
21 123
48 123
100 101
101 145
77 101
78 85
13 78
78 135
76 78
35 38
38 74
28 38
38 60
13 19
66 124
124 152
36 132
84 149
87 107
80 117
80 91
16 36
16 94
68 84
16 110
68 102
68 92
11 61
42 90
42 111
42 118
11 106
11 47
1 6
6 113
6 114
37 141
89 153
141 150
8 89
14 89
79 141
29 77
103 133
12 29
18 52
18 70
9 115
5 12
9 98
5 69
5 108
9 158
54 139
139 159
139 151
67 116
67 142
67 73
25 40
58 154
25 128
127 147
10 22
43 93
75 143
45 147
30 86
120 146
43 157
140 144
33 44
75 155
23 109
32 109
40 148
78 147
51 101
119 157
86 123
51 124
87 93
42 44
11 44
7 43
122 131
19 132
43 141
68 120
49 140
89 149
