2.254562
26
15
70991
190877
20 64
47 67
17 72
93 96
70 90
55 69
54 84
59 64
33 42
4 42
3 6
18 48
34 82
81 82
49 95
46 75
3 46
57 97
43 83
41 43
21 43
66 79
11 99
19 68
15 90
31 45
0 43
46 89
29 82
85 98
6 85
42 78
17 78
43 46
41 87
87 94
45 87
79 87
1 42
1 88
58 81
68 85
2 47
2 51
2 54
2 76
2 57
2 27
39 66
35 42
35 52
20 35
29 89
61 84
30 61
38 61
61 90
35 95
15 39
43 71
10 73
73 98
49 58
14 56
56 69
13 33
71 92
18 73
7 57
7 60
19 44
11 44
40 62
62 74
23 70
63 87
8 51
8 55
25 67
24 25
50 60
50 80
9 75
9 32
62 97
22 65
22 59
16 80
16 26
12 93
5 40
5 37
12 28
5 53
36 86
12 92
77 96
77 91
0 36
