28.456779
1
82
1
310189
11 22
114 123
89 185
16 59
18 298
49 266
97 220
166 291
218 244
258 294
6 110
230 288
174 288
73 288
185 280
139 168
93 288
76 168
57 168
20 110
42 280
120 293
10 274
96 162
96 260
74 133
75 288
10 251
10 285
168 234
168 270
110 256
110 237
280 293
110 173
74 224
169 253
2 142
91 132
57 142
38 250
39 193
34 253
54 132
172 250
8 79
7 50
12 269
7 249
111 165
111 191
193 200
71 295
102 186
151 299
129 223
71 124
151 229
129 252
111 203
253 298
70 71
262 284
7 78
129 290
151 287
69 158
69 117
71 159
69 75
142 235
69 113
12 291
102 206
12 155
13 101
13 16
132 271
111 268
102 272
13 227
108 297
250 297
142 227
13 173
245 263
60 181
147 215
19 126
24 48
25 240
26 63
17 126
11 238
44 171
43 259
45 112
149 265
59 138
18 161
22 105
15 257
153 259
40 238
8 171
53 112
52 283
51 282
49 273
31 214
167 214
131 161
170 236
94 222
211 283
68 236
9 232
0 254
119 273
99 130
123 279
30 33
28 130
89 100
118 182
76 84
93 254
77 103
90 181
27 215
87 265
62 282
36 214
64 84
81 190
3 190
143 213
141 282
139 240
80 138
248 273
5 88
219 222
32 179
174 179
114 213
4 145
184 283
115 236
201 238
1 265
72 82
199 232
192 222
198 259
33 56
67 292
63 216
63 176
47 152
33 70
67 204
61 194
48 258
48 262
88 109
257 294
240 277
232 264
179 255
182 209
213 247
190 205
210 279
100 261
100 196
95 225
95 116
95 104
47 166
84 97
82 188
82 140
78 103
125 266
125 135
126 246
112 221
125 276
130 233
107 146
105 228
47 148
135 137
61 244
61 164
58 163
58 127
23 66
58 65
23 46
23 35
171 226
157 289
157 243
156 218
156 207
133 257
146 286
146 241
279 281
145 220
145 154
103 267
88 263
137 278
215 278
157 268
161 237
181 224
153 296
0 275
30 231
120 134
175 210
86 189
86 217
41 107
231 267
239 272
92 208
280 284
92 245
96 183
74 108
69 74
110 208
120 259
120 236
120 156
98 120
134 208
13 14
7 208
102 253
79 253
12 14
132 151
108 183
92 177
96 136
92 137
92 212
122 168
29 288
10 29
23 74
144 183
37 134
108 178
71 197
12 83
111 177
242 245
79 213
79 146
83 193
132 136
21 79
55 108
130 208
14 265
129 197
150 250
190 242
125 202
37 180
92 128
55 238
121 279
160 214
160 180
55 282
106 180
137 182
212 283
96 187
67 160
63 242
95 122
10 195
58 121
212 232
82 121
83 112
106 126
84 85
178 222
86 242
