33.297619
1
97
5192
58950
80 316
204 362
28 134
238 381
96 357
186 296
272 352
162 314
168 235
170 270
171 365
202 296
101 315
341 342
309 329
290 296
227 253
19 223
29 371
79 370
270 335
264 362
27 371
110 305
336 369
51 323
112 166
177 196
155 350
279 348
102 314
297 380
340 360
201 350
56 166
184 282
5 27
43 371
33 253
22 257
122 376
95 191
133 213
223 391
79 255
120 381
323 351
65 180
217 342
83 270
70 254
47 333
166 271
349 365
0 333
209 301
244 297
230 316
198 229
104 233
178 316
294 337
201 351
244 276
315 372
194 223
74 348
208 272
116 342
23 333
253 332
122 134
21 191
24 370
58 62
163 357
101 162
273 297
6 315
184 224
45 243
38 348
117 166
300 305
98 370
145 369
40 381
330 331
34 342
124 254
142 314
130 391
251 353
86 213
6 376
106 399
288 323
190 255
60 369
153 255
129 255
254 302
119 224
192 272
104 224
177 350
143 335
231 253
22 381
168 305
304 365
213 287
62 140
39 140
140 150
126 302
43 75
16 75
64 75
75 308
36 185
94 393
76 310
175 310
396 397
124 146
146 296
4 210
210 380
68 191
176 369
109 277
128 349
189 305
30 167
46 167
242 353
53 242
234 242
154 371
154 323
154 352
29 137
285 377
214 285
282 285
366 381
213 366
182 313
143 313
313 338
154 310
151 337
87 151
138 151
7 381
7 365
248 255
342 394
72 384
54 72
72 271
72 301
15 235
15 97
42 229
42 195
42 389
325 358
325 383
105 325
130 325
151 176
310 325
78 393
136 394
2 70
41 274
41 268
2 114
2 243
2 267
137 242
39 49
49 191
263 341
157 263
263 386
185 263
321 386
100 321
183 313
118 259
259 331
187 312
45 187
187 196
102 269
258 348
223 258
277 325
237 329
237 286
5 237
41 396
81 231
7 363
291 327
291 309
65 291
84 193
35 370
35 362
113 126
68 321
33 66
66 220
66 97
58 73
73 180
275 362
73 265
73 131
57 222
127 152
52 152
152 268
152 181
99 387
92 99
99 290
71 389
85 350
85 253
3 373
3 334
3 182
3 69
144 330
141 144
144 158
172 337
172 315
172 270
13 357
13 52
55 75
18 294
18 173
18 206
205 347
256 388
256 262
256 286
205 260
205 361
256 346
18 140
183 193
277 319
236 397
236 360
109 236
232 297
166 232
232 314
71 146
42 248
1 106
1 139
1 246
84 144
40 226
226 324
226 317
216 336
269 363
4 88
88 174
188 269
203 379
203 384
103 160
103 164
20 107
37 105
103 149
37 298
107 147
26 103
107 382
37 252
125 280
125 247
125 215
199 368
188 306
94 216
50 255
32 131
44 390
44 311
67 89
93 209
241 399
32 299
93 318
93 295
12 241
44 257
67 239
67 233
241 367
32 328
36 199
224 278
1 277
197 285
3 222
219 339
219 340
135 219
108 127
211 228
212 281
115 225
159 322
245 322
59 249
91 356
9 225
356 395
322 343
17 218
11 59
48 344
272 284
123 218
156 212
82 316
161 344
8 59
225 355
211 276
148 211
132 266
218 250
283 356
344 374
266 326
61 370
61 333
10 292
10 378
31 111
207 398
31 354
345 385
207 320
200 368
200 240
63 235
63 160
345 392
207 293
77 359
345 375
63 303
31 179
10 90
77 121
77 169
210 266
306 307
128 212
81 165
108 167
165 197
25 167
41 205
319 364
42 221
78 261
137 356
49 125
7 77
57 289
2 82
55 107
275 344
14 364
275 345
207 261
218 221
31 221
225 284
289 322
25 59
10 14
