5.516872
1
28
9
792971
25 68
16 40
3 105
33 105
34 136
16 136
7 136
74 93
41 104
32 119
19 124
7 51
3 99
84 131
32 131
41 128
98 103
14 103
47 89
79 109
40 59
5 38
28 94
90 94
96 105
105 122
81 105
106 108
80 108
39 58
19 58
8 53
25 53
18 57
67 120
93 110
5 11
15 65
68 73
18 73
63 121
33 121
1 134
113 118
45 96
105 115
22 27
2 31
26 52
91 131
59 120
123 128
12 74
12 133
88 89
43 105
42 46
42 64
42 124
66 81
37 99
54 82
51 131
94 113
108 126
43 136
95 130
55 136
53 114
70 88
4 102
4 50
71 118
71 119
110 135
42 45
11 77
55 85
65 132
73 127
45 116
45 130
10 104
10 138
121 123
117 134
9 37
45 57
51 92
11 51
37 76
61 117
30 61
37 101
37 137
12 82
0 75
0 95
38 89
89 111
13 37
20 56
4 87
20 62
36 91
82 108
31 86
27 30
52 72
23 49
52 60
58 139
20 125
12 44
17 78
17 54
38 107
76 82
62 94
20 48
38 65
4 70
51 100
24 51
69 109
12 61
61 109
20 21
89 112
103 129
31 66
27 97
29 108
6 103
23 107
6 139
35 134
35 83
52 129
