43.535714
1
123
17465
46755
15 235
157 466
333 477
126 434
42 444
323 372
75 291
229 274
63 493
348 472
1 122
278 372
128 367
400 441
272 481
78 498
371 434
12 110
91 372
182 342
281 493
350 367
121 483
110 156
337 481
212 437
104 437
58 407
109 246
164 419
186 498
408 464
222 318
387 444
205 415
365 487
244 477
37 420
24 359
227 492
366 381
294 456
43 359
399 464
220 479
347 479
205 247
187 479
182 479
94 205
95 205
355 469
4 194
63 174
66 407
62 228
49 365
193 405
121 343
39 192
219 422
307 414
97 104
129 462
78 346
348 407
416 470
178 414
397 465
316 465
74 419
126 471
332 362
433 437
147 359
120 366
402 420
202 414
56 493
140 400
382 414
106 419
446 477
282 393
379 393
258 296
129 343
212 440
41 110
310 397
455 464
382 464
305 388
123 386
81 491
240 498
286 405
130 214
200 444
71 291
351 491
235 408
119 193
340 362
95 287
350 389
360 465
289 307
338 365
6 239
390 478
61 291
38 122
109 386
262 266
99 440
293 343
85 386
125 366
65 405
452 466
122 456
334 367
71 443
60 110
395 400
73 81
98 362
108 235
432 434
49 416
280 381
309 420
54 81
203 400
325 466
205 374
246 374
337 374
198 269
280 356
356 389
236 356
356 458
275 443
181 275
275 389
44 275
214 241
194 259
31 259
341 351
119 341
215 341
300 328
189 263
263 300
44 263
244 263
261 345
345 418
87 345
116 444
216 405
267 479
67 460
169 460
149 460
19 270
251 430
51 374
124 414
269 430
292 366
136 476
136 449
136 180
136 208
136 205
48 291
48 498
192 256
230 256
137 256
256 269
1 138
138 205
306 320
305 306
218 306
217 463
362 463
336 368
368 485
198 368
97 445
349 445
79 445
445 474
115 255
420 429
429 466
50 475
228 475
475 488
475 476
89 463
237 390
130 237
237 411
110 457
80 184
184 185
89 429
260 392
87 260
260 383
260 303
117 358
64 358
146 358
199 370
199 266
99 199
93 199
299 479
299 482
40 299
258 299
224 393
173 186
173 400
183 223
223 234
52 223
11 434
369 415
3 369
222 369
188 369
369 479
341 468
72 429
72 457
255 328
184 259
328 429
138 345
242 440
60 242
242 489
55 420
55 386
123 426
426 469
137 425
53 117
53 214
429 431
270 358
224 431
27 135
135 147
28 135
135 492
175 488
88 175
124 368
159 306
57 444
57 478
39 57
57 195
111 405
232 384
384 403
384 472
312 384
159 368
225 493
225 232
361 438
21 36
36 309
4 36
36 486
328 425
255 279
358 460
153 484
153 296
153 161
22 210
22 376
22 187
51 223
124 127
290 473
265 290
166 290
288 343
335 455
122 249
249 365
257 330
330 357
274 330
277 394
245 394
394 421
114 287
32 114
114 283
391 398
35 391
308 391
391 413
248 464
20 499
248 372
68 202
68 144
68 459
20 297
20 227
68 77
468 475
96 217
26 267
19 134
279 377
105 284
86 133
30 442
69 158
30 385
69 83
105 321
86 354
118 398
118 439
105 165
118 239
132 304
34 319
112 160
30 285
132 454
29 167
34 322
29 450
29 329
132 268
112 428
112 326
86 373
69 339
34 352
80 107
107 250
107 174
84 255
70 359
70 407
216 363
59 466
2 388
2 190
177 219
177 318
33 177
241 394
162 292
23 201
201 355
201 427
10 229
7 10
10 353
435 478
331 435
172 190
172 302
116 361
82 417
82 252
62 82
235 295
152 197
152 423
6 152
25 168
168 342
97 410
8 465
154 155
0 145
410 448
155 211
191 462
18 163
145 403
93 191
163 253
100 436
145 311
209 480
179 206
102 209
170 179
209 481
168 310
76 179
191 327
436 495
11 223
233 419
81 233
134 207
17 492
176 422
176 213
90 176
5 142
5 331
226 437
9 302
9 103
13 185
13 139
14 45
204 231
396 404
375 396
271 406
113 324
46 313
113 453
131 196
204 254
317 497
238 317
141 438
243 298
271 378
276 447
131 289
314 409
113 483
16 204
46 494
364 401
314 346
14 264
47 294
364 412
92 271
314 380
14 188
396 496
317 490
141 344
47 461
276 471
131 467
141 143
243 451
276 424
47 315
46 140
151 259
273 363
148 460
86 463
155 430
101 207
138 301
118 173
150 445
243 273
171 299
162 221
69 288
105 335
59 330
111 396
290 295
30 151
29 171
34 101
132 221
112 221
301 436
364 435
8 179
17 163
148 317
204 226
150 271
