69.866667
1
148
22509
52273
210 236
45 474
144 496
238 488
275 289
97 289
23 419
263 332
138 474
160 387
290 332
211 358
27 394
109 328
2 373
80 488
218 324
409 496
87 117
51 472
173 355
24 351
71 328
10 355
7 354
65 471
136 496
13 236
391 472
360 371
376 394
36 328
394 412
91 371
301 351
62 472
308 419
274 375
143 373
304 332
335 375
169 420
73 354
413 471
55 311
265 373
319 354
419 476
166 459
104 421
300 375
276 358
197 351
27 453
264 355
254 289
191 421
156 421
401 459
363 371
316 419
269 488
20 387
417 459
56 279
102 236
153 387
98 471
242 459
83 358
414 474
243 429
308 429
169 429
423 461
461 482
193 461
142 461
155 339
339 499
18 339
464 484
453 464
283 464
37 464
258 377
49 58
50 58
58 457
58 253
58 367
328 377
0 105
105 345
68 105
287 338
170 287
258 287
180 267
267 381
162 267
293 333
157 293
293 306
302 493
103 302
146 302
221 420
86 195
195 246
15 195
93 195
369 399
311 369
266 369
3 383
16 383
211 383
383 424
69 282
206 282
282 447
233 354
135 385
18 88
88 375
385 436
385 470
233 357
40 325
194 325
227 297
296 297
297 435
146 297
246 318
318 492
303 318
392 405
405 480
405 426
342 405
482 483
313 443
12 313
87 313
21 404
64 201
64 342
64 401
21 268
285 361
21 72
21 174
64 472
241 403
241 454
113 241
214 241
352 489
299 352
352 457
141 199
141 279
42 141
0 61
61 447
112 321
112 357
112 438
252 260
330 334
165 292
17 34
66 314
92 463
416 439
260 415
43 60
11 200
330 337
260 487
165 315
152 187
134 186
11 53
131 322
57 66
120 163
116 374
183 387
84 373
239 312
416 477
225 478
168 226
182 231
129 386
34 232
374 455
85 117
19 468
168 422
90 92
129 161
118 182
187 390
132 168
85 249
124 278
167 356
225 378
139 167
149 280
149 240
92 475
34 398
124 262
122 149
183 474
55 239
187 257
163 192
66 497
101 134
60 96
131 229
19 28
76 471
358 460
460 496
336 488
106 397
106 367
182 244
8 19
60 362
163 294
239 437
255 330
374 434
323 416
348 388
129 193
14 124
388 418
167 247
388 428
85 479
44 165
134 250
106 150
75 225
288 490
288 456
56 288
164 344
164 432
164 495
341 394
341 419
377 429
327 444
217 317
281 400
309 462
125 353
346 364
317 347
95 273
340 353
114 130
230 317
273 494
1 237
237 465
370 442
213 272
209 237
349 427
307 427
207 327
115 346
272 408
176 469
130 295
119 462
147 370
59 178
79 176
185 370
202 327
353 365
54 400
29 272
178 452
78 130
204 273
171 178
400 451
63 346
462 485
427 431
145 176
259 441
5 259
190 331
259 450
190 404
151 190
26 425
48 179
6 402
235 355
48 123
81 158
81 446
47 406
351 466
22 223
30 350
70 467
47 396
48 411
26 410
4 326
4 140
30 256
22 430
33 181
126 324
22 108
236 286
89 329
6 343
47 148
6 448
89 205
234 289
31 380
31 196
133 188
31 110
133 407
25 445
89 100
30 222
25 389
77 127
4 184
77 99
126 320
212 421
70 154
126 473
25 228
39 384
33 35
77 111
39 486
39 46
175 332
133 491
26 159
215 371
33 52
81 203
70 261
220 433
220 224
214 220
172 361
107 172
172 382
245 459
198 379
37 198
41 450
41 344
440 464
177 461
38 339
67 429
58 270
38 105
82 189
88 297
273 377
377 427
385 483
287 336
233 313
82 285
251 293
32 302
298 385
233 285
82 395
177 195
183 369
61 325
88 374
241 483
221 271
88 121
137 325
67 293
277 282
84 318
405 460
285 440
267 372
94 298
267 368
221 286
215 221
248 395
383 481
177 285
239 298
187 498
305 498
106 440
82 284
82 219
137 352
176 189
189 359
64 310
32 208
327 483
126 189
112 366
32 163
149 366
225 449
84 458
94 291
121 128
208 310
298 370
177 288
74 248
440 462
38 165
134 270
11 277
66 277
277 305
39 498
21 74
70 298
25 498
131 341
393 449
317 449
32 130
336 346
368 498
9 359
76 190
128 259
31 128
77 84
47 128
33 76
19 234
175 458
34 216
92 215
6 366
74 388
9 212
175 260
9 466
235 458
182 466
286 330
168 216
216 416
124 235
60 215
167 481
270 393
310 400
178 270
81 310
237 286
353 466
4 74
22 175
30 235
48 234
133 212
89 212
245 272
234 284
216 219
26 372
