41.747315
1
104
7
210522
11 45
2 258
149 385
343 385
202 385
78 385
65 153
275 373
159 370
211 262
91 243
133 334
75 253
22 330
15 286
258 348
22 348
104 348
294 349
2 218
1 218
4 349
172 218
242 349
202 218
214 233
177 233
57 233
14 233
178 188
21 188
121 230
207 230
77 306
142 306
155 297
45 297
242 297
11 128
18 128
17 128
257 385
135 328
120 328
106 328
119 146
36 146
56 146
27 254
85 254
5 254
255 296
291 296
106 256
130 256
113 256
164 386
367 386
168 386
26 101
251 371
72 342
149 342
226 378
65 363
33 143
16 143
210 228
351 378
301 399
63 399
333 363
115 399
55 228
13 127
117 363
92 143
98 127
102 228
331 378
305 394
54 394
25 234
176 389
15 389
19 324
199 324
175 205
91 389
109 205
24 324
71 266
135 266
208 284
173 284
36 134
275 316
271 316
8 74
19 74
38 110
73 110
13 187
66 187
338 349
131 318
222 318
188 272
230 320
211 277
145 277
9 163
64 81
68 336
44 50
116 138
148 309
133 171
84 171
131 274
326 347
41 347
385 386
196 352
30 152
67 223
192 197
221 238
158 180
267 280
212 317
10 152
95 295
142 387
1 100
219 249
71 80
88 197
89 141
139 249
29 295
154 317
206 223
42 238
129 137
34 280
39 132
39 302
39 315
328 338
98 203
159 179
60 82
75 216
103 261
14 174
23 296
256 325
101 193
70 335
90 231
70 198
101 311
70 123
90 189
90 118
90 220
70 245
12 48
37 232
37 358
12 257
12 86
37 162
225 385
127 304
198 234
324 341
205 370
284 344
316 369
230 354
35 151
0 144
0 360
0 49
108 327
35 391
108 337
108 285
6 23
6 122
6 107
6 165
74 292
110 248
188 386
318 334
188 241
277 322
53 298
195 359
309 375
163 396
53 235
163 204
50 76
138 340
43 293
336 364
81 150
81 96
138 308
50 111
309 323
43 200
32 161
195 236
215 286
32 160
31 262
31 79
69 314
69 153
114 224
276 366
215 288
215 289
276 300
31 97
195 253
114 290
336 345
203 385
171 329
347 373
230 284
39 201
156 348
230 279
94 281
52 125
7 283
87 166
94 282
20 357
87 194
20 250
52 388
52 260
20 303
94 184
7 47
59 269
62 361
7 105
59 167
59 140
87 377
62 265
62 136
220 352
352 372
201 395
37 259
83 259
134 297
80 350
180 182
295 319
317 382
100 264
197 268
223 384
249 398
137 312
80 240
280 346
238 244
152 383
100 371
356 365
141 252
39 229
83 254
261 330
179 251
82 332
261 392
82 243
216 355
179 287
174 273
174 397
299 380
12 191
37 353
37 237
12 368
188 278
70 270
12 270
126 146
83 389
46 61
201 263
0 354
218 374
227 259
35 169
93 379
35 61
0 339
83 225
213 349
279 342
187 229
187 380
126 234
112 233
112 306
58 126
83 310
347 354
276 390
43 169
32 247
69 379
53 237
40 128
186 247
93 324
108 389
170 299
134 393
28 296
147 363
259 352
259 356
128 157
94 354
110 279
201 216
74 156
174 201
147 394
274 394
101 387
180 191
137 339
141 368
83 152
58 99
46 170
90 217
209 256
181 299
362 378
51 127
51 399
183 263
225 336
6 99
32 381
69 381
31 156
101 313
228 374
239 393
227 321
143 213
225 376
46 124
3 205
185 215
50 278
81 185
62 93
7 93
20 279
93 362
225 295
185 307
246 318
28 276
52 278
190 254
99 223
99 238
185 249
163 217
181 309
40 138
114 313
3 87
124 280
59 209
246 317
112 197
