33.379834
1
104
7
205807
109 161
211 316
262 316
76 316
46 375
31 333
153 320
127 318
66 170
5 287
178 240
211 300
29 250
23 371
204 367
165 337
220 337
145 279
70 279
207 279
243 279
207 380
146 380
219 380
328 380
151 330
29 283
13 330
23 330
178 283
4 309
76 190
75 190
107 190
86 186
34 186
21 236
64 236
217 236
280 393
344 393
119 251
5 251
208 251
144 302
109 302
50 388
255 337
12 159
242 349
138 349
21 174
15 172
1 172
100 172
157 340
234 340
323 355
10 370
25 229
116 299
110 370
352 387
56 194
19 391
282 376
223 387
90 376
77 284
121 355
132 391
320 376
140 391
243 273
115 284
111 355
149 194
24 284
195 273
143 387
179 229
160 370
268 273
18 299
44 92
47 206
69 136
99 224
127 171
88 171
34 68
148 238
69 85
12 60
73 238
83 314
277 314
16 201
158 201
4 94
93 94
105 164
95 102
63 164
55 246
354 379
215 379
161 241
64 241
9 261
170 261
138 313
107 183
46 53
32 87
276 283
142 147
232 256
59 152
215 394
236 374
358 393
31 39
79 191
41 166
204 205
106 168
55 311
54 124
117 239
130 168
37 49
71 228
36 124
35 166
40 126
52 239
248 316
43 131
227 319
218 349
11 337
174 230
174 225
316 384
263 358
270 340
229 300
194 388
118 329
92 303
92 245
103 118
57 338
42 50
42 259
206 212
206 270
57 103
206 285
13 322
224 250
200 224
68 276
269 350
60 175
314 386
22 335
22 163
22 260
135 278
125 255
125 227
201 293
0 135
65 266
89 266
164 371
102 139
164 337
51 62
51 209
51 252
181 189
181 318
261 294
202 272
53 235
87 129
87 333
337 368
20 290
61 98
8 203
38 167
147 369
134 292
147 184
61 301
122 196
38 326
20 89
122 287
134 383
256 305
28 78
152 307
28 169
256 258
61 155
134 200
123 265
152 341
101 128
101 226
101 240
122 274
8 65
154 251
294 394
159 309
48 343
48 66
48 317
316 357
154 340
377 393
236 244
39 395
191 375
39 72
191 298
302 366
118 309
311 389
228 257
49 291
33 214
239 306
168 198
166 361
126 222
205 373
124 399
155 325
293 357
2 364
192 332
2 360
14 120
150 202
173 269
173 367
14 336
150 327
192 381
150 185
173 296
319 377
84 396
84 324
62 84
131 153
131 137
174 249
174 197
7 283
11 159
172 347
30 221
58 312
3 156
58 74
345 353
82 275
82 297
30 339
3 97
133 372
3 378
345 382
133 295
82 331
30 210
345 390
58 362
133 365
308 321
334 346
248 351
193 316
186 384
154 201
308 319
94 154
136 236
92 254
159 304
57 104
7 199
42 348
180 218
281 380
337 359
81 248
171 216
85 288
181 199
278 346
108 197
264 315
112 154
190 267
94 289
94 315
384 387
102 104
91 376
91 273
136 304
81 162
51 347
141 393
304 350
271 330
67 319
237 302
278 340
118 314
187 216
7 370
279 397
224 233
38 351
28 249
123 286
8 244
123 342
20 348
141 172
281 377
168 309
159 231
45 334
108 238
246 398
22 108
53 384
309 345
113 288
92 267
68 313
164 246
182 385
256 350
123 350
14 254
2 253
182 237
261 385
26 251
147 264
113 299
33 334
183 392
272 392
45 213
176 286
87 213
308 363
82 263
206 356
118 325
26 284
136 228
186 247
6 42
355 397
363 391
239 350
247 253
81 96
126 246
17 102
67 188
91 177
114 379
80 233
192 392
152 188
0 27
241 310
17 124
166 356
49 363
3 188
6 133
58 114
30 363
