31.866667
1
71
7682
111192
29 196
25 227
152 236
115 211
5 208
148 248
153 243
94 230
239 244
110 241
50 216
207 220
35 116
87 211
215 244
173 228
125 128
22 180
65 208
200 227
71 196
88 241
120 197
156 204
78 204
28 196
41 241
84 116
122 218
139 180
104 248
34 218
21 242
193 227
74 116
242 243
194 220
173 236
103 208
7 234
158 218
44 216
13 248
56 234
170 230
51 197
45 243
25 165
57 204
71 218
144 197
54 216
69 220
67 180
214 234
149 244
92 236
219 247
121 247
230 247
28 176
23 176
86 176
102 142
142 170
117 142
159 160
160 199
18 160
39 185
8 93
93 175
93 165
190 217
69 217
189 217
217 237
181 234
12 241
12 244
30 112
181 197
30 68
131 195
26 131
131 183
30 145
123 201
83 123
63 123
123 203
21 113
101 113
113 124
109 128
78 109
109 126
11 109
26 108
108 154
108 143
96 108
90 236
82 211
62 160
17 243
8 85
85 228
85 111
85 246
216 222
89 218
224 246
75 224
224 240
104 225
15 70
70 203
70 167
91 206
73 127
46 198
114 172
10 226
119 147
114 221
119 187
10 141
9 36
73 146
91 136
9 47
73 155
91 231
9 188
208 229
46 177
46 97
119 174
114 249
10 192
61 138
16 61
61 94
113 176
30 160
163 182
1 130
182 212
20 151
53 182
161 209
48 168
168 202
55 76
49 168
186 232
209 245
99 186
80 130
76 166
33 137
72 209
14 76
38 186
137 191
64 137
151 171
130 135
52 77
107 164
42 220
40 52
42 248
43 178
37 180
107 150
106 179
60 79
98 169
106 118
66 107
43 238
4 43
116 157
60 133
169 184
169 235
27 106
0 60
52 233
31 132
132 185
132 134
19 211
19 227
24 125
24 32
24 210
129 196
204 213
39 217
89 247
105 176
93 131
6 87
6 51
62 82
17 160
12 181
181 205
39 105
12 162
2 142
39 70
9 39
90 109
81 100
12 119
81 90
58 222
108 222
93 223
130 181
30 37
131 157
3 225
100 140
52 90
10 229
59 114
95 162
89 182
107 222
59 76
186 229
59 140
140 229
73 95
46 223
59 169
42 91
37 209
95 168
151 157
129 137
106 223
2 43
60 213
