68.066667
1
146
45772
52228
180 322
192 484
116 350
254 438
292 467
200 350
382 484
20 313
319 477
413 467
157 472
72 430
249 448
301 448
172 322
318 460
461 463
102 477
91 313
302 437
205 333
92 305
337 451
109 112
21 467
219 465
76 350
153 325
36 451
210 423
40 430
45 374
165 465
360 437
188 198
152 374
184 313
197 465
39 325
41 417
231 373
142 365
343 405
207 449
9 436
7 221
118 365
411 429
195 436
179 472
54 423
361 472
139 198
368 441
348 419
32 409
276 423
190 305
16 365
22 477
459 484
160 448
408 451
11 322
53 409
63 441
220 409
420 436
59 198
149 217
143 441
284 374
318 325
87 305
330 449
245 449
336 437
3 81
140 414
269 414
189 351
351 391
351 482
230 351
225 427
217 225
15 225
120 442
93 120
66 120
194 386
231 386
386 387
85 294
146 294
294 444
234 449
56 372
56 467
40 299
287 299
224 299
299 416
66 478
441 478
243 432
114 185
183 185
185 205
61 412
191 412
412 463
199 375
112 199
181 199
151 253
253 283
109 253
242 475
155 475
464 475
212 491
49 431
49 296
49 481
164 431
49 188
234 414
385 439
429 439
439 445
221 270
186 270
270 468
277 490
239 277
254 277
247 393
84 247
247 391
136 163
7 136
136 177
174 379
174 389
149 174
47 174
144 388
229 444
241 401
367 377
367 402
229 488
71 241
371 494
119 244
28 371
244 491
89 130
371 400
260 421
260 460
244 291
162 241
344 367
144 264
89 450
95 144
89 135
89 410
144 447
260 424
241 315
187 229
128 229
38 367
73 405
68 111
8 162
117 472
198 458
8 317
428 448
19 350
73 98
206 243
138 237
374 428
138 369
138 287
313 469
68 290
65 333
65 105
73 487
8 267
65 265
117 465
322 469
68 175
206 496
206 406
81 260
335 493
58 159
4 304
74 182
74 383
171 216
57 474
335 349
74 357
46 365
60 147
285 289
320 484
18 470
18 154
33 168
201 278
4 268
33 378
18 64
33 370
57 279
58 113
286 324
58 398
57 100
42 423
201 300
335 415
285 353
286 298
286 376
4 131
60 345
171 173
285 334
60 486
171 403
201 489
325 492
90 373
90 326
252 395
90 99
252 275
252 410
145 452
145 399
41 145
23 204
30 476
43 169
115 227
262 297
26 202
69 176
204 454
282 309
314 394
196 258
328 418
479 499
280 328
169 358
123 258
35 479
256 310
248 443
126 262
222 476
331 362
258 446
362 426
37 166
5 176
281 359
226 272
108 227
271 272
166 340
156 309
310 312
50 169
79 479
227 228
14 204
176 233
94 314
443 466
96 166
34 314
25 262
141 328
17 202
75 310
213 281
342 443
327 362
476 485
202 390
272 396
121 281
309 473
67 246
83 88
158 211
323 498
80 83
29 240
259 440
137 433
193 407
44 263
55 293
134 137
137 483
323 425
246 363
125 257
236 354
83 303
133 259
193 347
44 306
0 86
107 193
158 167
77 158
257 332
257 419
250 380
259 364
0 31
12 323
240 392
44 430
214 255
236 356
51 55
240 341
27 236
150 250
214 264
124 214
55 495
250 434
246 308
106 178
178 329
178 461
13 417
3 13
316 457
72 316
316 424
110 261
13 62
78 110
110 438
305 422
48 288
48 274
48 343
321 462
321 411
170 321
24 436
97 218
218 379
218 355
6 437
453 477
52 451
52 409
2 435
2 352
2 377
148 295
148 372
148 455
266 290
56 120
232 450
81 232
232 414
49 56
161 351
234 277
129 234
82 225
234 244
129 432
371 475
212 371
161 386
19 475
127 294
57 478
70 299
46 412
1 56
127 185
266 351
18 164
74 164
171 212
272 432
122 247
236 432
214 478
104 136
260 346
164 258
0 212
212 235
68 307
103 428
164 215
24 253
6 199
439 480
229 404
82 244
203 346
19 60
335 346
122 201
103 132
286 307
42 103
65 497
101 367
52 270
90 469
252 428
145 381
19 273
122 238
174 422
311 381
46 285
33 404
4 132
362 381
122 309
262 458
176 381
104 202
104 443
144 384
158 458
83 346
259 307
235 458
58 101
117 366
223 469
129 208
8 480
251 471
241 453
1 339
24 206
238 339
117 218
46 311
10 138
104 397
307 397
73 453
103 209
281 320
82 314
42 166
132 323
161 193
42 240
137 320
55 132
257 404
223 320
101 310
127 328
70 204
70 169
178 497
246 492
208 251
101 366
203 453
338 404
227 384
250 480
10 476
456 479
215 456
