23.851772
1
92
6
192025
94 203
135 343
16 115
329 342
15 165
24 53
23 188
280 374
197 336
291 298
36 302
239 369
114 295
108 235
42 307
169 357
97 105
62 188
132 209
303 373
175 366
269 278
296 361
329 387
167 387
12 387
94 313
15 313
49 313
29 103
39 91
24 283
234 283
210 283
220 233
124 233
17 233
169 375
202 226
85 226
79 100
48 100
70 327
116 260
16 327
25 100
168 327
12 273
42 397
176 397
104 397
108 255
200 255
57 255
0 385
99 385
159 385
293 359
44 359
29 205
342 359
165 321
236 311
47 311
90 311
65 382
343 386
378 382
350 386
66 330
77 386
18 245
138 346
374 382
203 245
83 330
64 177
4 299
4 334
4 161
298 304
95 129
93 129
197 237
114 151
36 151
93 249
105 336
105 173
105 275
69 178
69 320
69 287
188 324
188 388
110 387
134 211
6 286
234 286
207 211
167 243
119 179
3 179
103 253
103 280
91 369
103 157
91 218
154 332
239 251
315 353
13 230
142 323
163 231
115 272
195 272
135 383
81 371
187 230
191 332
380 383
352 353
35 383
162 185
292 355
160 251
181 231
133 355
159 185
325 332
75 323
213 323
63 371
79 316
183 230
252 339
137 355
61 371
86 122
56 146
89 212
9 46
17 72
173 226
174 226
2 171
2 182
2 390
253 260
170 215
170 198
149 205
307 312
14 117
321 376
88 346
326 330
52 221
177 244
264 301
264 393
177 235
264 281
52 153
4 256
4 328
109 307
5 246
241 246
129 172
237 306
64 290
95 341
89 274
162 314
91 357
31 82
151 268
4 260
38 271
84 271
96 126
139 248
106 140
113 128
27 270
120 381
53 92
56 128
69 148
69 204
241 259
71 188
69 91
286 308
223 368
211 317
179 297
103 266
316 326
277 339
185 279
251 295
339 396
1 105
122 131
143 277
212 361
212 278
32 132
146 158
146 175
32 174
146 340
32 88
46 294
311 357
73 258
147 189
37 45
72 269
72 347
73 349
72 136
45 219
8 186
8 37
8 19
45 267
375 392
188 358
109 283
273 356
127 359
273 313
10 199
205 395
31 123
243 307
14 55
231 307
307 371
52 112
177 338
125 242
125 310
76 305
111 370
196 345
76 121
111 364
125 206
111 337
76 107
196 227
196 238
246 399
237 319
129 338
255 273
218 289
275 314
317 351
80 344
40 127
51 228
82 291
82 214
265 357
357 383
249 328
264 327
140 373
126 366
98 302
28 209
92 180
248 360
270 372
140 240
92 367
271 285
381 394
67 229
98 224
126 232
28 33
128 164
14 348
237 375
19 384
40 228
1 51
127 230
52 74
69 257
14 318
58 110
263 282
263 362
60 303
21 62
87 225
21 152
222 331
26 296
26 80
87 363
58 322
58 276
60 201
222 284
11 145
11 288
223 356
51 74
10 357
353 389
272 395
216 228
228 262
122 309
130 233
46 148
78 309
147 261
7 14
125 357
156 375
68 226
128 307
55 327
10 377
100 122
335 397
188 208
4 54
150 311
2 147
30 149
103 379
170 335
102 109
109 118
170 212
316 321
188 354
190 228
155 264
333 385
34 129
358 386
127 263
67 204
248 312
50 91
260 351
74 111
177 247
22 387
222 388
60 117
87 392
2 184
150 192
4 20
304 379
71 143
375 384
144 273
73 179
184 382
127 250
105 141
259 385
166 330
102 353
217 324
59 266
41 112
254 261
247 355
101 247
101 194
73 194
2 43
74 391
255 365
130 271
54 332
50 323
76 247
144 196
314 381
270 290
46 300
11 289
10 193
351 398
