3.990225
19
25
52667
146094
40 120
35 86
97 120
19 124
15 132
77 128
35 128
7 127
108 123
118 127
90 128
50 120
101 118
51 119
41 128
36 119
3 87
76 87
74 77
18 74
114 120
31 86
34 123
26 92
92 113
45 92
80 92
11 119
26 54
89 137
33 68
68 127
42 56
29 90
27 122
25 74
25 92
62 104
45 107
66 107
107 138
75 136
17 136
126 136
80 82
82 98
82 129
78 98
30 78
32 78
110 120
110 128
4 78
21 81
6 88
29 42
107 112
39 83
46 86
19 46
46 53
0 102
0 132
59 61
31 83
59 92
69 70
112 136
43 47
43 102
43 56
16 94
3 16
16 86
68 81
85 117
117 139
117 124
104 136
1 22
1 135
1 93
1 131
39 109
109 130
65 76
1 21
16 34
4 125
64 97
64 135
10 52
52 111
52 63
52 99
44 133
38 84
34 133
6 84
72 108
14 72
13 117
84 136
8 55
8 53
23 33
23 121
11 65
57 73
57 127
43 89
15 49
49 103
49 60
38 70
69 105
37 91
37 94
2 47
2 10
28 134
28 58
24 73
27 105
28 61
95 116
95 114
5 115
5 122
71 96
71 103
20 100
20 55
48 106
9 137
9 12
48 67
9 79
2 48
