34.305514
1
92
6
269156
109 158
99 228
3 161
40 53
57 107
95 260
52 178
215 285
58 114
21 169
30 245
32 38
102 191
154 295
175 295
157 295
113 248
37 248
161 248
227 277
220 280
198 280
158 280
151 214
82 318
81 223
60 256
287 315
97 129
271 327
102 335
146 335
268 335
11 225
154 225
47 56
163 202
109 148
21 148
168 243
115 243
99 243
111 289
162 289
285 289
160 314
7 314
108 314
2 250
126 250
25 250
128 239
213 336
281 336
51 347
16 325
208 349
189 239
28 179
64 325
240 347
334 349
52 336
344 347
30 292
228 292
120 239
164 179
90 292
57 325
267 349
89 316
98 312
212 316
282 306
87 306
149 312
195 211
142 211
191 247
38 112
38 59
38 173
38 88
191 223
191 205
13 137
95 137
94 192
18 91
1 23
116 192
17 23
43 77
14 77
284 295
295 307
1 176
84 176
147 197
198 264
2 197
147 290
75 290
46 319
227 319
20 55
20 61
20 233
216 255
58 255
110 252
76 252
122 251
10 237
3 69
15 217
10 177
122 217
31 177
59 225
202 321
56 293
56 224
202 253
153 348
153 256
153 271
148 318
106 345
8 337
144 265
184 246
70 86
79 132
40 104
4 145
119 167
32 96
85 265
182 238
170 246
296 337
22 238
53 101
76 309
39 48
185 190
12 125
29 174
121 159
27 50
203 248
203 343
203 277
140 277
134 234
25 33
231 261
54 295
20 78
137 311
23 114
171 236
91 97
192 235
23 151
77 118
176 258
56 140
140 322
92 171
92 298
92 215
118 264
290 310
319 333
255 331
54 329
252 275
123 186
45 266
103 305
45 166
152 287
42 270
152 196
62 317
62 188
9 26
9 194
42 346
103 222
42 124
45 165
123 230
135 339
66 207
9 105
62 100
152 180
66 71
123 308
103 138
135 193
135 313
66 206
247 251
275 326
69 74
177 263
217 284
203 336
65 301
143 225
202 322
143 153
191 204
136 288
136 315
238 244
132 274
86 178
86 338
96 260
96 242
104 229
246 283
337 340
104 324
145 214
145 294
265 332
167 201
143 289
101 300
101 127
48 82
0 341
6 245
72 269
190 302
6 278
50 181
72 81
72 273
125 218
5 41
19 67
49 232
50 209
6 210
19 60
190 262
159 221
68 330
5 133
49 155
68 107
49 129
159 257
117 169
174 272
5 327
117 200
19 44
0 80
117 139
125 328
68 73
174 259
20 323
65 349
322 325
54 299
127 219
33 106
219 231
316 329
203 217
56 261
306 322
91 301
226 277
91 202
291 322
148 323
65 320
131 191
24 237
204 314
277 279
54 177
140 246
24 254
38 183
42 143
65 103
153 326
20 249
279 345
276 292
24 304
204 211
280 304
34 203
192 204
24 286
54 159
35 335
187 314
234 295
250 297
243 304
50 65
251 312
93 323
35 347
172 276
152 236
9 236
179 309
63 299
45 276
239 241
299 303
130 290
211 342
83 312
150 192
187 199
238 276
130 255
141 254
36 92
123 150
132 326
135 286
66 183
36 62
141 241
156 226
167 303
131 174
183 265
241 337
83 190
125 249
0 36
