1.382093
3
21
253508
719079
29 118
20 47
6 17
46 51
80 104
18 47
50 104
102 114
15 118
6 114
5 99
2 5
13 119
17 119
76 113
64 113
73 113
3 99
44 65
13 65
101 118
52 60
21 99
44 116
59 99
86 110
46 110
60 104
3 90
0 104
2 8
3 87
31 45
93 110
93 116
36 89
82 89
3 89
48 119
48 113
27 84
20 84
77 84
82 84
16 115
32 106
72 106
45 84
72 85
85 113
28 85
28 55
24 57
51 63
70 110
61 110
0 8
21 61
79 119
18 58
8 53
34 85
3 94
24 31
40 115
33 40
23 108
11 108
84 103
16 63
19 51
19 62
4 71
62 71
3 41
1 113
68 90
10 57
55 75
112 115
67 116
78 99
43 109
77 109
107 118
107 110
75 108
35 57
4 38
37 87
9 118
22 41
26 38
22 25
30 116
7 9
3 105
92 119
64 69
23 42
73 74
58 97
26 54
66 108
10 56
25 100
78 96
89 95
108 117
1 81
1 83
78 98
109 111
7 12
37 91
37 49
7 14
35 88
30 39
