49.264286
1
119
6
55405
229 435
101 138
285 375
50 183
176 335
17 21
327 334
16 74
142 359
188 397
311 371
360 383
161 386
63 122
37 436
203 412
62 102
44 175
51 214
7 429
108 353
346 420
201 317
94 308
35 404
81 404
287 404
18 271
271 340
44 271
198 271
62 178
63 178
154 178
100 132
132 255
132 383
102 430
68 430
181 430
229 441
19 441
416 441
180 385
179 385
32 385
301 385
343 367
367 418
245 367
197 367
18 145
135 145
86 211
187 380
228 329
187 302
211 399
123 268
123 153
123 224
211 242
38 425
262 382
262 379
38 422
38 184
28 262
30 320
187 432
22 437
185 437
183 437
164 342
327 342
9 342
2 127
12 127
127 307
268 369
216 362
101 362
220 362
140 361
39 54
140 403
39 391
140 394
39 114
122 413
244 270
307 365
24 270
163 365
31 365
239 413
226 270
61 413
34 303
131 303
303 375
355 433
214 433
151 433
40 352
55 296
20 248
339 347
196 408
144 352
37 408
48 398
232 384
157 388
139 351
200 248
137 398
142 248
149 347
119 296
285 305
223 354
235 408
47 325
0 354
225 352
334 354
227 351
74 347
67 393
79 398
3 296
207 384
237 325
64 305
66 393
272 384
76 305
275 393
278 351
117 325
219 388
417 447
382 417
85 209
126 368
222 231
231 276
15 231
263 368
129 417
96 368
110 417
202 209
168 231
188 209
243 249
70 243
212 243
190 444
190 292
14 190
90 190
300 349
176 300
141 373
26 333
240 320
240 247
143 240
26 295
26 222
286 290
290 429
160 317
12 160
16 251
59 160
251 370
87 251
4 75
130 194
4 346
4 338
130 171
130 288
45 415
415 449
51 415
71 280
167 280
280 318
75 218
237 411
349 411
77 266
266 353
109 386
13 109
50 390
52 390
390 406
128 162
192 409
49 105
41 387
49 259
41 324
128 438
192 289
128 443
192 234
95 193
49 136
95 264
95 321
41 252
407 436
356 407
125 407
53 158
158 330
17 158
133 141
344 427
155 273
304 397
112 312
113 133
148 161
10 80
147 260
146 254
377 402
294 313
312 372
283 310
91 312
273 381
260 363
104 283
328 428
106 322
5 146
309 335
182 421
58 371
323 377
256 260
236 283
23 172
206 294
36 195
217 304
309 357
46 148
322 389
304 306
32 58
73 328
99 344
174 195
80 445
165 377
11 182
267 273
195 238
172 376
80 435
103 328
146 175
133 293
150 322
65 309
148 203
58 319
182 360
84 204
84 448
298 331
78 90
233 298
57 78
298 359
21 84
78 277
108 420
83 297
191 440
72 92
111 358
92 291
177 274
191 205
199 250
213 265
221 311
93 279
221 332
221 396
97 434
93 138
177 366
191 228
1 97
83 308
88 111
269 315
213 336
115 208
120 364
177 343
93 173
111 412
83 258
8 115
120 215
115 395
60 269
97 281
89 414
92 189
269 337
89 316
25 120
250 401
250 439
6 213
156 271
13 159
159 288
152 279
81 152
82 232
98 227
24 124
124 416
108 116
156 187
123 420
30 201
420 437
94 116
187 210
108 134
156 325
201 341
271 362
140 210
231 420
94 305
156 373
33 350
186 318
350 400
186 421
140 367
39 211
132 368
303 329
94 243
209 385
190 210
116 352
116 347
210 253
116 209
329 368
108 446
351 369
4 257
123 240
253 262
241 262
170 257
156 392
156 182
378 430
441 442
367 442
56 393
94 169
201 314
201 374
128 329
404 423
43 271
257 260
178 431
132 431
261 354
118 329
211 345
29 248
39 230
385 419
243 282
111 257
56 251
30 294
27 341
107 342
56 405
398 442
69 408
378 388
413 424
107 365
38 42
30 120
30 269
362 426
410 433
257 299
107 384
115 127
166 280
218 284
43 296
166 348
38 82
69 415
29 407
290 446
230 266
261 326
29 118
240 246
41 230
261 312
29 377
121 130
192 419
95 423
49 426
69 97
172 410
250 345
92 424
273 431
158 374
314 328
213 246
42 344
121 283
195 314
322 374
127 350
89 121
