17.933742
1
44
3
875405
29 89
62 104
50 140
108 153
24 153
105 153
5 153
55 143
94 143
54 143
29 125
79 125
135 156
66 156
7 78
40 78
71 78
71 118
114 118
108 144
23 144
34 144
58 106
103 106
122 125
45 123
7 123
89 123
65 145
73 137
93 158
41 158
47 137
30 145
84 158
83 141
76 139
97 137
62 139
138 145
10 141
124 139
125 131
106 122
28 53
18 53
78 134
64 156
118 140
118 120
17 43
15 64
15 57
17 25
15 130
15 46
17 60
63 117
39 117
74 132
19 67
61 107
0 121
111 116
42 121
88 107
80 132
35 51
13 72
106 115
3 99
6 16
11 52
33 37
21 101
17 149
117 151
107 154
121 127
132 159
116 129
72 150
51 112
72 77
51 95
55 119
39 96
9 27
1 70
1 104
16 133
85 98
85 91
9 155
9 142
4 147
4 102
4 69
85 109
99 152
99 113
16 22
37 38
37 146
59 100
59 86
8 20
8 26
52 92
1 49
31 32
31 50
53 101
67 126
86 96
25 148
77 148
95 119
59 149
153 156
56 126
44 153
125 128
75 156
87 143
78 136
21 107
17 157
21 81
12 106
21 52
15 136
12 21
75 82
72 75
87 123
14 157
87 137
110 141
68 139
12 158
36 145
56 143
2 53
90 128
1 128
14 110
52 116
44 132
68 121
16 36
9 12
36 99
85 110
4 136
2 37
36 90
8 44
14 48
