21.733333
1
48
537
150714
71 111
150 168
49 127
29 60
82 172
4 111
146 168
71 127
68 129
118 127
143 147
124 177
116 167
144 169
26 129
23 177
69 111
131 143
97 111
8 35
22 59
40 172
30 129
72 127
24 59
74 177
37 172
4 59
90 168
12 167
15 143
166 167
105 117
103 117
117 165
34 42
2 34
7 34
27 53
3 27
7 27
29 130
1 130
130 141
76 127
76 147
9 46
42 64
28 64
64 162
6 63
19 63
63 134
77 133
13 133
5 133
60 98
50 98
98 161
10 100
100 120
100 144
95 160
36 95
95 125
79 145
79 158
79 96
43 169
43 123
78 155
52 104
58 101
8 101
52 88
101 139
52 113
52 93
48 145
48 67
94 112
38 94
48 84
16 48
94 175
19 65
135 177
128 152
24 128
128 151
45 168
25 157
25 115
22 25
54 81
51 174
35 51
11 54
51 99
41 54
0 129
17 179
2 17
17 110
14 118
14 46
87 111
87 167
56 119
56 149
56 136
18 176
31 70
31 108
31 107
18 75
18 83
20 44
44 88
44 106
109 140
73 142
57 132
137 138
39 47
137 154
73 86
62 121
32 57
57 171
164 172
62 148
47 159
109 122
59 109
66 73
47 156
126 137
85 153
85 170
101 117
65 117
34 43
76 98
80 117
9 89
64 89
78 133
94 133
78 95
45 130
27 33
55 76
52 89
101 163
92 163
79 135
43 135
0 63
61 102
89 178
76 137
78 91
48 91
102 135
61 173
92 173
95 114
21 100
73 89
62 65
164 178
31 80
54 164
57 114
21 56
18 21
33 47
78 85
