22.595238
1
58
4602
100552
117 203
194 242
133 241
45 235
238 246
99 123
128 201
0 153
170 205
99 138
21 23
4 198
15 23
33 220
147 246
219 235
32 61
53 244
45 143
90 143
75 241
59 123
23 79
113 137
85 123
166 235
66 223
125 165
40 241
14 217
35 218
229 236
69 203
111 223
36 179
193 198
55 143
204 223
9 140
122 203
143 196
54 242
201 220
181 242
165 235
7 154
9 220
180 198
246 249
48 73
33 208
30 142
0 142
142 224
32 91
41 91
91 170
19 22
19 129
19 120
19 238
19 121
145 167
75 145
138 226
188 226
93 226
70 226
87 105
87 185
40 87
87 140
87 110
87 203
92 220
96 118
118 167
53 67
67 152
92 161
151 177
161 213
91 190
186 192
6 186
70 186
2 235
131 149
149 216
26 149
105 149
39 62
39 52
39 61
21 94
94 223
39 172
29 216
29 100
29 74
29 86
94 198
101 213
87 190
77 186
48 149
175 218
83 175
84 226
132 147
123 155
155 203
13 90
13 182
13 74
13 225
8 104
81 104
104 107
104 168
127 232
25 127
78 127
158 213
212 214
59 141
141 209
212 231
76 212
141 236
124 174
174 200
148 174
184 242
20 57
57 221
57 73
141 151
12 211
27 211
211 225
162 222
222 240
35 150
150 237
150 163
11 150
67 145
97 247
97 154
10 97
36 191
191 248
191 202
46 176
63 134
63 115
46 199
46 159
63 65
94 114
68 101
19 24
60 183
26 60
60 233
77 171
169 189
169 195
8 169
127 208
23 51
50 126
112 156
37 106
58 126
5 112
3 106
106 187
126 210
230 244
178 230
230 245
31 227
7 31
31 103
160 185
160 173
84 175
132 158
68 114
80 157
80 239
18 28
16 146
44 56
38 108
64 71
17 125
18 113
108 206
64 237
102 179
18 205
64 207
17 144
17 215
47 80
34 95
34 43
102 116
42 82
16 137
44 139
42 98
16 119
34 153
44 121
108 136
42 229
102 217
14 88
88 164
88 130
109 241
1 246
184 226
24 234
89 135
13 89
19 243
109 142
212 234
29 49
197 222
150 197
72 177
2 191
46 94
49 97
72 104
72 174
127 228
106 211
72 126
51 63
112 228
108 243
1 80
