1.751054
24
15
75222
198828
59 61
13 58
38 58
70 92
46 70
65 70
29 92
22 71
55 83
21 67
88 94
4 42
56 67
47 66
32 61
81 88
82 93
11 66
67 90
56 66
58 80
71 80
64 85
50 64
3 64
47 64
57 64
25 98
41 71
41 66
42 48
10 58
70 76
49 76
76 90
76 81
35 66
15 51
79 88
79 84
51 79
37 52
37 96
37 68
37 97
37 94
37 61
39 65
33 95
7 23
16 87
31 70
10 19
36 57
54 67
54 83
15 48
37 44
16 37
40 45
22 40
64 72
33 69
14 53
28 53
53 95
23 72
69 72
61 89
25 31
26 77
26 44
5 20
20 74
20 96
27 73
27 77
18 86
18 21
6 30
2 6
1 6
6 97
20 24
20 63
9 62
62 63
34 59
34 93
12 45
12 91
17 29
0 17
4 43
43 78
60 73
60 75
8 99
8 14
