6.283333
1
26
5003
163143
74 138
137 138
105 114
59 138
25 59
75 112
72 92
92 127
15 126
15 100
54 95
84 94
60 95
12 111
36 100
53 95
96 108
97 108
22 108
28 111
80 138
11 35
106 114
72 100
33 128
35 36
43 120
87 111
39 92
75 129
70 131
93 138
109 112
69 114
78 100
127 131
0 112
4 92
4 108
8 108
101 114
56 77
18 77
77 110
100 104
2 134
47 60
81 119
77 119
13 27
50 100
52 71
59 71
37 133
99 114
27 82
82 110
31 82
11 82
67 126
51 67
82 135
13 134
24 56
99 104
102 118
33 102
121 133
102 135
1 73
1 89
1 139
34 107
7 107
107 139
1 4
47 71
1 9
24 37
21 107
45 91
5 91
91 132
91 93
43 91
46 136
46 108
91 101
48 118
17 26
26 41
26 120
26 61
20 49
20 44
112 124
95 124
4 58
64 138
38 88
38 63
38 96
42 55
42 129
76 83
76 109
49 76
68 125
44 68
81 103
103 117
103 130
62 74
62 98
6 25
6 10
14 40
40 85
40 88
3 90
57 122
19 57
3 29
57 123
32 65
32 84
32 79
111 116
21 32
23 70
23 30
16 66
113 115
16 128
82 86
50 116
57 64
46 113
3 86
