54.068241
1
132
6
179619
46 361
1 30
255 299
45 160
200 334
56 411
198 449
91 333
277 490
141 413
88 130
119 248
264 279
202 450
174 450
390 450
163 310
217 408
299 310
14 408
85 310
117 310
242 293
58 485
17 26
72 108
83 99
66 273
270 451
47 451
77 451
98 192
335 487
75 388
88 487
256 487
40 192
264 388
21 388
16 184
2 12
47 166
42 219
188 219
84 247
13 247
111 395
190 395
131 395
40 172
141 172
18 172
156 292
56 292
22 292
365 477
324 470
227 401
46 389
257 476
220 455
255 265
94 207
262 389
37 477
152 426
57 497
189 466
8 464
277 426
7 422
345 488
43 422
305 455
325 401
399 426
33 90
430 466
432 444
164 265
114 480
85 90
2 207
283 401
269 455
397 476
302 466
45 499
191 444
314 464
139 480
81 90
208 480
353 476
173 488
346 464
356 470
63 499
34 497
373 444
372 477
383 422
384 497
180 488
48 470
112 453
280 367
241 453
137 435
105 435
123 435
159 367
246 367
198 453
4 420
4 201
174 201
250 420
69 303
11 165
36 55
17 55
136 199
66 199
442 450
38 195
75 239
178 282
366 408
82 297
82 221
82 351
92 452
1 452
26 146
273 425
74 218
99 439
26 101
108 336
273 287
273 382
108 471
315 337
228 403
35 337
81 394
119 209
144 184
184 216
87 184
233 234
12 377
12 330
44 357
44 338
44 130
166 290
12 448
171 181
73 244
52 144
233 409
171 176
166 278
171 271
14 267
51 151
30 76
91 161
95 161
219 349
127 145
67 183
240 363
213 320
398 482
238 295
214 328
222 320
109 313
86 183
133 458
210 482
193 224
288 362
104 272
402 458
89 328
27 362
260 321
249 321
64 272
143 281
155 363
291 313
200 358
232 295
135 247
28 366
179 301
162 380
179 259
162 274
162 484
179 312
172 467
296 415
124 134
71 115
230 319
5 211
125 245
149 204
39 148
93 339
41 80
343 427
207 449
265 412
271 499
201 364
201 268
102 483
102 248
279 347
138 310
167 303
128 165
165 355
55 157
165 371
303 350
13 79
195 434
282 485
215 438
195 417
26 408
107 175
107 293
3 53
3 261
107 298
138 465
452 481
138 205
106 108
99 266
166 289
99 489
74 108
74 205
218 403
403 472
391 405
15 116
50 276
177 411
391 468
182 323
19 463
177 196
0 437
0 369
19 307
0 140
118 150
158 360
49 142
15 185
49 113
15 419
19 242
50 121
6 443
6 294
6 169
50 340
182 187
49 78
182 392
391 493
118 212
158 285
118 376
158 206
209 374
184 253
233 344
103 486
44 370
73 347
73 263
151 413
151 421
76 170
76 359
161 447
205 474
281 469
32 58
70 215
183 379
145 235
363 491
70 334
32 87
272 496
328 400
482 492
313 332
358 423
458 495
295 429
321 410
320 441
358 378
224 317
179 433
415 478
68 418
61 128
115 354
204 473
134 436
60 462
427 459
115 322
61 284
97 490
134 457
211 461
148 352
339 368
381 406
381 440
62 243
204 329
427 460
339 431
62 65
60 160
211 304
61 168
245 348
126 341
126 396
97 203
80 393
97 498
126 333
245 446
148 494
60 385
68 237
319 404
80 454
319 407
138 389
28 388
73 219
82 435
106 453
20 395
82 420
367 475
106 120
138 282
303 344
55 253
199 387
52 488
282 387
3 445
474 499
279 316
367 474
52 165
426 428
28 476
12 251
28 456
337 370
74 337
236 487
138 318
106 177
106 182
279 328
54 103
177 225
275 451
103 107
10 20
52 375
286 450
154 408
100 205
279 339
115 279
106 458
73 275
20 318
0 103
162 194
145 475
362 424
224 465
26 132
74 313
24 273
205 286
162 394
82 331
415 489
172 309
68 486
381 433
99 308
50 428
23 167
110 442
23 135
303 438
31 171
192 331
55 311
326 477
233 254
166 479
52 148
103 134
321 428
25 428
28 482
120 153
247 306
342 424
79 263
129 219
59 497
239 326
9 179
19 438
265 414
31 422
3 309
229 445
20 252
233 327
158 311
122 292
102 132
223 470
254 444
308 466
90 231
226 401
96 455
129 464
96 480
258 311
197 289
25 438
96 420
386 428
171 416
147 300
223 239
204 438
9 195
147 316
186 194
245 311
254 452
15 24
118 154
10 308
49 306
226 403
59 151
6 223
326 427
319 326
231 391
363 414
29 258
62 267
286 295
195 416
29 320
122 183
161 226
281 479
272 479
129 362
211 231
80 308
