42.237288
1
109
6
205336
1 30
2 178
46 252
98 105
74 248
53 323
118 377
126 264
87 186
173 315
58 316
47 277
262 277
22 41
152 396
213 396
0 396
246 396
190 388
144 388
272 388
53 391
219 391
28 391
119 256
46 160
141 211
16 236
20 286
337 371
116 167
237 375
151 322
183 331
84 383
158 383
224 383
105 108
143 385
102 230
75 230
74 230
353 385
318 385
118 291
26 291
56 291
59 202
319 389
171 343
37 253
134 187
49 389
200 265
373 382
86 253
228 253
147 265
235 343
97 202
98 187
308 389
36 180
189 320
68 265
60 330
112 320
122 202
87 180
325 343
130 360
206 320
141 360
279 382
135 330
125 330
277 378
173 287
252 287
210 381
257 381
14 70
44 140
153 233
100 233
51 70
29 140
239 345
103 307
161 231
248 307
123 345
58 269
82 269
41 80
197 296
163 229
83 229
109 296
20 222
166 222
1 148
16 175
104 243
92 243
178 198
195 273
65 273
2 52
38 106
39 106
9 61
45 61
363 388
179 302
92 302
44 338
69 338
11 177
126 349
221 349
160 283
236 281
256 271
236 310
236 328
256 315
39 215
18 66
3 203
114 216
340 369
342 350
4 127
55 120
54 99
193 314
13 294
258 314
21 297
241 348
128 245
85 99
6 208
0 25
225 367
32 71
8 188
218 367
77 188
48 127
146 350
30 120
169 216
226 245
139 155
129 208
227 369
247 297
73 348
259 294
63 203
88 361
88 137
108 121
88 138
108 295
57 377
57 76
57 149
154 214
154 186
154 164
23 31
94 244
104 176
33 35
165 196
81 90
15 17
41 101
187 346
180 255
360 372
321 382
277 292
287 375
381 397
284 381
70 329
140 313
140 331
233 238
41 220
41 159
260 277
177 231
307 384
269 305
231 301
84 352
229 274
5 205
296 376
222 317
148 392
148 234
175 290
175 324
198 337
273 363
52 62
106 157
302 336
338 366
101 256
64 264
64 356
64 89
150 167
150 362
214 240
275 306
223 334
142 160
358 385
349 368
242 396
34 174
117 204
145 209
50 199
145 263
34 78
145 335
117 136
50 327
50 293
117 192
34 191
160 292
159 365
154 256
71 332
99 151
127 162
350 359
188 266
120 393
297 354
369 370
294 323
25 183
314 380
25 298
208 282
245 303
348 398
66 223
203 289
216 374
66 116
367 394
91 254
155 379
211 230
27 309
31 237
31 339
108 131
211 330
222 358
90 96
17 124
244 386
35 278
244 299
196 357
19 355
182 341
168 284
19 250
17 390
19 322
168 371
90 285
182 275
43 288
12 268
207 276
176 251
207 267
168 172
176 344
12 347
43 132
35 316
196 312
280 358
387 395
101 148
11 296
184 388
232 321
101 194
5 24
57 70
175 286
42 220
113 277
131 345
229 304
11 351
159 273
131 296
95 395
249 395
115 156
24 150
27 42
24 72
72 220
115 240
11 181
358 367
150 304
260 364
211 212
115 212
34 286
42 242
72 131
101 203
107 142
11 333
35 358
11 111
181 383
201 391
140 387
7 395
24 294
24 297
40 236
351 382
253 351
110 358
182 399
110 388
71 365
155 309
93 142
170 395
17 286
159 244
260 348
154 300
208 260
99 260
181 202
217 364
52 217
67 291
57 79
79 108
352 399
181 233
185 220
88 311
12 27
27 176
242 350
188 242
40 389
106 351
113 265
201 343
64 156
88 270
10 320
133 229
242 261
91 387
61 215
43 387
233 326
10 280
156 216
156 245
270 345
79 117
50 93
7 145
67 369
127 133
300 314
111 196
7 207
90 311
