9.004775
3
35
17
126156
36 141
0 48
3 20
57 113
82 168
17 69
100 162
6 144
135 144
44 144
57 139
99 139
85 139
15 152
20 152
67 152
162 163
98 129
119 129
83 163
5 129
18 163
9 24
24 97
16 150
10 16
16 86
9 61
59 114
46 93
46 120
46 148
61 152
115 171
36 171
45 105
35 105
105 138
52 109
52 95
2 73
69 73
89 167
1 167
19 112
0 112
83 122
8 113
8 178
8 156
4 157
4 11
43 107
107 138
17 121
27 68
22 94
142 178
86 96
96 135
56 97
12 56
27 60
130 150
49 131
43 49
87 111
111 148
1 126
164 173
22 164
21 84
48 128
55 128
128 145
3 51
51 100
30 103
7 76
76 159
76 168
30 75
92 163
79 153
144 151
81 143
81 174
81 136
78 119
78 174
14 64
34 72
34 58
23 42
23 108
23 179
34 176
33 66
28 38
37 41
41 169
25 177
25 146
28 59
28 141
33 101
33 127
41 132
139 160
52 114
88 102
74 88
47 134
54 134
53 88
63 175
134 161
12 63
117 123
63 155
32 84
32 170
8 61
16 166
91 127
16 21
129 147
16 128
114 125
46 112
16 79
92 105
73 142
46 90
111 171
126 171
60 122
118 173
118 156
4 94
50 99
50 109
4 70
73 140
26 60
73 110
60 62
107 124
112 137
130 165
13 82
13 80
106 126
52 65
104 167
116 140
31 166
62 149
29 68
40 121
30 107
71 124
8 39
26 133
77 137
110 154
76 77
81 151
122 172
104 158
25 125
107 134
91 167
14 158
71 88
23 133
117 160
41 147
34 172
