22.658009
3
98
9711
45623
112 419
73 96
38 447
70 326
245 271
65 220
179 203
321 401
238 420
143 392
18 271
303 392
185 274
333 338
142 290
99 427
195 436
32 377
232 427
329 335
213 288
393 422
55 363
187 324
174 377
290 326
257 277
143 274
6 401
189 411
220 423
29 146
5 116
200 417
338 432
212 297
250 355
287 386
229 324
160 277
129 427
16 294
251 445
246 445
64 324
267 288
116 178
34 220
270 392
223 318
426 445
154 401
101 204
196 412
269 277
20 297
170 318
208 290
280 444
203 288
28 113
296 410
88 418
151 349
225 318
60 411
204 338
60 379
8 297
232 289
258 349
35 116
156 266
137 183
161 412
356 412
73 312
122 312
368 377
207 297
174 207
304 419
171 395
101 395
395 417
187 265
320 432
11 320
24 260
112 260
260 345
228 310
310 363
369 373
165 310
244 312
66 357
265 268
155 361
296 361
158 415
13 158
71 158
131 158
370 423
51 228
370 383
54 370
141 370
51 130
51 238
51 316
51 389
30 51
268 344
145 184
184 373
210 422
86 210
6 210
139 347
96 139
237 377
176 306
63 176
72 226
194 226
16 226
288 413
110 345
288 328
94 328
109 158
51 197
70 311
311 387
89 311
107 370
49 169
49 395
342 445
74 192
178 241
15 241
131 241
241 301
180 349
42 233
87 252
168 180
279 321
219 279
140 279
197 328
190 355
190 194
108 168
121 302
302 420
222 311
58 241
294 391
2 376
376 410
130 376
342 344
62 169
62 188
320 391
256 301
231 256
256 449
91 256
381 392
263 421
315 349
248 295
115 248
234 248
248 271
127 197
207 248
175 283
283 443
242 283
100 283
41 127
120 393
78 226
128 182
82 303
82 115
39 87
120 320
230 385
230 250
230 412
126 230
230 351
39 304
108 361
57 441
57 267
279 378
22 219
261 361
41 133
132 207
21 224
133 224
92 377
92 338
117 449
117 151
110 153
310 381
27 346
261 370
93 283
120 268
324 440
184 252
396 413
108 184
192 237
78 205
359 392
179 360
360 446
360 435
364 438
142 406
274 406
253 408
408 441
17 408
408 436
305 408
80 365
123 200
119 123
114 401
210 263
325 411
139 336
80 205
226 336
88 173
173 379
23 173
125 317
167 217
167 281
167 384
385 398
322 370
198 316
43 198
95 199
199 372
199 386
30 199
221 313
313 329
167 260
265 313
308 426
42 279
244 255
21 81
31 212
31 439
27 173
282 332
175 332
104 385
104 291
104 431
254 318
254 412
22 331
262 291
371 382
382 437
43 382
308 374
98 382
348 371
300 348
348 353
348 438
113 350
350 372
350 357
259 350
214 242
214 312
181 255
52 353
52 235
52 276
33 111
47 55
46 330
33 138
33 140
46 309
47 402
47 366
47 403
17 46
46 399
226 325
127 388
182 313
75 335
75 447
125 192
124 307
38 124
18 48
48 340
48 278
147 202
146 147
45 240
45 116
83 306
83 404
53 83
83 236
37 152
152 385
152 156
56 411
247 429
247 375
172 355
172 390
50 428
50 397
50 421
312 430
430 444
68 427
147 244
93 247
201 341
135 193
193 380
193 245
285 416
98 285
162 352
162 340
105 186
186 327
186 233
12 334
12 266
67 177
90 191
103 293
40 284
77 136
59 67
69 90
40 337
40 137
0 79
67 354
77 148
84 448
84 215
339 425
103 383
61 339
0 298
90 314
103 299
339 407
7 290
77 207
36 102
36 218
85 183
85 418
36 58
83 331
106 444
106 118
84 93
26 94
26 362
68 376
97 280
97 367
0 181
159 292
134 159
166 323
1 76
211 400
14 416
9 25
414 424
150 209
243 434
209 264
157 414
14 149
323 343
76 405
144 277
414 446
209 240
319 323
25 271
44 275
164 211
25 394
275 358
10 243
4 243
272 273
272 409
102 272
249 286
286 442
286 289
19 276
19 227
163 287
163 433
206 260
57 201
76 176
216 322
275 346
211 315
144 283
132 239
3 262
7 90
56 323
3 339
67 206
159 216
239 243
