46.240896
1
123
6
181979
48 167
0 40
181 223
219 232
104 159
60 376
303 344
286 331
21 400
36 247
63 439
49 194
79 255
263 329
117 339
36 356
38 356
83 356
53 149
213 425
91 149
181 368
22 379
59 149
139 379
121 368
129 425
156 379
259 425
331 368
136 398
142 360
17 398
5 360
263 360
243 323
102 323
159 418
53 418
28 418
363 436
339 436
409 436
89 163
285 332
257 322
240 384
317 449
151 287
357 430
362 440
262 380
114 293
274 293
167 212
161 212
104 212
344 432
174 432
385 432
135 307
85 307
19 350
12 350
304 397
108 397
93 397
4 66
23 66
80 118
125 289
15 143
268 289
122 269
177 404
238 443
202 416
71 143
378 423
6 143
249 269
96 404
120 443
335 377
50 377
415 423
408 416
254 377
21 118
9 423
116 404
33 269
141 289
16 443
114 422
215 356
108 354
189 354
35 354
128 281
49 333
48 375
226 375
3 99
40 99
296 355
203 355
266 327
14 327
63 153
70 216
17 347
44 216
73 77
129 227
65 149
169 368
195 425
203 370
166 186
11 186
223 342
258 342
210 373
219 373
176 196
51 196
113 154
113 310
113 343
113 192
148 398
310 323
58 207
85 207
60 389
0 389
111 149
69 150
157 345
157 260
157 399
163 206
46 86
46 168
46 329
163 287
69 390
69 148
69 215
61 165
47 138
14 29
292 293
309 374
42 271
70 160
110 132
144 246
211 237
62 273
34 103
326 353
139 284
224 279
208 374
193 246
119 184
162 184
98 101
137 294
180 267
130 271
197 273
205 267
41 294
152 353
30 87
232 245
8 13
73 214
307 361
307 407
25 54
191 362
115 402
115 230
25 68
115 194
25 351
191 222
191 445
178 221
171 229
55 155
56 190
134 145
79 124
127 386
95 112
66 292
118 239
354 388
11 26
281 316
281 357
333 424
67 333
99 427
355 376
327 439
111 397
153 372
153 384
77 421
216 440
216 253
77 300
32 75
32 299
75 393
244 370
186 278
100 164
198 364
100 317
198 290
100 105
196 257
373 426
78 217
360 365
7 57
43 431
31 411
64 410
72 315
172 383
200 369
64 220
64 412
200 291
172 346
172 173
43 107
43 311
76 94
7 275
31 82
76 133
76 106
256 381
200 277
81 90
81 158
256 280
31 37
72 187
7 334
81 236
72 349
207 382
389 435
24 356
111 270
163 332
46 429
157 367
302 312
138 262
138 400
165 185
101 255
284 430
101 276
87 396
237 247
87 169
132 286
279 395
267 306
374 417
246 324
237 314
103 140
132 303
160 322
284 321
184 231
273 318
271 320
294 413
353 444
365 432
245 328
245 297
214 419
214 305
13 195
13 434
115 436
25 332
398 422
25 437
191 406
350 429
368 393
397 448
112 248
20 272
145 366
124 288
1 392
229 420
190 441
27 117
45 301
45 325
145 414
27 240
27 380
221 313
221 391
97 449
20 147
20 244
201 298
97 233
97 348
112 261
201 405
124 359
386 401
386 433
18 123
18 151
155 179
190 242
18 52
155 358
1 371
229 442
66 448
143 365
416 437
46 422
32 113
111 138
78 175
319 338
39 65
26 67
352 365
183 293
157 347
227 332
302 393
126 302
69 319
84 337
198 406
163 387
78 92
338 446
307 347
234 323
111 438
199 302
256 283
109 113
341 379
341 425
336 338
365 389
84 289
319 377
216 422
78 131
228 338
165 217
100 330
84 333
302 428
146 241
227 264
199 269
24 175
153 250
212 282
338 403
78 218
241 308
74 350
198 227
188 252
170 323
72 330
1 265
45 312
264 308
270 295
88 225
225 256
2 115
191 204
165 330
295 373
207 225
172 319
375 394
204 443
2 423
228 404
209 264
77 394
10 354
43 199
182 281
146 246
146 279
340 347
235 379
201 250
112 393
84 124
146 190
251 342
64 428
199 271
7 336
200 228
2 31
76 251
81 447
188 332
109 184
209 353
267 282
235 265
74 221
103 341
182 374
204 273
251 294
340 447
10 155
145 447
182 386
10 229
