6.952381
1
30
14097
141723
11 134
29 36
27 56
11 115
23 130
31 117
4 96
113 146
23 106
51 109
71 109
105 130
21 103
102 108
120 130
139 149
28 87
3 65
56 87
86 130
121 156
47 73
66 73
1 117
103 138
68 142
122 137
94 158
61 85
104 158
73 109
34 115
12 149
96 158
2 61
85 110
146 149
67 149
76 158
78 120
13 14
35 79
80 109
29 65
97 103
5 103
65 112
5 86
59 83
104 115
19 61
12 28
72 87
87 147
13 159
79 158
58 153
80 159
74 159
54 159
47 102
58 115
91 102
102 125
108 158
16 106
17 61
20 115
17 102
20 87
20 106
70 105
0 49
0 20
54 131
126 143
143 156
148 153
62 148
134 143
44 106
117 131
58 141
111 141
49 92
39 70
9 43
43 78
157 159
60 93
93 130
124 138
53 123
123 127
4 123
38 124
10 26
10 129
98 140
98 130
98 129
68 98
41 113
41 46
8 152
8 32
8 24
8 26
8 114
73 135
15 25
25 110
99 159
27 69
69 128
101 154
65 154
8 144
6 140
44 154
81 83
77 81
50 81
7 14
7 122
89 117
18 32
18 155
42 145
33 73
22 33
42 87
33 57
42 136
33 48
90 107
90 119
35 90
84 101
84 100
37 151
37 88
37 116
37 144
81 89
64 142
52 64
64 133
30 45
45 73
45 150
63 132
63 66
55 118
55 59
55 75
40 95
40 82
38 40
