29.644048
1
109
20
47781
60 432
171 264
6 398
39 264
206 398
316 398
88 264
121 300
159 445
364 445
257 381
107 374
326 327
205 401
198 432
271 327
355 432
4 327
75 430
284 430
220 404
310 393
293 385
214 385
45 393
134 305
14 381
231 381
82 101
162 358
48 430
91 169
111 169
26 169
351 443
157 404
3 404
19 305
182 305
333 379
124 184
167 184
0 7
69 439
366 368
281 396
164 309
157 239
55 427
1 26
172 256
256 413
29 256
81 153
164 372
112 372
197 438
131 438
234 438
114 313
5 431
398 437
121 306
52 306
306 351
256 258
37 168
118 168
168 380
159 268
268 412
108 268
9 126
12 346
358 365
350 365
407 409
65 193
107 193
59 218
218 420
206 218
106 218
218 323
31 419
308 402
283 419
195 308
167 308
289 293
261 289
160 289
127 330
301 330
24 89
36 89
89 128
89 396
252 297
68 297
280 297
103 297
353 361
250 361
219 361
361 392
96 216
216 401
54 216
265 274
75 265
39 329
385 425
215 425
332 425
208 247
129 247
207 247
256 297
95 146
16 282
282 367
249 282
2 148
148 184
140 148
371 374
255 371
84 371
32 407
32 291
32 242
214 341
341 384
9 341
44 354
354 390
150 354
101 175
175 359
110 175
86 183
155 183
183 325
0 345
37 345
117 345
345 363
95 222
335 395
105 395
56 180
180 269
180 357
98 156
156 274
65 156
147 156
45 109
109 228
20 344
149 344
232 244
205 244
244 273
23 106
18 23
2 53
69 448
389 448
76 448
13 416
416 423
40 416
218 365
253 339
97 253
62 253
50 122
83 135
135 368
135 441
122 311
122 238
139 174
139 295
10 366
10 61
10 428
135 348
115 144
7 217
6 217
204 294
12 204
245 299
172 391
279 294
160 279
136 375
194 375
375 413
30 264
256 266
32 258
71 319
55 71
59 80
1 38
38 288
212 418
51 367
286 431
161 424
36 161
114 196
196 379
196 235
151 309
151 352
151 362
47 163
47 318
47 99
47 150
92 319
212 256
329 419
144 438
66 421
178 305
11 86
192 248
248 327
71 153
57 346
32 298
94 446
94 173
94 118
94 360
225 421
225 353
225 364
179 444
61 179
89 247
151 153
241 372
56 370
115 370
370 440
370 415
302 328
302 404
72 73
42 72
72 229
104 170
88 170
170 324
170 418
23 409
180 298
102 386
58 209
209 227
158 209
20 102
102 137
230 441
230 400
145 312
103 145
34 296
296 320
290 296
113 381
262 357
262 275
192 262
41 280
41 432
347 430
347 403
260 333
97 260
233 260
260 307
141 300
141 299
141 287
74 189
74 149
74 336
13 74
70 130
70 186
169 203
226 429
226 433
203 229
70 182
226 436
70 439
126 373
142 254
22 445
90 340
17 199
314 317
46 239
46 259
17 237
93 190
190 201
142 281
314 406
90 224
142 382
190 270
46 162
22 187
22 394
168 241
143 361
240 442
66 437
193 373
126 161
53 247
30 289
133 425
285 331
285 376
285 410
240 341
313 342
178 268
67 297
277 427
210 277
245 297
25 180
10 282
85 330
119 146
133 408
79 109
267 282
191 408
53 213
222 343
156 377
79 416
85 329
78 282
63 257
63 322
38 265
139 286
251 330
119 399
132 403
132 177
152 246
138 321
125 310
125 422
82 200
349 435
338 393
338 369
15 356
5 132
387 449
292 435
100 387
200 350
124 125
435 447
246 328
223 337
27 43
49 321
414 434
43 242
28 338
68 223
120 263
321 417
356 411
165 387
200 322
43 378
246 383
139 395
176 188
188 272
33 81
33 123
244 343
57 154
64 448
222 267
67 236
35 395
87 371
77 442
342 409
78 315
213 397
211 282
373 399
116 391
303 315
77 405
8 426
278 308
51 183
21 405
122 253
119 221
92 354
122 185
143 243
8 185
181 236
414 438
25 334
116 304
154 388
211 276
120 431
166 193
209 266
133 226
146 356
38 296
144 190
314 388
17 245
202 345
144 435
80 387
90 145
188 278
166 285
202 321
