37.112632
1
87
6
353905
38 107
78 79
66 105
98 148
70 275
201 223
131 156
142 259
71 236
115 236
91 259
103 236
123 236
214 259
76 88
44 101
37 65
117 205
79 274
30 274
38 274
4 291
25 291
9 246
244 281
60 293
200 281
61 251
265 272
8 248
28 262
13 262
87 189
19 262
72 246
51 251
96 293
7 281
49 246
118 248
194 261
135 272
40 271
148 248
94 293
221 261
122 261
212 272
203 271
153 189
188 271
124 251
23 189
136 277
73 277
17 277
5 154
5 39
5 37
76 299
98 111
56 111
225 259
11 150
12 161
110 161
92 121
84 276
71 121
158 177
164 177
164 208
27 109
105 109
176 256
223 256
36 217
78 149
74 149
66 217
134 141
48 141
31 50
33 50
47 180
47 130
47 298
20 45
20 120
101 184
20 202
101 288
42 69
156 182
86 172
59 186
41 182
68 218
157 168
43 58
152 181
62 218
139 186
145 181
26 162
107 168
53 162
206 254
46 58
185 254
95 174
35 183
35 226
95 257
35 268
95 144
95 99
196 229
24 173
14 22
70 106
81 128
2 85
1 64
29 93
97 108
21 77
63 147
163 210
10 16
6 127
55 129
3 112
229 291
5 151
175 199
15 199
5 240
5 119
54 65
89 267
54 167
89 280
54 263
179 234
179 204
52 131
52 292
52 252
150 258
161 294
174 276
276 282
121 178
227 284
177 227
125 137
34 75
34 169
34 264
125 195
125 228
116 208
109 255
256 275
149 286
217 238
141 201
47 88
50 117
69 243
69 225
218 220
168 191
186 290
182 213
162 279
181 287
172 285
58 283
254 266
101 196
151 231
231 278
35 235
236 295
173 205
173 273
106 250
106 116
210 222
77 239
210 245
64 132
112 155
64 146
166 232
22 216
16 67
16 269
22 209
93 138
147 190
77 104
129 198
112 171
127 197
85 233
85 241
127 237
129 143
108 193
108 165
128 170
93 289
166 187
147 270
128 247
101 277
32 259
196 281
231 291
111 119
151 211
88 150
5 80
179 240
89 235
161 260
150 260
47 284
113 151
196 253
211 246
18 88
88 182
57 95
114 189
261 297
20 224
140 161
0 151
168 231
58 231
181 196
166 278
177 211
20 215
35 230
125 140
296 297
34 82
217 242
32 276
32 253
219 274
102 140
57 89
192 242
192 295
179 249
207 248
224 272
83 251
219 271
159 262
0 293
18 296
83 277
140 186
218 242
159 299
82 90
57 192
93 242
77 82
147 296
64 295
82 106
52 224
16 211
127 295
50 249
114 254
100 249
149 160
90 114
112 114
22 297
32 128
133 192
113 126
199 297
83 172
0 162
80 129
207 210
108 159
85 219
