1.161961
3
22
720041
721374
23 108
92 95
109 113
90 119
18 58
59 98
46 108
42 95
79 113
46 112
38 41
55 113
6 118
58 118
39 108
16 86
37 115
6 15
26 106
43 118
21 41
45 112
21 60
72 119
25 108
94 117
51 106
51 65
94 115
91 106
52 106
51 63
27 98
18 27
24 106
16 24
51 96
41 96
87 112
59 82
65 87
41 97
52 82
44 82
82 117
69 86
7 51
8 19
4 47
5 106
24 83
97 107
10 28
0 64
64 115
11 84
11 107
11 53
5 10
19 107
116 118
0 14
12 15
2 33
33 106
22 93
28 70
22 116
84 105
60 110
3 51
103 105
11 77
30 77
11 29
81 106
78 95
78 119
57 111
20 27
24 78
1 112
36 113
13 53
22 36
13 47
9 65
24 40
22 73
66 86
1 80
75 78
20 111
51 102
62 106
8 74
35 119
58 104
54 115
39 100
63 68
22 89
76 82
11 17
48 103
50 93
14 67
29 34
85 111
51 101
24 32
11 61
80 99
111 114
9 56
9 31
40 49
73 88
66 71
