1.771292
20
28
1
120827
84 146
80 93
77 87
74 89
74 114
74 79
88 101
40 49
37 82
36 40
142 149
119 142
150 155
113 123
60 155
6 155
40 154
97 125
82 134
16 101
57 142
63 155
82 90
8 101
13 155
86 145
1 91
10 30
86 137
8 147
2 19
30 137
30 88
3 55
2 16
22 118
69 131
1 32
1 14
136 152
140 144
135 159
78 85
80 100
85 109
6 48
25 152
5 119
5 78
3 140
4 73
17 140
126 135
70 71
70 84
46 100
52 132
53 145
67 156
122 157
97 135
103 111
61 129
32 66
61 106
61 72
61 62
115 157
59 157
64 73
12 45
10 143
11 34
129 133
27 146
72 128
34 120
14 26
69 99
68 94
63 104
27 36
19 83
23 43
23 117
94 127
76 151
81 94
54 123
54 60
76 87
46 95
93 128
104 115
45 141
114 133
121 124
11 148
42 153
124 153
41 112
41 99
74 82
44 77
77 125
77 101
44 155
101 142
35 77
55 77
24 74
1 74
1 44
44 131
40 55
130 131
25 107
89 105
21 127
4 7
102 159
86 118
22 56
92 126
28 68
20 62
111 125
101 132
24 33
35 73
30 67
74 120
77 138
42 82
96 155
18 113
9 142
75 157
110 118
23 24
29 118
45 130
33 108
96 152
77 98
40 158
0 44
38 113
28 113
47 118
24 139
116 118
51 131
30 58
24 39
15 152
50 53
65 100
31 111
