17.364286
1
59
4860
90326
34 121
38 204
92 246
80 121
122 157
34 52
41 187
128 220
181 243
36 167
140 224
198 247
21 98
139 163
63 165
27 33
18 209
220 244
98 154
35 151
77 92
132 152
41 152
83 152
100 167
28 187
124 209
110 120
65 222
176 249
0 229
155 240
55 128
99 103
2 33
70 92
136 151
91 209
3 229
122 229
226 231
158 186
71 243
136 140
17 134
17 187
109 231
23 33
84 226
118 121
56 212
60 217
12 249
95 220
105 231
21 103
20 247
53 140
15 167
63 249
236 246
118 162
112 147
103 230
20 229
84 247
104 204
120 204
88 217
138 212
87 187
87 209
134 193
90 152
90 103
130 164
6 130
110 130
27 81
1 184
153 184
61 229
18 126
51 126
11 61
115 137
98 161
68 161
37 55
37 197
37 79
37 100
75 102
102 151
66 199
199 222
193 202
37 195
143 145
142 152
69 142
125 142
117 142
172 224
142 143
116 184
72 147
72 139
32 72
144 217
94 144
67 144
52 144
144 163
167 225
225 232
177 225
172 184
169 236
169 240
44 169
220 228
107 130
75 188
37 142
78 131
116 145
107 195
92 149
121 149
78 170
151 170
170 180
67 170
119 239
239 245
157 239
238 239
78 239
201 239
81 191
174 221
65 221
221 237
196 238
210 234
115 210
210 232
156 175
165 175
162 175
29 175
131 160
82 85
78 85
85 178
22 171
22 204
137 191
54 57
36 57
57 71
57 123
81 221
148 223
148 162
148 194
56 148
47 100
47 166
48 100
48 206
13 48
48 111
97 217
135 240
86 218
86 166
58 196
207 217
10 35
10 211
25 152
25 235
31 185
4 31
31 235
33 192
113 213
113 150
113 177
8 203
73 189
8 101
73 96
73 241
9 179
9 181
66 106
106 200
106 158
26 112
74 129
219 248
7 233
5 219
62 219
26 50
129 190
7 119
64 129
127 201
127 182
168 205
19 141
30 114
16 173
46 171
45 186
24 183
173 216
30 165
46 93
19 43
46 159
173 214
39 108
205 242
14 19
40 133
39 227
42 231
45 49
40 76
24 146
45 208
205 215
40 155
30 59
24 138
39 199
8 188
89 144
73 207
129 192
8 219
89 205
19 42
42 173
