23.112069
1
56
4
541096
17 78
8 187
24 141
100 131
96 197
155 166
2 117
99 127
3 127
53 194
26 194
56 194
17 35
33 88
19 108
49 92
61 71
127 196
164 199
164 165
57 164
164 169
27 152
100 152
16 152
84 198
14 106
54 95
8 198
64 95
80 106
156 198
32 95
68 193
116 193
2 132
48 132
51 132
35 154
35 105
142 159
43 160
37 159
38 83
18 160
21 133
98 195
73 195
136 162
69 107
75 140
65 160
163 195
67 83
91 159
110 140
122 140
114 133
7 133
78 104
108 135
108 139
108 155
71 123
88 192
88 161
92 183
71 146
71 102
92 115
85 101
20 186
20 174
20 36
45 57
34 131
4 151
34 62
45 70
4 28
45 173
4 10
34 93
106 145
139 193
60 63
120 143
22 87
149 150
82 87
129 150
66 86
5 143
41 86
40 96
146 162
83 166
104 168
104 181
40 130
23 119
101 188
23 109
101 157
23 187
13 44
13 42
31 148
79 141
31 182
59 118
59 180
172 190
95 176
0 147
11 39
11 177
81 191
0 6
15 47
94 179
11 111
25 138
25 125
25 89
81 97
15 144
0 124
94 153
81 113
12 30
12 55
12 74
15 134
94 112
143 184
150 170
86 167
87 90
65 121
162 178
59 190
13 63
31 176
117 172
4 127
45 127
117 152
95 117
34 164
60 172
60 198
127 185
88 92
20 35
46 60
11 117
9 60
29 178
103 164
1 194
35 126
108 175
77 92
128 198
185 193
88 158
4 77
34 79
45 52
52 106
71 72
72 172
50 152
185 195
137 185
132 189
104 128
79 133
52 160
159 175
140 171
121 194
60 76
40 126
101 189
0 128
77 81
94 189
1 12
103 107
1 87
15 171
25 50
86 171
150 158
143 158
58 126
58 171
