15.878022
1
48
14
471656
89 105
42 105
31 125
84 106
65 106
55 106
20 106
53 106
84 146
135 146
114 146
138 195
31 195
164 195
11 191
157 191
26 191
88 139
13 139
39 139
109 186
29 119
64 119
104 186
8 119
57 186
12 185
176 185
123 185
1 187
90 187
95 150
147 150
97 150
2 112
35 112
125 130
71 130
44 118
61 118
9 173
70 93
57 75
20 37
102 105
9 52
17 67
12 32
43 45
11 161
55 69
26 87
96 105
61 198
54 155
81 155
34 186
132 134
25 194
106 124
25 58
48 58
48 126
106 162
3 14
28 30
74 195
27 151
160 179
166 179
76 151
102 185
146 196
0 4
21 22
36 51
72 150
32 112
103 191
102 118
50 93
72 75
34 148
32 37
102 163
18 62
113 139
129 142
128 150
59 118
119 137
50 63
93 168
74 112
185 190
187 190
67 87
93 128
103 187
102 155
18 155
106 174
130 184
112 175
18 168
77 163
45 69
86 142
34 86
58 140
118 188
172 173
93 94
173 192
72 107
60 140
99 124
16 50
33 62
15 37
127 150
144 173
72 177
52 79
18 98
18 126
52 116
52 167
34 40
62 172
10 52
56 173
133 148
24 130
63 82
63 181
19 118
73 124
34 46
15 134
134 156
134 152
6 33
58 171
120 149
73 136
6 143
6 47
73 131
73 115
183 190
108 133
137 161
4 124
5 136
14 16
66 121
66 178
40 92
40 41
66 141
40 85
75 91
145 194
155 199
14 83
30 100
30 60
34 117
151 170
179 197
145 153
122 154
101 120
101 165
49 162
10 179
46 149
46 78
49 180
4 193
22 80
7 183
51 189
49 111
7 110
22 38
4 68
51 182
7 23
108 113
5 122
66 137
19 151
51 127
124 159
22 24
136 158
158 169
