30.164066
1
71
6
425142
46 51
91 199
45 141
35 152
104 210
117 122
1 196
63 74
144 157
12 24
47 84
160 188
147 188
125 188
122 221
85 221
73 221
212 245
96 200
90 158
87 206
141 203
146 201
46 190
43 206
172 176
155 206
156 238
37 242
180 201
21 203
116 230
9 190
67 242
106 203
226 241
227 242
70 241
4 176
2 190
194 230
107 238
161 230
48 201
33 241
69 176
102 238
14 170
160 170
52 170
39 143
115 143
93 186
68 186
65 166
76 233
1 101
183 233
49 101
35 80
98 166
54 80
60 95
19 95
31 127
104 127
23 205
105 205
40 53
24 131
40 240
40 148
84 151
74 208
74 110
24 162
157 159
84 237
157 196
91 193
18 132
26 192
75 77
59 137
3 224
149 224
150 219
81 128
119 128
30 198
20 192
32 77
92 132
187 219
57 193
34 99
167 168
167 222
10 27
25 72
51 111
94 133
97 154
88 121
83 245
83 169
83 209
170 175
233 248
166 181
80 142
101 200
42 79
15 86
7 164
42 45
15 66
42 165
7 182
127 202
56 195
56 171
56 126
29 153
6 189
28 177
29 118
6 173
6 16
28 96
130 134
50 82
50 113
50 179
130 140
130 135
28 244
24 157
205 210
11 74
84 123
128 136
198 223
137 217
132 185
77 163
193 247
192 197
219 246
224 231
168 225
99 212
168 213
99 158
44 235
27 138
27 61
8 249
154 236
121 215
154 174
111 145
8 103
8 90
111 117
62 139
44 199
72 109
62 220
62 152
133 232
133 234
44 239
72 207
83 229
124 211
124 176
36 80
83 89
24 243
84 114
221 243
6 36
101 218
15 218
7 211
95 123
11 50
11 56
28 124
42 89
29 71
114 143
203 204
36 228
124 184
74 191
166 233
112 157
40 216
36 72
124 219
11 228
40 178
188 222
112 188
13 89
55 201
41 127
11 121
121 229
0 238
22 230
17 242
64 190
22 241
108 206
89 192
5 71
114 184
170 216
41 58
130 204
41 224
114 137
41 128
120 186
78 243
111 186
38 214
166 191
55 80
58 204
17 233
17 101
7 129
0 15
154 243
198 204
38 184
108 214
29 108
112 193
0 132
64 77
13 100
22 99
129 133
27 216
