15.533333
1
37
2
202556
63 126
39 111
57 118
105 118
45 69
136 139
81 110
14 97
7 95
57 95
6 95
38 95
27 120
26 107
36 120
9 107
20 120
15 107
78 104
104 110
68 72
23 72
72 82
10 104
0 77
0 61
0 80
0 102
47 99
46 114
47 96
32 121
46 53
46 92
47 121
39 132
38 90
74 90
101 117
105 117
112 117
49 90
17 132
69 132
70 86
42 86
79 94
48 127
109 127
81 127
18 86
64 94
98 108
60 115
41 108
125 139
125 128
35 51
19 51
124 125
108 138
51 58
115 136
67 130
85 129
85 135
59 87
62 93
62 71
66 111
87 137
67 83
44 84
21 85
22 33
22 45
63 66
34 103
62 97
66 106
8 67
13 54
13 31
22 122
28 34
87 113
3 13
34 119
43 44
44 88
55 102
55 126
2 89
2 65
2 56
1 4
1 134
1 24
12 29
12 100
12 131
55 123
16 20
16 74
50 100
50 59
14 120
14 72
5 120
46 107
47 104
32 72
14 73
14 66
2 14
76 95
91 107
5 13
5 34
32 94
32 133
40 46
47 116
1 32
30 117
11 132
90 91
52 86
30 75
40 108
40 125
52 133
25 30
51 75
75 87
67 116
11 44
85 116
37 73
