6.921429
1
32
34610
143311
110 153
85 144
46 124
34 158
80 97
4 78
73 159
35 92
53 80
53 56
109 136
45 65
48 89
11 80
90 124
52 111
56 65
42 124
62 82
32 55
83 159
88 89
47 127
113 157
29 111
124 153
141 152
23 55
10 108
24 111
67 136
132 157
30 34
47 82
88 124
117 136
82 147
128 159
22 66
48 87
75 103
51 128
30 89
26 65
140 157
55 107
7 55
7 133
5 133
36 38
14 38
38 85
104 121
139 151
121 150
43 121
49 151
90 149
133 149
94 108
94 156
43 129
129 157
76 129
142 159
12 133
12 62
121 148
37 142
37 148
111 119
16 83
66 155
119 121
54 120
55 120
80 120
111 120
110 114
114 139
10 116
21 24
1 89
98 134
134 141
8 152
8 76
33 108
41 122
65 130
33 82
49 122
143 147
15 96
36 96
92 96
60 156
4 60
58 60
119 145
9 108
3 9
115 132
96 116
50 126
6 50
50 61
50 59
50 99
38 44
50 145
44 155
61 81
81 103
28 138
28 40
22 28
20 159
20 131
63 107
0 27
0 133
0 146
63 135
63 71
17 72
17 87
17 154
57 136
38 57
19 126
19 106
93 101
101 105
77 84
68 77
77 158
18 86
18 92
101 148
70 127
70 123
70 125
79 112
39 95
39 75
3 79
64 102
64 131
2 118
74 78
25 31
31 91
31 51
74 100
13 69
118 137
13 104
118 149
