21.004323
1
51
1
576740
114 174
71 116
10 157
119 157
1 9
9 157
106 157
1 122
92 93
14 89
3 101
52 101
99 101
4 130
44 175
62 70
13 84
4 106
7 110
44 139
4 123
7 100
13 170
17 22
17 56
4 107
62 178
13 80
62 66
17 132
17 160
7 47
7 125
81 118
44 125
83 172
85 148
143 177
141 176
6 103
8 24
134 152
12 63
11 19
90 128
79 136
92 108
117 167
96 108
97 172
16 136
2 60
20 31
73 140
14 148
42 86
41 105
28 39
37 57
36 113
77 138
76 105
43 172
32 176
68 152
64 91
33 38
59 176
58 94
35 82
45 102
46 82
48 152
49 82
50 115
55 63
119 140
30 167
25 38
111 167
29 136
0 103
21 113
31 158
57 173
22 63
23 34
23 95
24 164
24 40
23 151
31 87
53 109
128 159
128 149
102 155
115 166
115 142
113 135
105 171
103 112
19 69
39 131
39 71
38 74
53 75
60 153
60 114
57 150
19 129
138 174
15 18
91 162
15 146
15 65
102 121
88 104
94 144
88 116
88 137
91 154
140 168
94 118
108 122
86 147
6 156
34 51
26 54
26 98
72 168
72 147
1 81
157 163
44 169
7 81
13 62
13 81
145 169
1 126
1 179
27 169
44 177
5 89
145 152
89 113
89 136
89 167
23 81
93 105
39 93
145 176
5 163
63 145
17 127
101 126
161 169
128 163
4 133
15 67
78 124
91 126
78 115
78 103
82 133
38 67
86 120
31 67
67 124
19 78
53 120
24 27
57 126
60 161
102 127
120 124
120 172
101 165
61 169
26 177
