-0.570158
12
18
9230
749629
35 89
61 89
5 83
75 89
46 71
62 92
25 92
35 64
17 27
14 27
68 83
22 92
61 80
8 33
69 84
5 56
79 97
24 83
22 47
47 87
11 89
55 73
70 71
68 87
22 65
2 92
20 47
16 68
64 73
43 87
33 50
58 87
15 22
42 71
51 87
6 84
31 87
18 22
68 93
12 16
27 45
58 80
8 44
27 70
19 22
8 53
38 45
44 68
42 64
11 69
50 96
51 88
4 40
18 81
81 97
38 39
19 28
88 94
9 51
1 76
63 76
15 82
26 82
0 93
29 84
4 94
20 90
10 31
7 28
0 54
49 65
3 65
24 57
30 97
40 76
17 98
67 71
21 47
23 47
27 59
68 77
22 66
43 74
9 86
95 97
78 97
57 91
10 85
41 90
2 37
8 34
8 32
7 72
3 60
3 52
3 13
30 48
30 36
76 99
