21.410627
1
61
5
376708
61 127
0 12
26 238
130 158
14 226
7 52
87 229
47 229
30 229
191 229
80 229
91 223
132 175
142 171
168 200
115 144
5 144
55 206
125 206
177 206
183 184
130 184
21 157
112 129
65 157
71 129
37 196
67 161
7 161
127 196
47 196
31 159
61 161
177 220
24 110
8 97
63 97
2 110
124 174
57 81
48 81
49 58
134 201
20 201
11 64
26 64
118 195
87 126
56 234
133 195
103 234
54 126
230 234
144 210
164 206
71 94
28 141
69 154
68 154
202 214
17 214
145 235
129 208
157 246
176 222
84 99
4 13
14 165
10 13
66 227
0 82
35 38
100 111
76 227
12 107
32 59
119 159
159 217
80 228
110 248
170 174
174 218
97 150
79 198
93 216
36 92
44 50
81 238
69 180
58 239
58 140
64 226
64 170
144 219
78 212
78 102
94 114
141 149
141 186
94 95
23 60
78 146
220 229
154 176
126 245
10 75
129 249
227 243
120 142
120 237
13 244
165 194
107 132
107 121
111 172
38 152
165 211
59 242
196 236
159 178
110 178
174 187
97 153
74 156
27 200
50 62
3 53
70 79
216 241
216 221
185 204
51 171
3 202
16 52
122 131
122 223
122 247
92 148
51 168
74 135
70 83
73 215
51 175
113 197
3 164
50 98
15 233
113 169
92 123
15 43
73 88
70 104
27 91
81 85
108 139
60 108
108 117
18 225
34 182
90 179
90 119
90 145
34 109
29 192
39 213
39 240
128 166
1 189
128 160
39 147
18 155
18 22
1 42
29 46
128 137
77 181
77 205
77 89
1 86
29 158
201 249
78 163
94 224
96 138
144 222
180 245
99 163
99 224
38 219
82 188
82 85
74 187
185 193
73 153
27 138
113 116
16 231
162 206
34 236
110 220
96 184
214 232
141 157
23 222
105 220
220 234
96 198
143 201
58 167
105 136
19 188
75 116
157 162
94 190
78 136
162 198
6 198
59 214
141 199
151 198
9 207
58 151
18 214
9 190
111 222
40 129
41 161
72 196
33 143
144 173
1 235
45 174
13 207
40 97
41 195
25 193
25 231
23 203
50 167
96 128
39 167
77 96
154 209
45 227
15 209
203 216
72 92
101 232
106 228
