6.204199
1
23
419602
1123812
5 36
33 96
78 99
85 99
0 65
10 68
11 68
8 96
51 63
24 99
21 81
67 90
26 68
12 56
7 56
9 81
48 63
29 68
55 77
43 65
15 84
40 98
94 96
17 56
32 91
22 36
80 84
49 69
28 87
75 91
55 90
20 91
79 87
66 84
11 44
69 90
30 99
3 30
27 73
49 73
1 34
25 26
25 77
30 35
60 81
51 76
30 76
47 87
56 92
92 96
47 73
39 98
2 87
2 81
2 84
65 97
68 97
73 92
50 77
25 39
13 37
6 36
6 98
59 77
13 60
42 50
4 91
74 92
88 99
88 90
58 63
58 91
34 59
18 38
18 74
16 38
31 41
46 89
35 54
14 16
16 41
4 89
3 19
65 70
44 45
22 61
95 98
86 98
32 72
33 71
63 83
30 64
25 62
25 53
14 23
14 82
54 57
89 93
41 52
