22.568741
1
66
5
369683
65 75
33 111
36 191
17 212
43 156
170 204
125 131
186 217
171 222
66 160
151 160
30 160
76 82
36 124
35 124
24 247
236 247
195 247
35 247
139 246
61 246
99 150
32 150
93 126
10 126
17 235
207 235
55 215
95 215
65 215
157 162
68 105
13 105
128 163
102 163
37 110
0 163
142 244
233 244
104 244
43 148
21 174
153 240
145 214
28 227
141 240
209 227
7 174
155 214
121 249
47 249
53 211
69 240
84 214
169 211
152 227
185 249
50 174
160 187
82 230
46 124
124 133
81 176
75 86
76 176
18 86
218 246
92 113
25 113
41 154
126 226
54 63
126 200
187 216
1 2
7 114
235 239
22 159
14 59
64 197
10 16
96 190
120 190
33 62
189 225
40 89
116 134
12 225
173 199
23 122
51 166
48 59
31 106
9 199
162 229
105 242
162 196
110 206
148 218
148 161
44 70
44 91
44 205
82 112
82 194
82 184
216 232
176 212
86 210
104 107
150 178
150 168
150 248
2 171
2 108
39 57
199 201
122 137
63 73
16 119
134 156
134 170
159 186
89 97
59 202
197 213
106 144
190 193
225 237
159 234
166 198
73 181
73 238
16 245
74 89
122 204
129 217
129 192
83 147
6 94
6 39
123 172
123 135
4 8
4 29
5 42
19 138
79 85
79 136
83 146
5 131
5 111
129 191
78 182
110 118
164 184
82 216
54 124
3 115
56 143
3 15
56 125
56 208
26 46
26 71
20 127
103 132
20 222
11 109
11 90
103 117
3 221
20 87
148 168
44 179
94 98
235 247
101 248
38 82
124 203
72 74
62 183
113 224
154 219
105 216
105 126
126 220
149 246
62 158
54 231
6 178
83 194
19 182
19 243
98 232
216 241
78 167
103 179
26 118
11 228
130 150
77 220
149 163
27 235
54 165
175 247
188 211
58 228
107 112
167 223
180 183
60 244
77 223
54 88
52 224
57 162
110 114
67 165
27 86
78 106
62 78
164 197
100 215
34 167
49 163
177 214
114 188
34 249
140 188
149 190
67 199
34 44
123 188
60 113
100 240
80 227
45 158
45 219
3 67
176 177
20 130
58 167
72 220
57 79
49 225
4 175
59 88
80 140
100 166
