12.735230
1
40
1
726906
106 108
97 115
57 131
19 65
18 113
117 159
42 102
2 145
22 34
34 103
34 79
34 107
56 67
6 67
21 47
31 60
108 136
71 122
81 114
82 141
58 122
127 140
55 140
11 41
117 123
31 122
30 141
5 140
27 122
134 149
40 50
42 60
48 149
54 102
41 131
60 77
41 43
50 75
69 137
69 120
69 92
60 90
67 93
25 52
54 78
136 158
52 141
141 146
67 143
116 136
123 156
35 153
54 91
0 144
123 155
50 129
35 155
25 132
25 144
89 139
51 148
26 157
85 148
18 46
115 148
19 83
29 44
28 110
15 95
135 139
105 157
22 157
1 83
2 128
3 94
10 70
36 95
74 124
32 104
57 128
84 110
53 124
106 121
76 88
33 72
8 88
63 121
61 94
81 104
24 147
20 88
77 139
24 37
16 118
93 95
110 150
70 142
44 45
72 98
128 151
94 133
16 126
9 119
121 130
9 97
124 152
16 65
4 68
99 116
38 138
38 111
83 100
104 159
72 113
4 96
4 129
38 101
9 153
99 107
11 62
8 12
23 96
23 91
17 101
62 132
59 145
24 145
72 145
13 145
35 64
54 73
50 123
25 136
69 140
47 73
109 149
114 136
114 149
34 66
67 87
50 125
0 16
64 154
64 87
86 122
38 109
44 109
112 114
69 154
7 145
39 139
66 124
59 70
39 88
14 70
14 94
14 110
80 112
49 64
