15.683333
1
35
58068
201555
67 115
9 100
2 44
0 79
68 115
52 85
33 100
52 115
62 113
22 46
38 129
69 79
19 79
49 101
86 138
58 133
63 133
53 101
65 113
102 129
44 129
86 113
30 101
125 128
35 115
127 133
42 100
56 59
117 123
118 123
123 125
45 82
82 94
75 82
70 109
109 138
84 109
114 135
73 139
81 139
112 139
71 115
71 113
71 116
53 97
6 97
57 97
37 79
26 60
4 60
60 64
88 137
45 88
67 88
93 114
50 93
93 103
21 99
21 48
1 21
15 104
15 80
15 116
40 47
95 117
40 132
20 40
40 49
13 120
3 126
7 91
7 8
3 14
3 110
7 66
16 129
16 100
59 106
106 121
106 122
76 85
32 76
76 90
97 135
12 92
25 83
43 111
29 98
54 96
5 43
11 25
22 29
12 28
29 119
25 61
41 54
12 128
43 87
54 74
17 107
55 120
55 136
34 55
31 107
107 131
2 18
18 56
18 105
72 101
72 133
27 46
27 134
27 108
21 135
82 130
60 139
37 97
24 71
78 123
23 109
39 60
39 93
89 124
10 139
13 37
24 36
88 95
21 130
25 71
29 37
36 77
15 51
16 77
3 51
16 54
10 43
7 78
23 107
88 89
