10.711905
1
52
69906
86565
30 204
52 157
39 211
111 129
189 246
67 243
192 193
166 178
207 214
82 85
64 187
27 225
56 212
163 186
47 215
91 189
94 123
155 204
132 240
70 225
84 90
77 190
115 218
48 154
37 154
6 65
179 198
41 176
182 198
183 191
14 198
214 218
90 187
5 53
68 231
124 215
26 133
75 198
135 207
101 231
205 211
56 186
241 243
101 187
174 231
88 190
84 186
22 93
78 129
62 176
21 114
34 198
88 130
45 176
85 189
28 198
63 93
48 75
123 211
228 234
20 159
69 207
184 231
144 204
99 229
173 191
58 168
197 234
51 65
43 104
152 190
104 242
138 215
5 104
72 104
188 191
104 137
34 93
13 240
114 225
17 210
130 210
46 165
44 234
149 191
116 149
159 195
195 218
24 236
66 236
12 198
73 234
29 188
29 165
139 154
139 236
63 81
129 201
81 220
127 240
50 187
156 167
50 195
93 141
127 139
46 219
83 237
73 141
149 237
210 238
15 170
143 170
211 230
44 170
87 249
190 249
79 210
79 93
126 201
61 231
181 210
86 209
74 86
3 86
181 195
172 199
76 127
171 238
154 208
26 208
208 224
166 208
57 237
71 96
53 96
96 183
96 125
120 225
9 40
40 211
57 238
206 215
119 206
189 206
186 206
76 128
31 168
9 31
31 245
6 31
31 157
167 170
129 244
161 212
150 161
161 226
89 161
70 161
12 31
103 128
2 115
80 82
11 80
147 240
126 230
44 158
156 177
177 229
117 126
134 208
96 136
38 83
38 74
97 99
97 243
98 148
14 98
98 112
98 151
98 235
33 200
33 248
21 33
33 194
33 164
233 243
102 136
142 199
142 210
142 153
59 235
49 59
23 35
35 192
8 35
103 108
69 121
109 121
121 140
108 110
185 232
28 185
185 239
95 116
91 145
145 196
35 117
180 194
100 180
122 200
1 52
1 222
1 227
122 203
122 223
95 162
19 118
19 217
19 221
60 160
60 171
18 87
18 213
7 55
7 58
0 7
42 204
42 154
4 164
4 216
10 137
10 107
19 102
32 175
32 51
106 160
36 106
106 247
16 25
92 105
25 113
54 146
146 169
176 202
146 193
187 202
105 131
25 219
105 110
