18.003150
1
76
6
224340
14 178
12 13
34 228
225 236
47 147
42 114
263 321
234 338
89 254
22 297
125 154
10 31
67 324
60 264
128 171
94 273
208 273
27 273
162 215
118 344
153 192
147 192
22 347
187 347
108 347
251 334
85 246
282 305
117 170
157 170
128 217
87 217
102 171
12 199
9 199
131 199
119 199
10 139
9 214
123 214
206 278
77 336
42 327
94 174
125 336
223 327
100 278
136 174
112 336
77 227
131 227
89 244
137 244
7 244
133 218
16 315
267 315
74 219
136 219
97 290
255 290
206 271
60 232
99 232
79 232
26 185
153 185
263 323
262 323
16 323
54 61
82 84
44 182
138 247
205 247
215 338
215 343
114 180
231 344
322 344
209 344
51 331
40 331
281 331
43 303
250 303
143 303
121 200
124 200
53 321
53 297
53 202
106 154
106 207
106 238
283 299
178 299
143 159
66 299
49 88
192 213
184 192
47 349
161 220
306 326
134 349
81 326
71 220
141 349
181 233
186 240
166 317
266 328
149 224
243 257
108 328
148 224
109 284
6 257
33 284
29 224
13 260
54 122
46 288
67 233
111 288
134 298
304 317
236 280
105 245
228 260
4 240
151 278
28 291
28 150
28 142
170 184
96 170
156 217
171 249
139 163
139 231
132 214
214 289
225 279
39 285
196 285
63 253
14 253
103 218
126 341
219 292
72 219
190 271
323 334
71 325
141 293
138 302
61 256
84 308
84 197
61 311
84 135
91 116
23 116
182 209
167 329
126 211
247 264
19 171
23 275
121 140
58 195
58 190
58 276
58 103
15 72
179 265
234 237
3 93
127 259
32 155
129 175
198 235
2 259
20 107
37 107
34 164
65 75
53 169
88 168
145 348
50 176
238 301
326 340
233 270
203 245
252 317
245 272
197 257
28 248
171 280
55 171
11 85
11 261
11 193
126 323
49 76
215 290
279 320
126 180
199 285
0 96
0 69
0 8
51 98
48 188
105 221
253 313
139 285
59 312
19 53
52 346
52 86
165 345
194 222
64 68
142 216
183 312
61 115
126 220
116 194
104 126
183 335
182 211
215 333
215 298
169 185
169 271
169 232
24 285
41 344
21 330
62 64
62 132
265 282
265 269
50 106
113 196
56 305
237 296
93 229
164 177
164 167
35 246
175 258
113 316
235 339
237 300
259 286
155 318
73 106
171 265
219 244
28 95
18 268
78 102
38 160
75 201
144 254
38 39
144 165
18 324
1 230
18 31
5 17
78 90
1 83
1 21
5 241
120 312
158 312
76 151
88 310
212 347
220 287
28 73
260 319
122 242
219 337
139 274
25 169
174 333
210 227
331 342
303 342
140 273
45 252
98 203
221 322
92 156
204 337
24 314
59 70
95 189
52 130
309 312
183 349
58 173
183 224
284 329
257 329
332 337
53 101
275 347
15 240
56 242
107 277
235 248
155 335
145 173
61 191
38 294
75 115
80 215
326 333
35 227
227 259
52 329
106 172
5 285
110 287
239 310
36 277
57 130
30 294
226 319
330 337
84 152
299 309
146 315
175 301
101 288
152 317
182 295
188 349
36 50
307 328
93 222
