37.257143
1
120
104
43552
130 395
442 444
34 373
250 309
116 211
207 427
296 442
282 357
32 322
248 458
117 133
318 476
155 334
163 222
159 182
366 465
47 258
62 237
80 159
123 189
186 479
408 432
65 121
96 332
293 299
363 478
152 336
202 416
433 476
201 225
72 91
208 398
133 365
78 264
219 237
180 423
341 417
109 478
36 356
118 442
481 487
80 450
252 372
221 294
77 458
450 467
78 449
161 186
372 423
104 336
334 487
118 383
405 478
217 417
274 416
131 237
149 417
49 458
91 311
345 472
211 428
92 336
315 419
147 466
38 159
64 398
253 481
82 91
424 480
124 131
153 492
271 373
208 435
16 499
375 427
232 276
12 432
348 423
307 319
258 472
178 294
427 470
285 450
98 309
205 492
145 356
398 419
19 121
90 133
32 222
62 398
177 393
56 470
291 472
270 465
200 465
60 360
72 427
1 182
187 222
55 86
267 450
279 432
266 421
53 383
101 336
310 368
51 211
270 294
453 487
210 417
389 476
301 416
55 415
73 395
386 466
177 373
157 480
171 442
26 395
305 338
330 332
10 186
239 480
146 466
305 368
74 458
402 492
198 332
135 449
44 415
469 476
415 431
194 453
25 194
235 253
204 235
43 487
191 482
452 482
482 497
309 443
134 443
138 289
280 289
189 340
272 340
99 340
370 489
321 370
132 370
75 311
39 397
338 397
243 428
136 397
165 452
20 51
1 108
108 278
107 108
4 122
83 322
59 83
33 83
246 356
84 383
38 317
14 324
324 486
13 324
235 246
85 332
85 480
13 85
224 331
160 331
28 59
85 289
276 325
117 190
249 405
75 85
87 98
195 295
295 434
361 374
122 369
249 289
190 451
164 355
457 473
181 457
16 457
120 314
156 314
245 314
115 468
141 204
317 331
300 314
142 476
25 89
89 291
89 400
89 150
94 374
284 300
113 284
314 397
244 465
21 459
363 459
31 211
171 292
203 206
206 266
206 264
110 319
95 173
70 95
110 236
110 449
110 257
95 155
95 262
294 491
280 491
174 491
412 491
302 481
217 302
302 393
60 302
254 302
88 444
88 430
88 250
88 130
88 176
28 361
43 185
128 420
241 420
108 142
18 340
179 373
179 222
256 459
70 229
229 434
229 299
45 229
18 451
31 306
213 446
213 242
213 214
286 293
269 286
286 380
89 324
159 234
234 449
289 420
292 347
277 307
52 277
227 277
277 341
88 414
84 303
20 110
414 420
240 476
8 278
3 8
4 8
8 282
8 321
229 468
35 309
10 35
35 133
165 420
22 256
364 427
364 368
260 449
218 260
164 437
46 95
17 87
294 488
54 187
54 65
377 448
331 437
244 325
113 140
448 482
392 459
83 342
162 475
151 162
162 259
5 263
5 126
7 464
162 327
7 238
298 455
298 441
127 382
297 349
349 463
127 381
298 388
7 276
19 112
112 391
112 304
199 472
329 455
329 395
308 492
97 136
97 372
64 125
125 465
2 160
2 471
2 11
2 148
50 313
50 273
50 312
5 243
288 369
63 161
63 409
230 320
320 335
23 320
417 494
86 422
69 398
69 466
197 416
197 237
379 478
379 384
127 355
422 443
308 324
100 168
168 172
15 135
15 352
226 346
226 248
41 125
371 377
283 371
371 462
287 415
213 491
233 261
233 339
134 233
353 439
79 353
328 353
403 454
403 433
49 403
212 232
212 425
139 252
139 316
139 143
46 168
40 376
103 275
29 387
81 461
483 485
166 385
71 81
166 188
27 346
93 281
93 215
111 390
81 184
350 404
40 357
61 93
404 447
119 344
119 435
137 333
40 183
66 490
154 169
27 231
137 149
58 66
275 474
29 394
275 401
111 209
119 406
0 192
66 407
37 129
167 220
404 418
6 166
111 123
106 154
0 410
29 56
0 86
167 228
483 496
137 413
27 323
154 290
37 343
37 352
315 362
362 499
362 396
295 438
170 411
170 259
170 265
31 162
320 457
251 336
67 384
67 440
326 392
57 102
57 104
124 175
175 225
175 399
48 432
426 436
48 450
68 158
21 68
484 495
196 484
426 493
30 351
68 193
121 484
351 445
223 351
360 426
41 167
216 354
201 216
216 337
24 423
42 477
114 255
76 105
42 247
42 268
114 429
76 144
114 498
76 359
288 349
17 483
50 349
115 460
342 353
89 367
251 292
358 456
358 368
9 22
66 308
166 494
154 197
81 438
93 326
275 287
9 378
404 460
76 378
114 378
24 351
42 367
