44.053287
1
130
7
161014
121 157
335 436
41 436
165 436
8 297
108 304
29 454
103 212
107 401
58 317
102 403
95 426
86 475
189 428
20 262
4 47
365 438
250 438
122 183
103 183
55 452
451 452
50 59
356 460
189 460
228 361
251 261
1 261
95 261
325 397
57 481
288 397
11 481
58 397
433 468
3 468
167 481
113 201
61 302
8 491
158 491
292 491
265 461
375 461
45 461
67 285
192 285
230 285
329 390
280 390
293 303
211 303
205 425
157 425
149 425
168 322
287 367
141 492
222 260
430 484
174 266
364 457
120 166
121 245
0 76
78 359
10 359
14 359
265 417
205 358
29 150
331 405
346 405
474 479
193 393
9 387
186 387
66 395
40 290
344 424
192 395
5 275
135 393
448 449
86 443
240 275
234 376
268 275
72 290
94 376
97 462
253 449
179 449
343 465
61 128
125 321
352 387
351 465
151 321
2 443
82 290
418 465
267 393
90 443
26 462
323 424
114 128
332 424
216 376
228 258
34 258
126 155
47 109
188 318
83 225
92 225
125 225
41 318
250 295
87 232
107 232
36 409
37 409
400 438
229 388
52 388
183 426
183 218
173 431
108 270
93 217
176 270
113 291
206 312
33 312
93 249
131 310
294 310
314 407
102 104
126 407
140 476
54 196
127 231
419 452
28 38
59 463
59 256
396 460
361 419
357 488
87 298
227 307
131 170
360 468
110 369
185 220
15 264
180 226
115 143
43 198
201 311
201 340
139 353
35 39
35 68
35 152
51 360
51 202
51 430
51 160
25 242
18 30
89 285
235 390
162 303
245 296
76 278
245 394
76 402
105 473
105 357
197 404
324 327
96 259
289 422
46 404
53 187
161 363
182 363
195 422
106 381
334 350
279 299
88 98
200 272
75 327
20 138
136 396
77 199
77 492
77 362
77 319
11 21
12 233
150 367
223 405
479 486
47 423
129 304
129 207
128 341
23 235
71 130
65 482
65 366
210 434
210 248
210 445
39 71
258 483
155 313
155 459
47 368
183 305
12 421
318 403
85 401
6 166
85 222
6 62
85 410
156 330
156 168
156 221
35 59
232 322
99 361
388 484
117 269
116 400
173 209
199 217
270 355
217 316
312 377
62 249
310 364
31 60
104 345
31 328
144 190
196 348
144 276
144 429
31 74
219 476
104 123
104 162
196 475
231 496
407 494
476 498
77 173
38 174
38 277
35 51
169 399
307 373
177 309
177 457
136 452
51 491
243 481
81 397
100 432
100 254
226 247
64 112
148 300
7 184
143 246
145 284
220 333
220 378
226 386
7 297
281 347
80 214
142 420
124 260
80 132
143 181
148 224
142 262
145 266
64 212
142 408
264 469
124 141
148 428
7 239
369 383
264 446
124 171
145 497
198 283
64 163
369 442
198 385
281 480
302 425
201 263
99 455
201 447
295 391
285 423
390 423
147 353
353 441
184 406
164 438
465 488
210 361
243 427
30 120
242 435
218 242
56 173
416 436
225 488
129 302
164 460
76 245
358 423
327 384
404 413
422 495
381 411
187 320
299 490
194 287
272 349
175 398
363 371
259 317
194 301
98 271
137 194
105 415
35 237
138 454
138 374
17 213
84 472
84 273
73 337
379 458
84 370
315 464
315 439
73 159
17 178
379 392
379 453
315 499
32 134
32 380
32 470
73 257
17 133
203 245
310 488
302 444
233 338
233 389
22 488
77 203
303 405
129 440
6 111
51 164
261 291
395 478
321 455
81 443
243 387
295 305
48 436
65 368
71 339
237 326
156 414
81 155
48 89
153 219
13 223
302 407
412 485
47 241
318 382
225 485
191 466
27 59
42 361
191 461
237 405
238 487
201 456
183 208
91 137
169 414
177 427
144 306
63 477
407 477
24 147
146 417
146 358
302 353
59 204
215 232
236 321
100 423
47 437
307 493
215 372
274 298
79 452
100 306
153 173
281 326
80 487
220 274
264 415
27 308
170 479
350 471
154 415
6 31
70 417
42 393
42 462
129 336
150 406
101 479
336 424
244 303
350 447
196 312
76 467
49 274
98 274
231 476
315 415
244 359
99 255
118 290
19 128
136 381
172 412
16 172
286 358
285 354
421 471
56 80
376 416
198 291
119 444
69 275
44 146
118 409
63 143
81 489
79 449
342 359
236 450
187 236
269 493
38 282
145 456
105 269
291 422
69 196
119 226
44 118
252 369
70 363
27 299
17 70
175 282
282 404
73 118
252 450
204 272
327 467
241 379
32 286
84 208
