7.781488
1
67
6
233422
5 14
35 62
31 130
106 226
208 231
90 290
29 89
175 294
77 181
37 181
12 181
26 217
26 184
61 216
66 216
85 216
4 295
102 295
61 69
1 69
32 293
52 293
58 113
136 148
2 148
93 148
85 113
35 113
104 140
10 140
73 183
4 192
23 192
99 183
29 183
123 192
42 192
73 272
88 130
109 199
109 176
232 271
231 292
40 202
62 202
31 292
14 298
232 298
46 172
90 200
71 266
12 200
7 252
122 141
114 207
134 173
8 173
36 100
89 105
224 294
102 174
205 249
34 43
30 95
8 95
17 160
122 160
76 91
79 267
5 87
0 267
211 216
214 295
3 129
3 146
3 208
36 162
20 287
28 198
167 240
206 287
108 287
106 165
167 256
238 285
222 285
42 198
156 165
145 198
19 240
48 177
70 117
18 68
59 125
59 290
36 215
16 45
16 27
43 69
109 246
184 289
230 289
26 193
36 92
88 124
16 239
199 292
275 282
138 200
252 265
217 252
33 226
33 276
141 157
141 296
89 281
114 228
71 137
39 299
0 153
99 254
2 197
24 286
24 264
88 293
13 277
46 63
83 161
84 101
39 159
91 269
251 263
87 115
3 237
240 280
165 273
16 34
117 135
177 227
6 250
44 224
53 126
44 229
75 186
6 151
177 251
75 244
132 142
118 169
141 215
109 282
3 18
89 242
26 204
36 98
36 174
24 89
139 253
266 278
200 225
24 241
33 164
120 219
120 180
82 261
82 133
120 233
207 259
228 260
98 124
216 242
100 197
229 235
176 182
178 283
110 154
171 279
69 140
26 254
88 204
63 291
15 245
103 150
63 223
64 288
78 110
59 207
16 33
97 294
34 267
95 127
118 212
177 257
161 168
38 60
161 284
67 128
128 213
128 170
38 218
101 268
159 178
91 225
65 181
87 274
34 256
34 94
113 207
89 270
139 183
143 275
172 192
271 292
53 248
44 259
97 188
81 127
132 237
147 278
263 293
109 236
174 266
98 166
95 193
3 221
55 67
203 214
57 138
189 211
54 230
116 289
26 72
26 112
26 49
74 92
9 258
210 258
201 272
75 193
193 209
107 266
209 258
6 183
144 200
41 252
80 173
277 297
11 274
11 111
9 179
78 111
34 38
131 258
24 163
159 279
109 152
21 109
88 119
155 266
171 270
22 69
18 50
131 249
41 56
56 117
82 179
25 88
34 158
53 97
196 297
187 248
181 194
242 277
118 147
18 220
18 191
47 69
262 293
81 120
103 263
51 289
190 258
22 285
192 243
236 287
65 128
15 97
64 81
195 298
96 252
149 172
174 185
95 247
121 267
118 255
50 101
50 161
82 234
86 299
