33.921725
1
114
8
149046
204 417
120 142
46 492
98 260
78 285
336 488
175 488
185 488
107 177
102 159
370 477
94 216
88 402
19 443
10 467
38 265
178 403
88 211
19 211
45 317
9 211
182 317
218 317
29 367
4 367
155 248
15 248
113 280
38 280
44 339
366 499
273 339
166 438
66 280
103 438
224 451
112 339
477 499
49 499
100 409
238 409
316 380
192 380
40 380
29 150
203 393
334 399
230 344
208 344
43 344
101 163
97 163
17 163
252 324
272 324
83 324
208 446
131 170
70 386
136 170
104 210
131 210
34 241
67 241
18 241
42 271
24 31
204 355
285 355
109 355
162 263
149 263
267 494
138 494
266 331
236 457
30 457
24 60
74 429
17 429
9 160
98 195
51 195
246 452
46 452
417 452
11 450
55 360
34 360
76 489
18 489
26 198
90 242
127 198
3 198
26 242
192 227
13 223
475 488
444 488
219 408
0 455
200 358
142 319
80 369
134 408
81 406
77 352
295 455
59 319
341 421
173 408
57 352
233 352
83 406
197 455
39 338
304 358
94 440
277 440
196 440
56 294
78 294
235 293
445 480
75 226
391 415
65 332
282 441
159 384
54 207
158 384
12 275
70 340
71 275
5 115
11 115
145 274
45 348
300 382
356 382
225 251
215 251
177 251
178 321
323 416
121 416
54 299
248 497
259 476
266 427
307 438
148 339
284 499
392 451
120 454
64 454
225 424
140 333
260 333
153 476
150 259
221 409
21 216
21 221
21 214
76 143
196 407
150 456
276 393
393 479
33 168
10 61
344 448
156 324
174 386
386 471
210 335
386 397
210 483
82 190
241 402
367 393
248 476
244 443
271 413
31 156
137 370
137 189
31 390
31 278
137 377
244 327
244 296
179 263
330 494
331 447
144 361
171 346
122 228
151 228
35 96
152 368
301 312
71 167
130 312
97 283
350 361
12 58
43 52
199 346
6 79
33 400
212 476
60 148
60 465
60 430
128 429
114 248
170 371
229 328
229 309
229 234
22 99
360 373
242 297
223 293
223 307
93 139
93 498
184 442
227 291
184 359
369 467
319 414
406 496
294 425
8 472
8 153
384 493
207 453
187 207
184 367
93 367
390 434
234 274
274 449
115 135
248 378
118 183
180 262
183 431
183 282
180 337
180 441
367 487
382 428
206 287
367 458
321 459
416 445
212 450
1 314
32 75
1 276
110 240
1 174
110 289
1 48
119 473
213 480
213 302
213 351
119 181
32 107
119 415
32 249
119 392
110 129
248 420
60 150
280 347
454 475
184 202
210 263
146 317
333 376
294 476
331 355
294 409
114 320
170 429
244 457
227 399
21 357
339 348
348 499
212 382
160 494
61 87
61 332
143 367
313 452
163 347
209 212
190 387
124 436
165 254
231 237
231 401
303 315
193 220
16 123
124 470
164 194
133 191
20 247
303 422
20 375
16 474
16 374
190 485
164 478
193 433
133 256
133 444
426 488
37 217
37 102
37 65
324 410
271 357
286 306
299 409
157 248
245 386
229 450
263 318
123 255
157 451
93 383
79 279
52 206
58 343
364 388
283 354
7 89
368 491
228 342
167 305
346 460
167 418
79 284
312 381
368 391
92 269
283 396
92 265
96 462
52 365
96 235
400 481
400 403
261 466
114 482
325 360
320 423
114 495
195 484
195 404
99 326
99 226
241 287
244 292
117 437
25 62
25 468
86 95
117 353
36 398
28 161
28 268
201 395
68 412
68 126
188 253
86 464
28 105
201 389
36 222
188 349
117 169
36 258
201 250
114 439
163 482
84 118
116 187
111 179
14 128
227 311
227 363
320 484
223 404
421 487
147 344
325 329
242 340
141 280
91 286
72 446
41 423
21 168
27 451
251 450
384 420
263 310
47 455
23 438
2 410
411 440
198 432
198 416
251 362
364 476
186 440
186 281
91 320
141 399
21 239
160 232
270 380
86 476
207 461
32 322
288 393
287 379
308 330
172 429
85 380
183 432
209 264
106 386
176 399
47 91
172 338
25 385
143 435
271 469
379 394
394 463
298 446
170 372
201 286
28 286
132 137
27 352
184 255
167 450
53 163
290 489
439 454
68 160
164 318
165 435
20 281
303 322
288 358
290 408
63 429
229 243
193 245
452 486
124 410
69 264
261 363
73 489
205 329
257 320
108 358
68 419
86 154
125 311
25 458
188 348
213 490
106 110
36 299
69 345
231 490
190 469
312 345
7 239
205 361
228 270
346 426
23 117
361 405
50 188
