29.867332
1
108
2
165318
65 157
39 73
27 239
138 323
101 269
226 330
174 449
117 444
77 354
38 103
160 203
30 271
154 306
125 395
414 422
363 399
260 300
335 385
376 409
199 426
112 165
133 353
299 353
73 111
190 317
104 111
264 353
88 202
82 244
7 139
79 338
262 313
144 255
131 255
272 338
0 313
380 435
65 324
37 426
185 426
152 426
112 248
111 406
111 166
20 111
338 422
139 148
139 387
139 432
313 448
68 162
68 275
68 309
68 71
213 258
324 328
17 354
17 220
17 43
174 340
69 177
336 428
261 428
102 294
157 177
116 369
269 340
233 340
93 369
189 369
118 177
101 447
312 447
320 428
42 294
181 208
238 367
16 208
6 443
80 225
184 235
312 362
95 123
206 443
143 386
150 367
87 235
127 293
178 293
314 362
119 443
198 223
138 288
36 285
85 265
257 316
67 301
24 156
233 288
34 290
270 316
259 288
289 290
143 301
121 316
190 302
188 223
83 265
255 325
313 318
87 215
28 215
268 398
9 171
324 339
68 344
39 130
81 168
232 267
61 411
148 294
373 428
208 228
362 378
235 399
246 293
228 235
302 412
290 427
195 230
193 302
158 350
285 414
223 409
285 408
98 297
215 329
98 388
215 342
381 391
207 381
381 385
171 276
62 376
51 341
130 332
183 366
183 287
183 207
51 152
267 360
14 346
267 308
14 76
168 383
168 203
14 37
130 410
62 103
2 237
2 204
2 214
2 218
29 124
29 173
29 431
265 296
158 371
288 319
316 334
230 384
301 371
230 296
98 161
236 438
51 392
130 298
62 273
142 304
38 364
134 231
268 321
286 364
109 433
253 304
108 375
13 41
120 349
147 440
77 364
216 413
380 424
140 337
323 440
5 375
6 375
105 424
160 440
11 41
191 337
348 424
306 433
24 433
89 321
95 137
57 186
97 351
322 419
239 345
291 441
57 420
262 441
167 397
153 333
377 382
196 352
305 419
88 229
33 94
32 333
128 355
86 92
27 307
86 420
122 382
21 254
126 307
16 44
22 351
125 351
404 441
66 382
134 137
242 397
82 254
54 175
132 170
179 209
8 170
226 241
12 347
117 372
256 372
13 222
55 209
292 347
3 107
211 217
30 72
25 31
26 45
258 413
275 413
282 304
99 337
166 349
254 370
92 434
165 352
163 229
94 195
345 358
352 379
229 280
333 444
186 266
137 390
217 415
241 368
175 436
372 394
170 429
274 282
129 303
249 365
107 423
252 330
107 449
15 407
72 359
347 389
237 252
175 363
15 20
303 416
192 295
209 442
4 100
135 221
135 396
4 50
70 300
40 60
78 335
40 425
45 74
40 284
45 281
46 185
46 263
56 154
141 421
56 373
31 405
78 402
53 271
70 343
78 136
70 395
141 169
31 243
151 187
151 310
56 260
53 418
1 10
115 145
106 200
115 356
106 224
106 194
1 172
1 114
44 437
307 384
355 437
397 411
219 277
249 298
241 438
180 392
192 248
252 334
303 344
46 250
53 161
151 273
115 277
202 353
313 317
244 255
17 202
61 247
17 338
213 331
153 430
144 403
33 64
54 403
261 326
21 197
12 91
55 164
93 400
112 171
112 201
136 400
60 91
90 163
48 129
35 99
63 246
63 193
244 443
230 353
247 386
123 313
324 393
301 338
247 445
139 445
213 367
23 244
75 353
23 202
14 234
331 357
23 324
61 236
61 398
75 331
245 325
96 250
155 339
155 319
35 318
123 428
123 285
112 439
311 357
290 302
112 146
112 210
201 386
110 171
51 110
62 84
130 398
149 317
159 426
317 419
227 234
244 420
255 374
247 401
49 435
113 435
149 435
222 435
240 338
327 331
213 382
324 361
61 417
17 274
18 331
251 369
219 293
225 327
19 223
52 265
357 446
212 302
110 176
19 98
283 288
156 170
180 381
23 278
141 311
182 316
31 84
267 283
29 159
75 135
205 337
240 333
164 435
59 234
279 446
182 347
18 217
45 279
1 210
4 182
18 106
158 315
47 168
29 58
