23.754762
1
74
9
76034
171 212
5 137
69 236
129 208
78 254
109 210
85 276
199 220
11 181
50 272
76 209
34 76
76 287
76 273
227 243
154 243
179 243
141 212
50 141
141 255
141 290
254 283
3 283
199 283
2 225
2 63
2 274
2 195
127 140
140 149
34 140
12 140
226 249
0 249
74 249
1 255
1 216
1 129
29 128
93 237
30 237
41 237
79 174
31 174
94 174
46 280
217 280
280 286
37 275
37 242
37 49
37 64
37 134
92 146
101 146
25 146
100 215
137 215
215 223
264 296
261 296
71 296
72 153
183 292
183 274
183 208
96 124
130 164
130 171
96 97
96 197
130 282
52 96
120 158
120 220
120 236
235 258
148 222
17 258
185 258
80 222
202 213
18 75
3 75
39 202
85 202
269 278
266 269
162 269
234 297
103 151
103 225
103 106
105 252
105 131
105 152
103 223
159 228
6 159
78 159
8 268
64 268
108 191
26 108
44 108
110 224
26 211
88 132
110 132
132 196
214 297
104 278
5 214
51 214
94 104
73 198
112 190
112 125
213 240
92 112
98 112
18 166
127 166
166 259
166 227
23 47
47 109
178 246
147 178
87 201
19 87
178 182
87 247
145 276
72 145
0 40
9 265
91 250
262 265
145 247
250 264
184 250
265 281
218 250
10 36
36 248
81 221
81 272
81 86
147 206
197 204
204 238
204 210
58 67
67 181
77 187
102 260
77 293
77 138
102 155
102 113
24 89
24 284
11 24
75 141
163 248
28 282
6 45
45 217
65 160
69 119
133 169
119 239
188 267
90 285
135 270
27 115
14 175
194 253
121 205
135 182
175 279
188 299
253 298
29 188
123 169
66 135
84 115
21 121
16 122
160 209
169 193
119 150
115 241
56 253
160 207
43 90
122 152
122 295
35 175
114 121
2 271
36 76
161 186
161 233
161 176
117 294
59 144
22 53
95 142
48 117
144 231
33 95
62 189
62 168
38 107
61 83
117 289
95 111
83 172
107 200
107 165
22 157
57 256
57 118
83 251
76 180
143 146
42 93
136 284
143 214
40 283
143 198
1 268
156 174
55 128
143 245
140 240
128 224
82 146
128 291
153 156
2 219
7 183
130 229
55 75
15 176
15 191
76 136
99 249
141 263
192 291
4 37
20 128
224 288
132 211
204 280
202 265
99 237
139 143
96 116
143 169
170 258
54 153
1 177
103 170
105 206
244 291
206 229
13 105
68 271
198 232
40 250
60 280
167 224
215 230
120 257
70 153
203 222
173 269
277 296
203 288
77 219
116 121
13 90
4 57
62 232
54 95
32 167
102 277
126 163
22 257
126 144
83 230
115 277
70 117
175 263
253 263
32 107
