2.489247
3
28
12
638590
17 64
110 132
29 132
95 96
53 96
80 96
45 135
94 135
6 135
12 51
29 74
48 74
62 74
3 74
79 130
33 55
48 54
76 128
7 128
16 128
52 115
17 127
99 127
52 65
12 82
6 36
0 27
16 27
7 108
60 75
46 107
63 118
64 118
42 118
8 88
79 100
67 96
21 97
34 97
55 58
94 124
20 31
60 103
8 25
10 13
57 132
0 37
96 127
51 85
50 51
4 96
32 67
43 91
15 87
96 101
101 135
51 92
23 74
47 74
124 132
114 125
51 81
4 130
39 107
121 130
1 18
1 22
120 127
11 68
32 69
32 38
30 32
1 4
40 130
14 130
1 75
67 72
14 128
13 67
4 107
109 111
1 111
51 73
58 102
51 91
82 100
54 98
67 116
88 108
2 109
98 115
88 89
96 117
25 33
93 119
65 70
9 51
37 56
37 83
106 113
32 78
32 133
24 67
77 127
4 106
71 114
71 136
91 112
87 93
31 124
97 119
19 75
28 67
4 66
69 71
54 104
86 120
103 105
35 128
78 97
65 139
27 90
24 41
26 121
84 118
28 126
68 131
5 61
68 129
5 123
44 59
44 49
91 122
5 75
31 134
77 138
35 137
19 44
68 73
