15.485098
1
57
3
337221
14 73
24 53
7 223
72 110
84 89
59 116
58 150
88 93
99 219
26 240
195 227
124 204
207 238
69 100
149 202
29 100
53 249
188 249
114 249
156 249
110 229
95 229
40 229
144 241
76 165
28 65
46 48
15 91
11 127
52 80
3 32
88 91
47 80
143 228
42 248
223 248
84 199
192 228
179 248
79 90
104 199
142 228
188 231
123 199
100 107
100 215
123 245
59 62
56 62
244 245
143 173
33 212
161 196
80 151
91 117
32 64
48 194
19 71
19 85
35 54
24 70
6 18
184 189
237 248
228 240
21 51
7 211
89 183
43 51
39 152
50 200
208 211
178 200
177 203
186 211
108 183
149 152
128 152
76 183
26 121
23 203
4 121
20 51
117 212
160 212
170 220
105 214
173 227
212 219
164 198
61 230
83 198
72 172
11 112
3 81
9 25
14 44
10 111
37 140
28 44
119 198
38 81
99 171
141 201
136 140
144 201
21 213
156 230
101 162
63 140
48 74
48 146
80 243
80 239
91 132
70 154
18 197
66 184
66 67
70 118
18 218
54 148
54 195
55 160
55 221
55 57
17 75
17 106
17 36
199 243
107 203
64 200
58 185
79 157
77 97
73 138
31 45
68 226
60 96
34 137
1 45
182 185
206 226
113 120
62 216
130 162
81 170
25 204
230 246
112 155
172 236
44 234
54 74
98 132
66 167
17 180
97 174
185 187
45 158
137 225
138 224
157 237
226 233
96 238
96 124
78 139
0 161
27 105
27 129
49 232
49 103
78 207
0 109
49 150
92 247
0 169
120 191
2 93
8 222
2 181
120 175
5 210
92 193
5 30
8 145
27 147
100 202
171 216
111 239
201 217
38 176
50 115
100 229
97 146
157 166
138 167
2 125
5 180
8 159
91 241
193 209
194 205
165 196
32 127
32 80
48 231
41 130
36 82
189 228
199 231
55 202
200 202
48 94
65 86
214 248
13 202
19 70
135 196
18 196
190 217
131 166
82 159
12 125
168 249
16 241
133 229
86 214
22 165
87 165
32 198
126 127
122 127
25 32
235 249
90 140
51 214
65 185
19 153
162 220
54 242
202 209
8 94
135 226
120 135
102 165
65 134
127 163
137 235
45 153
