16.949757
1
87
10
160353
27 131
84 130
13 127
117 153
26 195
29 398
72 398
373 398
95 398
165 398
23 284
153 284
137 284
237 397
373 397
99 397
55 154
260 279
118 279
102 387
4 387
304 387
127 254
15 254
80 242
296 341
326 341
131 341
78 345
120 345
3 320
62 172
105 271
92 317
91 317
271 396
37 396
380 396
77 355
57 86
60 86
89 113
51 228
89 228
13 228
164 228
139 208
211 390
63 390
333 347
38 347
213 370
36 370
78 148
130 134
60 134
1 233
69 233
84 230
91 230
213 230
114 398
189 388
315 388
81 132
3 9
337 350
261 350
22 312
145 312
257 327
26 327
204 286
55 379
29 123
17 123
117 269
6 269
165 319
47 319
7 121
37 278
27 262
4 28
51 324
142 160
150 160
80 101
56 282
81 169
170 231
239 284
245 276
47 171
25 112
66 112
36 100
38 249
125 166
93 166
172 173
1 321
11 194
69 194
142 240
71 369
284 390
214 220
141 398
137 232
154 394
144 154
279 396
253 387
242 317
340 341
242 355
289 393
310 383
193 225
345 362
106 128
39 76
52 263
195 277
44 280
218 320
218 259
187 348
301 376
192 339
88 364
331 382
288 368
35 176
97 242
186 348
154 205
113 285
208 302
208 383
154 210
40 242
94 258
12 229
79 229
167 209
57 235
0 110
83 209
44 143
347 378
332 347
70 148
65 284
279 308
254 319
233 391
42 341
218 230
230 288
175 387
54 279
302 351
119 338
103 132
132 147
9 364
350 354
154 385
264 324
228 298
267 327
65 397
217 265
286 340
389 393
285 389
381 389
345 358
269 344
19 254
121 157
121 272
20 365
121 360
20 332
20 62
90 105
107 307
107 108
42 144
208 312
41 384
41 346
155 231
262 357
205 347
230 298
135 168
54 114
135 251
20 348
86 265
34 283
282 371
58 227
58 336
86 252
351 388
115 228
335 392
231 374
8 267
113 385
276 301
284 294
218 236
146 219
219 224
113 169
221 345
207 218
2 205
171 395
171 248
173 243
249 382
100 256
249 253
112 366
100 318
166 182
194 225
194 199
61 396
321 355
86 311
42 327
14 113
5 88
5 48
75 306
75 316
75 119
54 312
202 388
113 166
42 372
241 376
157 241
86 268
203 368
154 159
40 177
59 335
59 361
82 279
206 254
282 327
20 358
220 348
179 298
97 363
34 124
121 141
107 252
324 329
67 312
321 343
33 181
162 192
24 87
24 98
263 313
133 266
128 270
18 32
111 299
162 212
18 386
162 197
45 122
33 250
76 156
174 178
128 339
174 180
111 274
45 50
263 352
10 158
76 190
133 293
10 74
330 345
42 58
218 280
123 334
176 217
242 314
64 252
126 289
16 146
138 381
46 103
41 149
286 399
151 310
34 392
129 218
85 86
115 219
160 363
202 231
196 317
90 238
111 298
41 399
43 96
28 68
14 135
235 292
209 287
328 331
229 377
258 300
235 325
110 247
143 163
328 359
208 215
273 390
367 369
104 309
151 356
124 241
222 308
152 179
10 338
175 303
303 367
75 367
41 281
136 329
128 379
134 140
49 70
30 351
148 184
148 275
226 298
40 223
19 323
33 115
160 291
45 252
18 252
109 264
31 319
184 350
232 244
174 202
112 268
216 278
200 322
175 201
311 375
64 185
53 350
246 324
282 353
21 160
177 191
220 322
43 349
73 112
173 183
24 207
229 252
116 149
73 290
49 349
161 171
277 295
223 305
196 255
8 104
129 342
111 198
61 110
140 234
133 185
222 297
18 188
76 297
263 275
129 258
53 209
