61.366667
1
131
54258
58406
112 303
153 267
426 442
251 267
209 241
20 441
321 333
331 365
173 292
173 414
349 433
280 295
321 328
249 395
259 343
401 429
199 365
122 395
56 442
291 448
372 433
103 240
307 410
18 328
164 422
296 328
39 438
119 193
16 333
341 438
301 419
259 425
26 419
235 422
147 354
159 228
38 352
322 352
110 448
208 441
278 448
254 333
203 419
140 328
123 343
23 295
89 158
323 422
62 406
177 395
101 352
325 406
180 228
363 394
144 158
135 410
181 354
87 390
252 399
335 421
109 354
375 421
116 228
75 343
198 394
382 419
18 228
245 421
138 390
105 267
104 295
154 221
107 286
229 318
93 441
69 158
113 390
356 433
376 414
37 365
357 414
24 410
205 394
45 221
119 218
300 427
307 342
339 438
191 427
63 399
174 386
171 218
124 442
48 427
112 399
179 406
351 410
6 218
294 297
297 417
154 297
380 435
342 435
2 51
51 289
3 51
5 402
221 402
7 402
190 353
350 353
353 371
314 423
24 423
188 423
143 242
242 318
57 242
146 344
344 361
286 344
88 275
219 275
275 290
275 371
166 256
252 256
256 403
161 256
19 308
2 358
358 365
358 394
308 338
308 418
129 329
329 348
19 136
107 136
129 136
136 193
174 310
227 310
310 320
74 258
74 359
74 170
74 385
28 327
209 327
327 384
175 396
26 175
175 429
61 241
61 223
354 445
158 445
305 347
274 399
228 436
305 440
263 441
330 427
61 270
218 274
117 220
220 230
220 236
4 410
111 407
111 377
4 417
137 287
137 409
137 213
111 148
149 434
149 223
8 149
128 149
333 449
118 283
73 80
195 388
130 204
151 178
204 264
80 260
226 444
250 443
80 234
187 392
178 276
187 413
65 134
226 277
134 206
102 195
132 226
67 187
118 163
53 118
42 70
42 389
195 299
238 250
41 42
250 420
204 231
134 194
178 381
262 292
262 425
185 262
197 229
103 197
197 355
45 160
160 387
160 326
152 378
152 240
152 222
60 192
60 233
46 419
328 405
405 438
82 303
47 82
82 183
243 247
162 273
36 266
172 261
247 304
189 398
196 266
81 176
68 306
106 279
133 172
125 210
97 279
12 317
15 49
168 370
306 404
49 66
92 210
44 54
176 257
79 155
64 215
266 369
273 284
391 400
398 411
215 281
95 319
279 393
167 370
210 211
268 391
157 288
165 317
169 176
17 49
141 215
293 446
126 247
54 115
150 172
265 288
50 319
319 324
155 214
182 306
345 391
30 155
317 368
272 293
312 398
288 383
248 293
98 273
13 54
370 397
52 315
10 433
366 414
139 239
84 139
139 396
334 343
43 216
31 386
31 348
22 408
22 216
22 90
31 309
29 282
232 442
232 267
131 430
99 311
99 367
0 184
212 390
244 352
35 416
422 431
9 269
114 395
9 200
1 91
244 421
212 295
360 424
27 72
34 55
360 412
34 78
9 121
29 313
27 437
1 83
71 237
32 77
1 385
145 448
145 406
0 364
29 120
71 225
14 76
14 374
360 428
32 127
35 373
34 207
71 186
35 379
99 253
14 142
131 432
27 271
0 108
131 362
32 415
285 308
86 435
40 51
46 297
336 353
242 436
40 285
344 447
4 285
43 435
96 256
263 308
285 336
60 423
305 329
334 402
310 445
340 358
10 423
246 285
74 86
195 358
202 327
11 275
86 332
25 246
224 447
220 330
25 58
96 137
21 136
111 137
330 340
25 346
118 263
226 274
61 336
33 204
201 274
33 298
100 111
4 250
25 114
33 262
85 224
100 187
201 449
85 217
94 332
33 273
330 370
96 172
319 447
86 155
40 317
4 215
337 445
59 436
263 439
316 332
32 447
255 332
14 436
35 40
54 449
156 202
210 336
80 315
178 366
217 302
99 449
27 100
134 316
42 431
58 247
60 315
288 346
58 131
21 391
21 306
279 431
114 293
176 255
255 398
49 114
232 266
145 315
11 71
212 337
156 244
59 232
431 439
34 316
244 360
9 212
29 255
0 316
