12.202957
1
39
9
752226
3 35
89 119
101 119
43 119
13 122
92 122
100 122
11 151
93 151
58 151
40 121
24 121
9 121
81 159
157 159
6 159
5 33
6 153
93 114
57 94
68 148
30 130
54 130
27 130
87 136
39 136
89 125
71 124
44 140
55 124
20 117
73 124
68 117
139 140
75 102
70 102
48 131
4 131
39 144
105 144
10 108
35 80
65 80
78 141
23 127
57 141
40 127
8 63
59 63
36 121
113 119
3 64
98 122
67 85
33 94
33 47
36 150
36 51
134 136
88 131
90 112
69 112
88 144
103 121
128 130
10 21
95 125
117 126
133 140
41 88
33 103
151 158
50 119
1 99
1 120
1 148
42 138
14 88
33 116
36 110
149 156
32 149
120 149
80 154
127 137
127 128
141 153
152 159
125 131
64 82
103 107
46 66
46 76
1 136
62 113
62 96
88 145
33 129
86 95
14 34
14 37
118 134
85 123
85 135
16 17
16 111
16 104
130 158
121 142
41 107
125 132
26 122
88 143
0 61
0 22
0 12
2 28
2 83
2 38
7 98
7 77
16 130
138 149
29 122
56 133
36 52
112 155
63 109
29 36
50 102
63 132
15 114
18 79
19 84
15 45
19 106
18 60
21 97
21 25
1 72
46 141
64 158
108 152
50 53
74 124
31 144
49 108
115 140
14 147
74 108
108 115
53 146
50 91
85 91
2 52
0 146
19 91
18 142
26 112
