37.412522
1
111
6
165823
183 280
27 332
136 349
104 141
8 47
110 212
277 398
74 246
15 337
42 425
69 194
161 413
29 369
97 393
71 72
186 298
211 298
139 381
3 114
191 444
386 444
209 292
77 358
228 358
154 358
138 358
69 421
109 421
120 421
56 421
146 434
188 231
300 368
84 368
30 231
229 434
34 231
27 368
197 434
58 275
204 275
29 275
23 107
34 256
147 256
242 256
141 377
291 377
245 310
153 311
177 377
87 336
332 336
209 311
216 311
79 310
277 310
179 428
76 428
432 435
321 331
274 328
130 371
74 347
205 415
408 415
241 415
349 430
271 347
223 430
261 430
288 347
25 206
72 394
72 296
138 412
47 412
32 91
73 270
161 270
17 237
32 237
111 237
51 237
92 201
181 201
183 201
375 441
238 441
42 309
303 314
176 314
71 235
120 235
146 235
114 192
114 391
114 429
345 444
333 444
104 140
263 426
172 367
267 410
23 299
43 427
63 306
101 426
78 379
155 306
348 449
254 325
207 449
8 112
257 410
149 325
45 427
330 426
53 299
152 367
266 449
103 325
70 112
221 306
253 410
160 379
269 379
15 89
335 427
56 251
87 251
169 173
55 173
5 60
193 312
148 327
22 301
123 256
57 285
57 389
57 273
57 215
6 220
73 247
296 428
289 436
167 436
212 431
315 431
206 246
206 282
95 316
171 448
308 412
91 151
91 268
252 281
97 281
14 270
270 286
100 354
41 373
11 295
67 133
100 133
37 59
136 295
114 445
107 381
88 384
31 132
124 210
19 401
19 323
19 218
326 376
40 110
40 307
283 371
283 438
40 239
283 304
31 135
31 380
39 62
124 432
39 418
39 213
88 411
124 338
326 409
298 390
206 298
48 171
41 99
327 441
232 259
9 12
236 276
61 255
102 134
117 272
243 276
125 339
81 134
33 439
17 65
128 313
96 255
108 158
49 85
52 158
280 287
424 439
4 82
381 433
217 309
309 419
139 346
159 314
235 416
114 347
113 143
50 305
6 121
131 178
18 94
83 187
145 399
13 28
140 356
140 344
118 140
299 355
112 200
251 345
180 381
206 292
0 298
173 395
60 123
60 159
60 447
72 208
201 292
316 352
312 378
273 312
292 326
301 397
301 443
122 435
122 302
107 428
171 374
95 275
256 372
1 118
1 38
1 127
175 333
88 148
124 148
119 274
119 361
298 301
62 420
281 442
93 362
21 80
93 137
21 249
21 66
93 115
237 343
36 381
292 366
59 217
295 297
133 227
180 310
90 171
72 295
40 244
39 382
180 372
48 195
142 171
99 321
326 412
230 434
259 294
180 270
293 381
82 194
82 364
272 318
65 387
12 174
85 446
65 413
276 320
134 184
255 370
192 203
287 331
313 383
339 406
196 365
203 224
203 353
158 168
144 337
68 225
346 393
72 144
75 129
75 328
48 88
180 283
171 258
7 329
143 240
94 156
178 351
121 198
54 166
305 437
20 369
28 392
7 14
342 407
399 403
94 317
86 130
86 234
86 265
187 324
178 279
28 98
399 414
305 396
54 319
7 402
342 425
187 202
35 162
143 359
121 405
26 148
89 185
90 114
248 314
173 185
26 189
57 334
57 116
420 421
334 430
336 350
64 308
148 431
39 157
248 426
358 385
170 421
189 357
258 444
21 107
214 298
189 233
148 259
231 363
40 190
354 415
142 422
95 133
248 322
250 366
164 278
292 417
259 278
189 388
189 400
85 195
439 440
12 433
68 448
24 95
31 59
95 439
284 377
91 222
35 382
342 343
20 126
20 244
247 367
226 350
19 164
48 196
10 275
140 233
150 441
54 248
143 248
48 399
31 182
0 134
16 126
2 440
163 410
119 190
199 283
88 404
44 357
388 449
290 306
325 423
367 423
46 379
341 427
28 334
116 290
46 352
1 340
44 163
196 220
105 251
106 250
219 250
388 436
262 352
339 373
142 272
93 182
175 260
276 363
264 431
119 360
24 341
158 290
94 150
46 313
255 400
178 222
187 258
284 305
165 287
