13.942240
1
45
3
490812
99 149
34 145
13 93
7 118
131 135
76 116
92 165
49 144
53 77
93 138
91 138
34 84
78 105
2 84
136 153
145 153
24 37
26 105
8 37
67 106
108 170
45 81
68 106
14 168
49 51
32 170
4 143
28 63
28 141
28 65
4 114
4 179
132 138
23 173
9 146
131 173
165 173
64 128
90 128
40 128
126 162
14 162
96 162
76 119
118 119
86 119
98 163
47 54
7 54
59 111
149 172
87 133
18 161
94 124
19 36
107 163
100 163
39 111
52 172
109 124
129 161
105 142
37 79
84 92
51 110
15 134
51 116
81 178
35 56
134 146
87 104
64 104
17 151
25 127
22 71
10 41
55 152
72 151
0 41
50 152
13 43
54 57
133 144
124 135
36 53
123 166
81 156
106 158
170 175
152 167
41 121
33 61
71 122
127 147
151 157
112 130
43 115
5 154
58 176
1 85
1 101
58 66
44 113
5 159
5 82
44 123
58 75
48 97
80 103
80 140
6 35
29 73
29 69
6 30
48 171
6 77
1 11
9 164
59 150
86 88
3 16
2 31
112 169
43 177
44 175
80 174
11 102
70 117
142 148
16 70
74 132
4 84
28 105
4 46
148 174
117 177
88 156
31 169
42 158
83 168
28 166
46 170
15 56
12 51
12 60
60 162
4 38
27 153
28 89
138 139
60 172
56 161
81 120
21 60
27 146
37 38
15 20
104 170
58 83
104 106
15 137
46 151
33 56
12 71
12 43
95 106
102 138
119 160
89 111
139 163
48 166
95 152
125 137
41 125
125 127
153 155
29 95
5 160
15 62
