9.504527
1
43
6
417826
51 88
9 95
63 193
93 128
47 164
13 20
49 59
60 121
42 94
104 134
89 134
22 134
40 134
142 174
146 149
14 181
156 181
153 181
7 188
77 188
1 188
13 53
97 113
51 113
3 43
64 72
179 198
195 198
49 139
95 166
130 139
114 166
20 28
63 141
0 141
37 45
30 45
61 141
156 182
70 92
30 92
65 162
93 162
73 150
109 150
41 150
29 119
94 115
121 140
94 171
48 94
59 98
100 167
37 167
17 84
23 62
16 18
52 106
80 106
23 91
153 169
68 181
121 145
97 123
12 96
20 38
108 188
105 191
105 173
105 146
71 113
40 136
36 136
82 99
20 121
43 142
72 122
43 81
43 44
116 198
28 166
45 183
100 148
82 126
42 55
112 182
92 164
92 138
81 162
38 192
10 101
5 27
50 102
24 56
21 101
47 86
119 196
59 186
121 170
59 74
94 152
76 84
66 128
66 197
18 34
84 112
58 76
91 165
91 184
123 151
96 147
111 135
123 180
111 129
54 177
26 54
54 79
38 131
105 181
136 194
99 108
72 192
20 84
8 57
8 85
8 11
141 181
168 175
183 199
118 148
38 103
20 136
113 131
27 168
90 118
90 176
56 190
27 48
127 149
102 159
86 88
59 62
6 94
32 158
2 160
2 9
33 133
2 189
32 83
33 174
120 181
96 110
103 187
18 87
38 78
53 143
96 144
6 105
4 71
46 68
15 26
117 193
113 157
45 62
67 198
182 185
67 166
162 185
69 143
54 131
161 188
150 169
20 178
127 144
86 87
19 120
32 170
31 116
72 161
38 75
125 185
105 155
154 167
107 157
43 137
69 132
124 141
56 131
101 131
39 186
25 74
78 111
8 103
106 175
119 155
72 172
163 182
102 137
35 101
