17.307791
1
51
8
482346
3 68
4 146
12 58
46 58
150 163
54 163
141 163
172 193
123 193
96 193
146 188
0 188
27 188
59 130
172 198
148 166
148 191
136 191
112 191
51 115
40 115
29 115
65 111
17 111
87 134
101 134
54 134
36 108
41 108
42 108
59 145
5 145
51 145
43 196
98 196
31 103
44 103
26 90
48 90
61 90
45 94
23 156
53 82
4 82
17 78
131 151
67 151
14 73
68 73
44 49
10 33
11 33
181 193
75 135
22 28
10 28
13 57
89 161
89 133
89 135
83 111
81 117
3 20
16 93
15 80
34 95
105 158
84 113
76 158
165 174
119 127
66 124
7 95
35 80
19 113
23 52
122 196
103 107
65 70
58 64
39 100
106 186
39 199
100 170
58 125
94 153
82 130
32 154
58 168
73 106
151 187
2 188
24 85
24 88
49 86
49 69
89 182
33 74
79 181
79 195
79 83
79 129
28 32
58 120
57 75
89 159
160 191
170 196
116 145
153 168
91 162
115 152
20 176
91 170
93 169
18 183
93 178
18 190
120 122
103 118
47 163
158 180
80 157
113 149
127 137
95 179
124 138
174 184
38 198
52 143
52 189
8 89
8 111
1 134
103 197
70 99
70 166
47 193
1 108
62 114
55 109
55 142
60 104
60 128
60 97
6 175
62 177
63 72
63 71
37 167
6 30
37 171
37 140
6 110
62 147
63 92
111 164
39 78
82 170
108 144
90 155
116 186
91 121
24 170
39 197
39 132
90 126
64 151
73 185
9 156
57 173
33 56
125 156
28 64
64 194
94 192
126 156
117 185
50 103
25 33
77 91
94 102
63 162
154 174
21 155
124 132
127 159
125 158
113 125
37 116
139 192
25 60
21 93
18 120
80 102
62 102
6 21
50 95
55 139
