12.551337
1
31
15
1062234
5 55
27 115
11 115
27 56
92 103
20 96
40 47
33 47
5 47
4 96
84 103
23 39
30 39
34 39
24 62
55 62
18 81
111 114
46 114
41 81
25 81
48 114
29 93
10 93
8 107
58 107
1 43
3 78
64 78
10 51
51 115
7 68
56 68
39 66
83 97
51 81
35 72
75 115
33 42
94 96
7 60
9 19
15 19
57 71
22 71
45 66
45 78
63 103
62 86
47 87
45 51
17 103
2 114
91 96
66 107
93 118
54 107
91 93
45 85
21 89
26 45
43 85
43 88
43 106
43 63
107 117
0 66
51 72
67 97
67 75
13 97
66 95
31 54
54 101
54 105
45 98
68 90
79 118
97 109
2 68
50 65
50 80
72 104
72 73
32 79
70 119
12 31
54 116
31 36
6 31
50 95
36 49
6 82
0 69
0 28
14 100
36 110
14 37
6 77
0 16
6 112
14 108
36 44
26 70
12 87
38 42
71 119
53 60
53 59
54 99
19 76
71 113
14 91
32 74
38 61
38 52
17 19
89 119
89 102
