58.606386
1
135
8
206059
98 177
249 257
68 301
111 301
91 301
381 417
267 417
98 417
74 417
65 206
8 324
296 380
105 405
104 397
136 436
368 438
403 447
166 396
158 396
296 396
262 447
381 447
257 349
64 349
156 349
280 334
115 165
49 369
126 345
62 413
97 165
316 345
265 389
168 354
251 317
83 299
326 401
133 418
319 354
333 361
76 345
10 334
331 375
52 312
344 435
341 428
278 299
190 435
255 334
227 425
193 389
92 361
75 401
307 435
368 375
153 414
152 299
234 389
26 312
127 428
128 414
390 425
376 418
274 367
247 317
394 401
358 369
277 312
256 414
162 165
271 428
217 413
5 367
114 367
129 317
207 361
95 413
279 425
328 354
302 369
182 418
14 221
215 221
252 420
105 420
240 322
283 322
56 322
119 143
117 143
169 359
0 99
245 359
14 143
177 359
205 248
20 99
96 99
81 248
122 248
91 163
87 212
301 382
301 400
327 360
15 372
72 85
112 343
108 232
157 232
65 191
69 191
38 164
68 164
410 442
93 284
439 440
370 423
264 402
104 146
220 402
45 146
198 340
192 340
218 229
136 229
198 346
63 86
18 138
32 260
306 395
101 395
2 70
135 189
54 110
188 210
39 233
140 226
60 238
40 313
37 73
51 185
36 116
167 246
53 78
6 161
107 348
230 383
43 145
77 290
330 348
22 145
148 378
214 288
7 383
3 42
155 378
144 290
239 288
9 199
130 211
13 34
249 357
8 106
375 380
418 438
221 421
46 258
79 351
79 125
46 353
46 405
12 47
79 84
99 134
143 399
163 172
163 236
212 342
47 360
360 404
300 396
372 427
372 397
303 430
174 268
174 336
174 393
85 443
343 355
134 343
232 303
12 435
388 417
164 178
191 338
221 322
146 432
340 441
229 446
138 370
260 284
138 356
260 281
86 440
86 88
82 301
12 243
70 261
246 291
210 350
238 411
110 332
73 194
238 242
116 222
233 315
233 266
189 374
185 385
4 180
189 335
313 408
226 329
246 311
110 224
226 273
116 150
161 237
73 183
210 289
78 141
78 371
161 409
185 325
4 113
383 391
348 407
378 422
42 275
290 445
145 373
288 363
367 430
369 430
199 294
259 359
102 103
211 439
211 305
34 93
34 35
269 322
357 416
357 436
28 438
19 410
66 324
66 208
19 423
66 323
19 196
48 433
160 263
24 55
11 186
160 309
1 387
31 200
228 337
272 449
30 176
219 304
219 364
1 235
170 187
58 173
170 223
29 139
106 424
106 179
272 352
11 295
219 434
1 175
24 437
58 298
11 151
41 67
17 27
33 253
16 241
61 285
21 386
16 80
24 44
170 254
48 118
33 444
61 181
17 50
21 314
228 429
29 442
30 131
21 310
201 415
201 320
201 206
16 347
48 123
29 250
31 90
33 213
30 366
228 231
272 318
160 339
31 297
58 202
61 120
17 124
41 377
41 412
29 438
85 259
25 413
221 426
269 360
221 388
276 299
334 431
248 286
79 184
46 365
57 428
398 414
209 243
243 346
287 447
269 448
308 420
149 292
59 349
59 425
165 293
197 401
293 361
293 312
195 345
94 354
195 389
132 317
248 321
359 362
226 259
79 419
110 259
147 420
212 362
102 300
149 398
57 149
25 99
28 259
46 102
109 149
163 276
300 392
201 300
85 184
12 41
243 293
12 170
171 243
212 431
109 143
71 349
70 286
174 308
210 286
219 269
402 426
100 286
147 164
154 340
70 137
86 154
313 321
225 232
132 372
392 430
21 430
209 216
59 343
25 204
23 203
23 448
4 346
154 204
121 209
4 379
159 191
199 365
142 292
203 270
132 203
402 406
89 209
100 142
161 276
109 260
292 384
348 419
146 282
147 246
16 379
102 395
73 406
185 398
66 154
42 244
225 233
109 288
116 287
78 159
171 189
11 419
171 238
1 431
89 244
121 195
132 383
197 378
145 195
82 290
94 384
28 197
31 244
17 57
61 270
33 270
159 228
94 272
58 94
24 197
160 282
30 282
48 171
