29.969048
1
77
12
82719
33 251
226 252
45 111
89 221
23 114
37 49
81 207
191 275
83 112
11 241
111 246
11 246
208 246
10 229
8 229
114 229
232 298
138 298
21 298
142 298
70 253
65 253
248 253
50 67
65 67
44 67
84 290
12 290
241 280
182 280
62 280
28 290
227 284
112 195
61 195
176 284
81 159
97 159
60 272
52 272
32 272
256 284
129 195
103 159
15 178
15 160
15 265
132 266
132 249
132 286
101 187
110 202
48 247
187 234
187 293
55 132
48 99
48 193
110 166
158 247
86 158
136 294
273 294
230 294
89 274
274 295
249 274
63 238
19 63
63 88
39 63
2 257
0 257
23 297
142 297
125 297
214 235
52 235
126 144
33 278
217 278
263 275
239 263
59 263
84 263
7 35
35 204
35 252
35 251
47 199
199 209
140 199
94 270
270 289
214 270
220 242
6 242
269 285
173 269
269 292
140 192
9 157
157 240
79 157
64 164
164 170
162 200
123 162
14 164
49 162
164 181
162 238
137 236
74 228
191 228
228 237
38 201
124 201
93 115
115 161
115 127
146 167
167 168
82 167
25 58
3 78
78 208
25 28
25 120
25 165
78 243
78 288
184 209
182 184
30 282
30 203
30 169
218 283
105 264
105 212
93 105
172 216
216 218
53 186
41 53
53 137
67 151
20 86
20 119
20 231
98 267
85 91
91 260
75 102
4 51
91 259
29 207
102 122
98 225
31 66
4 185
56 271
116 133
14 116
29 198
102 104
16 98
116 268
13 17
31 40
31 83
56 245
17 143
29 131
17 210
67 297
223 279
36 109
147 215
215 222
156 215
68 113
72 150
7 153
45 69
69 100
77 117
153 189
153 221
117 145
68 126
80 193
72 213
69 287
39 72
80 288
57 68
109 175
107 223
34 223
106 141
37 106
106 121
87 282
151 195
246 262
90 211
90 226
22 188
71 108
54 139
27 163
27 46
22 118
22 205
27 276
71 261
43 134
18 42
18 180
71 73
18 197
54 206
43 155
54 177
43 224
229 262
144 280
253 255
67 179
15 187
132 183
110 151
95 187
63 158
148 298
194 290
48 235
110 190
190 294
158 244
151 269
92 183
92 151
1 159
96 183
95 201
95 130
154 294
135 144
272 296
201 235
144 167
233 284
26 278
15 283
95 152
254 257
24 194
24 76
1 15
196 297
270 281
26 157
76 244
149 277
171 192
250 277
152 242
116 144
257 299
109 183
158 215
149 192
128 130
48 258
71 95
263 299
174 242
115 250
35 233
5 192
199 219
4 96
30 291
56 194
255 291
91 154
87 236
102 250
18 194
5 17
98 219
5 223
1 43
117 296
27 299
22 148
54 258
