26.704762
1
79
8
67842
92 261
143 246
251 340
124 132
263 349
99 344
178 290
34 97
224 267
18 337
150 154
51 145
76 305
113 316
53 131
173 264
55 192
55 105
53 55
55 155
55 140
263 277
126 277
239 277
80 277
59 173
13 176
63 342
201 342
104 342
163 319
132 319
252 319
47 319
85 231
129 231
91 231
147 231
290 348
295 326
72 326
78 348
51 348
220 326
171 294
17 171
131 171
260 274
260 261
76 260
147 241
35 241
145 211
109 241
202 211
199 345
33 345
273 345
151 345
61 349
61 291
47 61
61 98
26 329
5 329
189 329
65 302
65 187
136 284
114 136
136 279
172 219
68 219
82 219
246 254
6 254
48 254
142 240
81 240
175 240
54 162
162 194
162 182
50 270
11 248
103 248
165 248
86 185
226 228
197 228
164 228
228 337
104 269
29 269
77 269
269 278
269 314
72 298
38 218
38 77
38 102
24 294
38 214
24 113
24 217
89 134
134 213
134 293
115 134
161 333
52 304
99 304
23 304
166 301
306 339
222 293
184 262
325 343
124 227
191 325
36 301
186 200
204 222
49 222
90 238
158 200
121 227
227 270
114 339
119 301
117 262
0 238
56 262
169 339
235 325
141 200
107 215
107 151
107 230
32 107
138 256
256 302
20 256
183 256
174 225
79 174
21 174
55 260
190 221
69 178
18 69
221 278
37 257
87 210
87 235
153 198
83 153
153 176
87 207
153 253
40 87
62 340
60 62
62 226
170 285
139 170
154 170
85 170
286 295
286 309
27 286
332 335
155 286
299 312
82 312
129 289
138 289
97 308
308 331
292 308
88 299
10 88
88 143
16 208
39 206
102 116
116 233
16 92
16 249
58 205
116 239
58 315
58 242
16 336
39 276
39 288
39 338
116 234
307 323
198 307
34 307
37 108
108 327
108 318
96 341
224 229
229 297
229 313
265 271
265 347
247 287
22 265
15 208
9 346
15 203
160 245
15 185
7 317
9 267
223 320
247 288
8 74
160 180
2 110
223 244
9 230
2 96
67 75
67 177
74 112
111 259
7 168
7 163
111 150
2 101
111 137
12 223
74 212
247 251
160 300
28 67
14 192
73 144
217 258
130 188
159 311
159 328
149 282
64 332
14 46
268 291
144 303
3 149
66 93
268 316
128 149
84 268
1 144
64 161
70 130
93 236
258 272
26 100
59 65
95 344
95 179
45 95
4 44
94 196
94 193
4 216
4 181
94 324
118 194
127 181
133 311
17 135
135 204
146 313
46 133
167 279
277 330
25 59
59 174
13 283
25 326
59 156
237 343
55 281
13 116
148 219
152 342
232 348
62 345
248 298
240 275
55 122
136 243
41 245
41 142
86 120
42 228
152 345
58 61
71 254
31 329
57 211
13 100
50 310
162 195
71 248
231 296
55 237
238 257
123 275
170 275
335 339
59 321
71 333
25 280
209 333
241 266
31 262
118 171
106 243
123 255
106 257
24 341
125 232
65 127
38 334
162 322
19 304
120 250
200 266
43 301
43 256
265 335
93 257
19 156
30 125
130 195
71 94
157 280
30 74
223 250
67 281
144 296
149 334
