1.882322
26
18
43501
153830
86 116
34 65
27 88
76 113
25 107
37 56
42 106
32 116
64 65
67 103
43 99
9 65
9 92
44 65
54 97
5 97
50 105
2 77
36 77
69 77
40 103
77 80
102 109
3 102
75 102
13 102
72 115
101 115
25 115
5 45
66 73
73 113
5 73
16 64
16 42
97 115
68 92
44 73
68 105
77 81
71 82
60 82
82 95
29 69
29 59
78 102
15 82
81 82
41 106
34 87
3 41
71 79
30 45
40 58
24 74
12 60
59 93
110 111
97 110
58 82
17 18
17 65
93 94
33 78
14 27
1 30
61 111
38 61
84 115
46 116
0 10
10 99
10 95
14 15
47 66
47 80
53 72
8 114
43 96
96 116
11 38
23 107
44 117
24 46
18 28
12 114
70 108
100 108
108 118
44 108
75 112
20 109
7 98
23 98
22 37
55 72
55 119
22 30
31 90
31 100
21 63
21 90
4 59
56 85
85 91
4 19
6 89
6 62
6 119
48 104
48 77
35 52
35 83
35 74
39 49
39 76
51 57
26 51
19 51
