10.966667
1
26
2
283411
53 74
7 25
49 89
35 89
63 89
7 89
29 85
11 85
73 85
3 19
24 72
1 94
0 1
24 31
27 61
19 24
27 28
26 72
26 53
26 38
1 34
8 26
5 14
24 52
14 22
14 40
15 27
97 98
60 98
51 92
93 98
54 92
9 92
20 84
10 90
25 84
36 48
74 80
44 48
49 68
39 48
54 67
68 96
64 68
56 90
62 80
63 67
23 90
50 57
6 69
69 75
42 50
86 91
4 50
91 95
21 91
87 99
55 77
16 55
41 66
41 47
46 65
46 78
55 71
13 43
2 46
13 76
17 41
13 38
12 37
12 70
12 79
20 59
33 78
59 97
14 85
3 27
27 32
83 89
3 98
58 85
1 67
3 88
24 87
14 45
32 90
1 58
32 91
32 50
81 92
67 69
18 83
30 45
48 82
46 81
30 82
12 45
41 58
55 82
