12.400000
1
73
42026
58399
211 288
155 248
228 248
147 255
211 316
181 291
205 240
89 332
214 234
83 134
96 218
166 282
91 189
219 258
273 332
146 313
68 248
175 317
233 311
237 312
300 339
4 17
55 218
227 317
169 280
131 301
150 215
333 341
23 180
316 331
60 234
311 335
105 323
114 230
27 230
132 230
69 225
26 336
152 218
197 302
185 319
157 280
204 288
288 292
272 342
281 302
107 180
135 164
156 180
137 164
139 319
166 332
258 294
34 313
219 337
135 285
46 317
23 60
80 320
52 320
11 262
136 209
107 336
304 337
300 312
195 308
228 273
246 285
143 274
31 302
76 301
176 324
14 68
27 341
143 342
267 341
295 320
139 142
32 280
98 102
3 308
99 301
184 227
22 313
265 312
71 324
57 215
112 302
129 291
164 207
9 12
221 324
48 209
170 234
194 342
158 203
91 262
4 285
210 323
93 287
14 287
213 258
111 209
181 309
24 332
178 314
159 279
279 290
26 279
5 269
269 298
113 269
154 323
10 230
284 335
74 284
154 313
10 214
10 203
63 230
285 340
9 15
206 298
29 206
35 115
206 336
15 225
115 317
11 206
90 133
115 331
287 305
63 191
164 266
101 266
191 208
224 345
6 236
187 318
34 236
341 345
236 262
144 235
112 250
45 187
35 187
127 250
149 260
250 299
141 260
250 312
33 187
10 266
84 272
69 84
84 323
180 263
248 263
103 345
73 236
79 320
53 251
53 204
79 269
207 326
144 260
187 263
162 249
67 301
67 323
66 67
331 346
90 346
120 218
171 257
257 259
188 257
196 338
189 196
177 196
16 184
16 256
43 296
101 349
233 253
29 165
6 43
194 217
153 215
145 315
224 315
75 349
264 324
253 299
41 253
210 253
86 253
16 330
319 328
265 328
229 343
229 251
128 229
88 229
106 186
57 186
21 321
21 303
21 92
17 21
150 222
222 280
88 222
183 258
12 167
167 200
47 215
103 183
8 305
254 262
119 329
20 329
270 343
51 202
243 342
161 263
47 260
151 304
151 259
28 257
30 279
226 303
193 287
199 249
75 199
182 332
160 193
70 269
301 344
62 70
168 285
241 330
7 169
7 221
162 202
28 329
120 202
42 227
13 120
61 235
19 332
192 239
160 293
163 218
64 163
50 182
25 241
56 102
56 256
133 307
174 230
239 257
59 280
30 232
117 138
1 18
18 119
18 38
18 77
85 291
85 159
81 134
124 213
81 104
81 142
81 255
0 274
0 245
124 126
124 125
0 252
54 173
117 329
82 148
1 82
82 116
123 308
123 347
98 108
108 223
108 216
121 247
73 121
54 196
40 198
40 62
83 212
212 275
212 347
95 282
95 314
39 90
39 310
110 172
110 261
72 278
242 325
242 348
94 242
72 297
87 110
220 277
36 277
36 147
32 179
179 327
179 205
130 190
268 322
97 268
201 268
49 209
49 287
231 238
238 244
101 238
122 291
122 334
78 250
58 271
58 173
130 196
65 334
65 306
37 44
44 276
44 191
109 198
109 289
2 118
118 283
140 319
118 240
100 190
100 286
59 268
72 220
78 242
110 140
