9.320536
1
63
6
231073
57 80
0 22
161 275
26 114
68 170
61 97
65 97
193 292
94 213
40 67
60 261
24 261
62 261
100 156
56 156
153 156
47 103
96 247
186 247
24 172
26 172
121 168
75 246
44 246
126 171
80 171
144 171
219 256
10 274
161 274
105 224
173 224
163 233
69 233
74 233
51 142
4 98
74 98
174 293
22 204
64 137
5 30
69 137
78 204
121 285
37 285
251 270
175 242
154 175
81 170
97 147
185 222
169 262
140 262
203 291
203 240
203 220
2 108
67 213
33 41
33 148
124 298
264 298
143 180
126 277
96 145
183 209
76 229
14 250
14 125
14 282
95 184
82 190
194 266
21 266
25 38
95 249
199 260
37 278
49 249
43 266
32 190
155 255
235 260
181 278
93 190
0 110
173 176
158 187
36 103
28 59
54 81
28 36
236 247
172 193
172 195
58 192
1 23
17 88
1 7
188 246
229 256
233 292
98 287
204 231
137 227
137 164
137 238
7 87
87 200
87 191
111 198
227 270
68 117
158 289
143 150
93 136
170 294
14 130
48 268
48 66
11 91
13 206
119 206
159 230
57 63
108 129
73 79
182 205
179 180
195 298
180 196
249 265
110 178
76 244
115 122
115 188
42 107
248 281
18 232
187 257
42 202
102 130
28 272
54 244
28 67
16 159
16 90
98 170
102 221
1 272
254 280
102 197
139 223
4 113
100 123
2 201
203 204
111 226
175 276
130 277
46 175
76 246
130 133
48 151
87 106
33 48
71 114
9 218
92 94
112 259
206 239
91 269
71 258
63 215
263 299
79 141
79 275
156 285
160 175
205 228
29 288
29 50
54 293
168 254
53 170
1 254
209 221
38 197
85 130
27 97
138 175
67 128
53 203
248 280
187 283
39 279
253 294
18 208
176 244
106 298
106 190
106 255
222 254
97 146
54 180
103 165
28 133
16 214
102 108
54 266
39 103
201 236
104 179
123 154
171 296
48 55
97 166
217 244
216 244
17 298
79 130
207 283
8 208
17 101
45 254
33 166
149 276
14 134
120 246
55 277
184 224
106 127
72 142
30 145
35 271
91 279
92 245
112 212
42 55
70 142
106 290
205 237
295 296
19 293
211 277
45 72
101 241
170 210
8 142
152 211
211 260
30 207
19 262
35 102
203 297
203 243
113 212
99 226
162 245
89 151
12 271
189 214
167 237
224 273
67 132
67 157
33 52
33 177
83 111
76 135
14 118
77 261
167 261
103 225
15 103
63 230
28 86
9 72
83 295
17 31
1 84
142 252
20 30
204 267
29 253
109 111
116 270
192 273
34 262
230 234
131 296
3 127
278 286
263 290
6 253
3 206
85 223
192 284
