15.002015
1
67
4
251858
45 57
246 262
20 216
130 152
144 255
212 280
16 280
132 160
39 192
21 196
51 111
34 111
4 111
75 104
45 70
209 275
265 275
246 287
118 255
67 128
65 128
12 164
122 201
193 201
80 201
56 201
280 284
278 280
54 134
160 251
196 243
144 172
34 172
126 172
41 172
77 227
66 227
15 230
135 230
111 234
104 215
21 231
88 231
16 187
50 83
70 180
70 216
107 269
185 269
108 163
220 247
68 163
57 163
197 247
245 269
140 247
154 156
23 156
121 176
115 116
7 195
14 116
212 217
250 295
35 295
60 217
1 195
67 217
219 291
107 291
101 291
5 116
113 287
178 287
134 164
148 191
128 159
128 296
33 158
108 147
98 149
98 294
98 165
160 211
86 171
93 171
43 173
43 130
192 210
110 227
102 142
102 297
8 207
8 127
8 277
82 248
205 230
50 89
104 151
104 235
123 259
4 259
9 298
39 249
2 249
62 283
91 259
23 138
20 226
133 298
10 226
80 226
155 247
176 238
105 195
13 189
150 189
158 257
79 118
147 200
79 155
79 113
114 228
158 205
114 258
98 240
90 263
90 252
27 44
27 95
27 223
90 117
54 280
171 175
43 206
186 292
48 146
6 224
63 170
38 170
66 157
49 87
81 146
99 266
38 145
30 299
86 266
213 285
143 274
63 71
286 299
194 266
227 288
102 292
102 131
8 264
159 248
248 270
248 267
89 225
89 290
103 221
69 125
29 40
83 235
236 298
120 138
243 283
36 59
54 104
156 288
176 254
18 153
64 74
28 32
147 151
147 240
158 254
104 275
224 262
145 282
274 278
71 237
160 241
160 260
139 188
3 148
221 279
58 105
3 42
40 256
125 179
221 268
139 152
58 222
139 202
58 232
176 255
37 55
37 136
52 183
37 109
52 141
192 230
70 241
85 236
46 92
32 271
46 120
153 239
74 204
32 110
160 176
54 295
164 186
28 244
62 94
132 261
196 247
8 191
170 206
157 242
27 160
114 196
43 241
17 280
150 168
53 131
53 203
125 190
59 264
19 174
52 214
8 102
166 196
25 201
73 196
153 242
106 241
149 169
95 198
173 253
24 255
116 230
84 128
90 260
47 231
163 269
47 156
137 192
192 266
31 186
85 255
111 229
97 192
87 191
272 275
73 195
26 164
0 178
128 208
124 186
43 289
241 299
191 199
22 287
78 203
174 181
11 214
61 211
96 190
167 260
83 182
0 181
37 47
111 168
31 221
40 84
104 184
161 164
162 191
164 281
24 233
146 276
129 260
119 241
167 276
125 208
22 285
100 187
52 208
74 276
156 273
72 217
218 291
76 166
17 112
40 177
3 293
