2.194743
1
27
99553
633951
24 104
62 135
27 58
55 58
58 126
22 58
124 135
23 99
92 126
13 99
92 135
46 120
80 113
90 113
95 120
0 113
0 26
55 120
69 122
43 122
58 89
18 123
126 136
128 136
50 112
61 120
96 104
115 120
58 131
54 107
22 47
9 47
112 119
26 36
56 97
2 81
78 83
58 83
11 104
91 122
24 94
96 112
4 94
15 112
93 132
108 132
39 132
57 123
36 112
6 119
67 113
59 74
8 65
47 110
5 110
37 135
26 37
57 136
19 122
59 107
5 81
4 70
97 110
65 125
107 131
8 97
34 107
8 139
8 91
38 82
61 127
82 115
8 33
89 98
34 77
3 97
41 90
17 139
64 127
29 112
30 38
73 128
20 59
49 125
48 99
3 75
16 42
3 52
47 72
52 60
25 65
66 75
72 132
1 77
117 123
12 33
3 42
48 66
31 70
7 58
63 132
53 99
58 106
58 121
9 133
10 122
76 122
14 136
2 45
86 110
8 32
35 65
107 134
88 107
5 85
17 84
49 100
30 68
20 103
29 51
98 102
2 118
2 137
65 79
65 138
47 129
5 71
5 114
17 109
17 28
52 101
25 111
12 116
12 40
1 21
31 44
42 130
42 87
63 105
