-1.384436
19
15
109355
772911
32 73
14 73
30 73
9 55
49 91
65 87
86 97
9 69
45 69
45 66
15 77
1 58
59 98
48 91
48 97
20 69
31 76
55 98
20 29
20 27
43 48
32 95
20 88
21 73
48 57
20 77
0 91
20 94
91 99
48 70
54 97
20 37
37 48
76 89
48 78
17 80
44 91
42 48
47 97
61 91
8 12
56 87
48 85
2 99
12 92
0 58
53 97
70 87
64 80
8 66
6 43
4 27
20 51
16 91
31 44
10 58
4 28
3 28
12 72
39 76
25 29
17 72
36 92
10 82
19 53
8 35
18 36
2 33
21 54
50 87
22 97
11 69
7 94
5 21
34 56
42 46
22 38
55 67
23 87
8 41
47 52
6 81
3 13
61 75
18 93
78 84
35 96
5 79
11 24
50 71
34 74
25 63
25 60
16 83
5 26
51 68
7 40
46 90
38 62
