18.464286
1
56
26744
92100
191 234
67 127
62 176
50 234
93 139
163 200
13 233
21 127
29 194
40 192
68 199
26 127
8 154
139 237
157 224
21 242
18 124
43 99
38 120
124 189
165 170
11 165
98 165
25 99
28 233
15 147
45 217
115 122
167 194
184 225
35 191
77 146
150 153
17 178
171 217
163 217
57 117
62 137
88 115
69 122
111 199
46 192
209 225
214 225
108 177
38 233
60 146
42 127
153 199
147 192
10 204
59 234
3 124
17 224
206 224
169 177
37 99
170 175
177 215
131 137
97 139
65 138
181 217
128 225
34 115
65 137
132 234
10 124
142 194
57 79
11 22
203 239
53 244
92 244
24 29
73 173
40 49
54 141
33 141
94 141
107 137
187 222
107 144
133 162
0 133
50 133
8 229
212 229
106 143
70 143
180 244
83 175
71 83
83 186
83 129
95 201
102 107
160 213
102 143
22 160
55 121
110 150
110 189
35 110
83 95
49 143
23 214
23 235
55 79
146 246
193 217
165 193
83 141
218 229
1 113
107 160
7 199
158 200
182 248
182 232
182 222
168 182
74 97
137 220
220 234
116 205
79 91
27 149
149 244
26 174
64 174
174 219
32 174
15 174
174 233
24 91
73 91
140 188
47 140
113 140
140 179
161 218
5 216
5 123
5 130
5 234
96 211
82 91
194 226
124 226
42 90
155 200
155 239
78 155
74 244
203 205
103 201
96 161
158 180
139 238
115 136
136 192
14 69
14 154
82 197
175 223
9 223
1 133
114 120
114 126
20 176
20 39
23 211
16 47
208 227
85 185
48 185
185 243
12 227
227 240
75 247
75 195
75 178
2 101
101 245
75 144
156 228
4 156
90 187
52 134
61 134
134 196
66 105
105 165
105 135
76 230
104 159
104 241
51 76
6 104
76 204
76 215
151 224
19 199
221 225
27 101
86 146
86 233
44 183
109 119
36 44
56 166
41 56
56 63
44 87
109 207
107 185
72 118
118 248
118 164
30 172
81 148
127 202
99 112
80 198
231 236
125 198
58 81
172 190
145 172
236 249
81 138
198 210
84 100
100 219
100 152
31 141
79 112
49 236
23 156
103 134
104 246
89 161
109 197
19 227
31 56
151 172
44 89
198 202
