17.895238
1
60
8
91175
55 177
120 132
124 164
2 17
14 248
189 232
39 178
155 227
134 227
122 227
21 227
1 76
1 142
1 114
1 77
1 158
152 161
111 161
154 161
94 161
5 248
5 98
5 213
5 133
46 223
177 223
119 223
0 209
47 209
122 209
22 198
198 215
10 198
125 198
120 237
185 237
98 196
144 196
165 196
70 179
170 179
39 179
143 240
143 238
149 205
67 205
105 206
59 206
121 206
164 168
28 168
66 201
47 66
37 66
66 132
124 131
86 131
74 131
29 193
68 193
86 117
16 117
149 214
118 214
38 214
73 180
108 180
180 200
6 34
34 220
34 109
92 207
108 207
153 233
9 233
31 157
60 167
20 60
31 103
65 103
103 231
129 242
129 218
25 129
38 123
123 152
67 138
136 173
137 208
89 173
91 136
81 91
55 182
182 216
114 202
202 243
90 202
64 190
2 64
30 80
80 150
17 80
150 210
127 228
211 236
236 241
14 236
195 219
195 231
32 35
35 49
26 35
172 195
184 222
184 203
70 204
184 215
146 184
29 113
162 189
40 229
229 232
99 162
84 151
162 226
82 163
95 199
95 139
12 69
12 174
82 96
24 247
24 230
95 191
24 63
135 224
84 130
130 169
41 130
63 217
58 72
27 72
72 106
116 188
104 107
104 156
79 127
57 145
79 94
54 71
75 110
75 83
57 186
8 176
57 89
79 112
45 104
54 140
75 128
52 54
8 197
56 178
212 224
43 97
115 158
18 43
212 225
187 245
13 187
42 43
19 56
56 175
115 137
146 212
53 115
15 188
15 141
15 194
83 160
148 186
160 172
144 148
88 235
88 246
88 221
7 106
151 227
143 157
60 205
5 80
66 100
157 168
34 66
23 209
181 237
123 131
44 205
3 5
23 206
1 87
236 237
87 161
195 196
100 147
183 223
166 196
123 207
78 85
179 183
101 205
78 102
135 143
64 85
1 239
50 214
117 249
33 180
102 234
44 182
36 102
123 126
171 193
193 217
129 166
138 162
82 208
60 171
4 23
62 143
51 206
33 35
116 214
93 168
12 35
159 233
3 95
123 187
48 233
48 129
129 244
8 113
4 61
192 204
11 229
72 192
61 104
43 159
54 192
88 192
