0.301780
1
19
56660
755127
44 102
10 102
64 95
45 102
50 105
16 38
18 74
38 105
53 93
82 93
33 93
19 22
46 90
34 90
60 85
15 85
77 114
22 105
57 95
1 105
105 114
62 70
60 97
27 107
29 107
18 72
4 26
52 74
39 81
81 95
58 74
50 67
7 99
19 73
64 87
82 87
62 96
57 59
9 105
32 37
32 90
1 32
13 22
63 93
38 41
28 72
75 114
3 58
17 46
25 90
28 69
2 24
2 32
41 93
61 114
26 114
23 24
90 99
80 87
51 114
85 108
71 75
32 115
36 54
14 80
6 81
25 107
93 96
22 117
52 117
8 85
47 88
65 73
12 38
0 65
83 107
14 85
48 102
112 114
5 22
37 54
38 48
70 88
20 83
42 97
59 110
35 74
30 51
31 71
21 110
78 105
91 105
38 92
38 66
38 113
86 90
68 85
56 114
70 98
32 100
23 76
104 107
9 11
12 79
54 116
88 101
21 109
35 55
70 89
32 49
67 94
0 103
0 40
20 106
5 119
42 84
30 118
30 111
31 43
