31.014286
1
70
31884
109174
134 248
26 198
151 226
141 234
65 70
17 151
2 78
189 248
186 228
63 133
148 167
106 226
160 224
85 184
141 191
21 238
149 232
26 237
76 232
40 203
38 234
13 191
20 167
64 198
200 213
90 191
16 176
124 184
32 137
195 246
30 226
68 167
111 224
7 248
114 198
42 133
24 228
60 224
201 221
130 133
173 234
236 238
70 203
35 228
54 232
156 203
28 238
212 213
85 144
147 213
153 171
159 247
66 247
111 131
116 131
92 131
78 131
131 133
131 173
105 136
11 105
53 105
94 105
8 107
8 84
121 199
8 103
8 233
217 222
153 217
210 217
80 155
25 80
2 80
17 172
172 205
172 181
128 191
133 209
0 158
0 73
75 248
140 232
0 65
125 144
125 179
42 125
125 165
47 204
25 83
83 245
83 115
83 87
163 171
57 108
57 109
6 163
16 57
163 215
167 231
231 247
19 33
33 161
33 194
62 203
10 88
88 201
88 187
198 241
67 184
1 86
190 196
34 72
166 216
77 202
45 166
59 145
44 59
4 202
12 72
61 190
202 239
81 166
58 59
56 86
86 229
185 190
72 95
23 136
37 195
23 32
37 192
37 99
23 176
82 93
82 204
41 82
213 243
118 146
118 199
3 101
3 177
3 214
118 208
27 182
120 143
27 137
48 142
97 150
178 223
51 132
178 240
18 69
91 120
51 129
5 48
152 238
49 157
27 219
29 207
29 107
29 237
22 98
14 168
39 211
50 71
36 220
22 244
174 230
174 188
174 246
69 242
43 226
49 221
49 139
39 235
36 89
36 170
9 119
9 31
14 162
169 228
22 46
14 197
50 138
9 227
39 123
69 112
48 154
150 249
74 113
150 206
113 122
104 178
113 135
120 183
15 51
50 225
131 140
52 101
52 78
52 247
164 194
164 184
8 110
110 217
121 218
47 100
105 180
82 121
29 121
69 121
80 175
96 110
55 172
140 218
75 126
102 128
100 193
22 110
117 163
57 117
0 241
37 209
72 75
23 75
55 126
36 140
152 218
79 96
67 166
9 55
39 55
33 243
102 127
62 113
79 88
150 241
67 120
169 202
59 175
152 190
86 175
127 169
48 79
51 169
178 180
50 79
14 43
