20.847276
1
100
6
154759
166 191
50 225
71 254
228 229
35 423
139 343
137 316
131 264
18 327
117 286
96 257
401 421
172 436
73 256
39 365
72 174
114 215
38 215
95 215
356 386
429 437
247 249
271 292
411 438
131 438
37 282
166 282
99 159
325 378
175 381
170 180
3 374
60 112
4 112
190 381
7 180
345 381
49 112
107 374
63 374
325 433
221 383
229 355
162 433
225 308
153 308
169 355
125 383
422 433
75 383
145 308
33 144
78 165
401 415
307 354
275 354
135 415
307 351
164 351
50 354
70 393
47 393
73 354
189 351
373 415
53 434
18 242
201 245
176 346
196 242
168 242
38 346
172 434
152 346
61 155
149 403
69 441
328 441
181 441
113 397
283 397
261 287
29 52
375 394
177 289
9 76
45 394
409 448
102 223
24 223
35 379
117 311
59 311
44 151
6 151
107 121
105 121
193 333
193 260
193 400
64 194
17 398
219 274
8 274
139 314
49 335
80 111
85 322
80 98
80 182
80 321
138 187
191 405
86 391
2 338
106 338
418 438
88 202
123 235
353 435
102 124
347 419
146 445
137 435
160 303
326 419
127 300
232 406
25 300
164 318
130 303
141 406
254 318
404 445
96 115
56 406
159 263
159 320
98 159
46 291
5 205
201 248
42 248
95 101
237 243
94 171
256 282
108 292
108 246
108 413
129 378
111 426
221 226
0 90
179 355
144 436
144 150
39 270
165 236
112 256
180 365
320 351
238 393
65 356
41 119
22 199
65 410
22 58
10 244
10 247
10 167
65 231
22 310
41 290
363 403
136 155
155 157
132 155
322 397
365 393
0 89
261 416
193 210
76 87
52 79
76 154
213 358
213 298
289 418
289 334
85 261
390 448
209 448
44 443
53 430
6 408
146 217
3 211
105 380
64 297
135 184
10 256
223 294
28 218
28 133
16 372
16 350
28 370
16 284
183 238
365 394
121 357
385 392
234 395
161 259
71 185
11 255
43 148
93 100
67 259
32 255
194 272
265 274
237 281
360 371
174 277
183 256
80 140
253 416
405 423
87 187
391 437
187 257
58 158
48 66
395 405
338 424
23 30
202 343
62 268
202 304
262 421
235 276
62 271
30 124
124 178
241 363
388 419
318 402
46 344
239 256
248 267
31 81
171 323
171 428
12 366
14 258
12 57
101 126
134 227
134 195
14 19
21 208
21 387
101 228
216 256
110 256
365 435
342 365
151 420
426 446
85 381
385 415
108 438
226 265
90 341
256 301
192 365
270 440
74 444
74 286
222 389
206 389
385 448
354 396
405 439
41 302
41 344
155 266
174 394
253 441
183 385
143 215
52 186
52 330
289 340
227 447
199 309
294 399
79 382
274 385
82 261
108 245
28 269
16 336
255 285
83 264
13 299
100 252
259 364
148 412
83 129
185 280
91 431
281 368
91 136
281 407
76 378
371 417
193 262
193 432
165 397
314 449
173 179
120 279
97 369
97 109
240 249
198 359
198 384
198 429
15 316
305 386
51 97
15 327
305 427
120 214
15 212
281 365
183 378
351 441
239 361
200 273
108 398
235 253
253 278
80 329
205 313
205 250
362 438
116 282
215 248
31 392
14 269
101 186
339 367
12 266
134 324
21 324
21 253
171 253
85 251
144 194
46 82
46 188
122 242
240 295
197 415
261 430
36 433
200 426
163 165
89 385
317 388
204 209
40 51
103 390
245 314
213 315
159 349
62 207
241 415
1 394
22 239
68 314
311 315
205 207
23 41
338 403
16 315
22 442
155 220
12 207
349 374
187 213
48 52
92 132
1 151
68 414
65 301
26 354
174 296
203 215
148 336
13 140
100 367
293 302
85 259
28 243
1 391
120 361
240 332
312 329
128 261
261 377
118 335
300 335
158 445
163 331
118 348
77 278
97 378
339 348
156 346
193 376
121 425
27 65
215 352
142 330
20 313
147 332
288 449
306 340
230 397
282 337
46 84
156 303
34 393
27 419
230 406
192 371
54 76
55 394
104 379
389 398
319 435
77 224
255 296
89 233
