3.719011
16
37
10
107800
73 113
76 90
37 85
14 85
105 150
81 150
38 150
95 150
117 150
112 143
101 159
138 159
127 159
6 61
12 174
12 116
12 108
76 109
47 109
69 111
67 111
55 65
29 65
45 65
65 123
67 135
60 135
81 135
78 118
94 132
43 132
69 132
116 168
102 119
119 164
34 119
105 119
97 133
37 133
72 133
161 163
163 175
55 163
8 122
39 157
9 157
16 157
22 96
96 136
147 151
2 83
30 83
24 83
41 131
31 41
7 41
75 79
51 79
49 95
49 127
49 86
14 176
165 176
27 179
24 27
27 139
26 78
26 97
11 26
26 136
19 31
50 140
19 151
18 50
17 98
17 75
17 89
166 171
125 164
82 138
120 125
110 171
58 177
28 57
28 90
110 167
11 114
102 137
5 86
5 42
154 155
63 104
54 63
63 106
104 170
25 149
32 51
0 156
0 128
0 154
3 70
10 72
1 144
10 80
3 61
1 124
3 29
10 172
12 20
73 100
100 169
20 111
4 40
8 99
33 40
40 112
99 123
33 99
40 178
99 120
20 160
20 96
48 85
145 159
15 85
41 121
56 113
9 87
79 121
13 159
147 150
109 118
74 148
74 115
134 173
0 85
64 135
21 121
6 83
46 54
135 158
25 36
36 173
36 141
52 168
50 143
1 121
103 145
35 135
126 135
111 167
13 71
84 132
160 170
53 85
77 85
49 91
62 176
79 107
17 23
56 143
149 176
20 92
20 93
87 145
59 157
155 177
88 176
32 152
48 153
6 146
109 130
132 142
44 122
129 158
66 83
83 162
74 103
23 68
