14.896028
1
37
1
1067293
19 78
75 77
37 45
100 132
80 119
43 109
3 79
39 114
92 104
6 102
30 32
22 29
67 110
19 81
58 110
14 48
80 110
94 110
48 79
64 120
48 126
24 119
24 99
17 123
17 105
24 27
29 68
29 85
29 93
32 82
31 50
17 49
31 100
81 90
81 127
11 83
31 83
24 107
32 127
23 98
72 96
10 53
71 112
38 98
9 84
109 118
132 135
94 125
89 118
2 88
5 84
113 135
4 116
3 121
73 122
16 108
66 118
59 135
60 121
15 21
91 125
18 54
0 122
62 121
65 125
26 61
46 112
45 88
13 137
87 98
76 96
70 112
40 53
41 88
116 133
137 138
85 137
1 37
1 75
21 104
21 39
42 43
84 101
28 35
28 124
25 69
25 57
54 115
54 74
53 134
61 92
61 136
42 129
42 106
120 122
96 131
25 44
108 111
108 114
8 86
8 63
8 52
7 139
1 103
7 55
116 128
28 102
7 107
6 32
6 31
29 34
17 34
11 64
32 48
6 12
6 21
6 118
47 64
48 117
51 64
56 81
34 112
34 95
34 61
17 97
110 117
11 53
98 130
33 116
33 125
88 130
84 97
47 54
20 117
51 96
1 20
25 130
8 117
36 64
