28.600985
1
107
10
166468
61 145
212 338
129 158
219 307
145 307
197 307
108 307
16 364
362 364
342 364
222 364
15 355
73 355
273 355
361 368
197 368
328 447
228 447
54 447
19 434
303 434
72 376
234 376
150 376
26 402
212 390
29 390
87 188
55 422
171 188
338 422
75 188
29 170
171 352
130 261
244 261
117 261
5 261
268 303
48 193
62 351
313 351
244 264
164 264
68 264
291 436
386 436
379 415
281 288
286 423
177 205
291 312
54 384
42 284
75 284
184 284
17 140
13 353
95 445
58 445
142 306
16 430
181 445
94 306
229 430
208 240
45 101
69 427
389 427
236 289
26 432
15 432
117 157
382 446
205 446
51 405
309 405
146 405
139 366
235 310
114 310
123 366
42 366
66 250
158 172
91 172
124 250
105 375
61 137
5 168
77 168
206 387
13 83
38 388
271 388
14 388
226 388
21 141
116 141
71 141
107 296
21 104
191 349
195 349
350 394
129 394
52 448
60 448
423 448
346 397
266 275
80 275
37 64
182 318
122 318
80 248
114 248
105 163
199 329
17 204
198 211
199 211
39 120
103 143
4 233
65 79
74 165
288 311
98 311
84 381
19 47
239 365
356 365
24 160
45 86
50 368
314 402
60 134
113 187
407 434
115 376
33 446
242 402
128 390
121 425
133 148
33 232
2 421
2 297
2 358
85 121
85 327
85 173
85 93
2 92
85 128
147 193
193 340
113 300
344 348
156 369
1 25
315 348
14 201
8 176
351 413
264 384
261 432
277 414
104 434
175 231
57 161
375 402
33 223
284 308
140 408
159 318
373 430
152 374
3 391
101 111
3 438
101 398
240 269
101 439
152 426
240 433
89 136
89 274
89 177
89 147
89 373
210 289
174 289
101 249
152 249
3 249
296 425
296 352
261 279
132 307
366 419
196 310
430 432
216 368
172 316
137 260
23 33
168 183
308 387
284 375
83 317
347 403
247 347
230 347
33 365
125 159
349 414
2 192
143 314
279 436
111 279
394 416
331 394
310 432
102 422
390 396
92 397
275 380
64 185
64 312
64 218
0 188
163 190
22 436
180 204
204 404
43 159
22 267
209 256
299 364
211 336
120 126
249 333
70 375
27 379
143 331
193 202
211 427
63 104
2 165
159 428
233 293
233 238
79 330
211 432
70 301
119 355
11 159
83 104
375 397
203 258
63 192
165 277
125 252
311 360
127 216
185 272
272 424
325 447
7 440
12 263
7 82
12 88
12 357
23 253
23 243
44 412
44 255
23 429
44 196
44 115
366 370
310 420
365 406
7 140
216 306
278 390
187 422
193 257
67 417
67 254
153 287
153 178
67 203
153 209
353 381
250 420
326 363
189 247
20 319
260 326
112 237
20 372
326 435
160 251
112 323
189 385
6 127
6 194
132 376
159 169
256 397
294 432
86 97
284 431
33 35
78 223
193 227
134 179
134 324
241 388
202 347
258 387
200 240
89 200
76 170
138 376
220 349
241 279
81 407
32 210
109 180
159 246
301 341
28 118
28 174
140 278
337 388
63 149
32 306
3 11
120 241
144 264
3 399
392 427
162 289
169 351
137 292
76 354
12 78
157 262
152 332
31 394
280 446
148 281
148 335
240 449
85 298
152 441
369 442
176 339
348 418
9 270
25 59
135 154
215 443
300 305
300 378
201 285
20 192
46 375
100 137
387 411
36 286
18 56
18 49
36 96
36 99
221 393
141 345
140 343
213 220
83 106
276 337
40 405
90 445
220 311
231 401
35 304
34 409
246 377
34 214
161 207
35 371
53 131
35 320
246 437
161 290
231 302
53 217
34 230
395 405
265 448
78 225
64 322
0 112
231 249
248 400
41 332
347 395
41 224
6 367
167 448
27 104
151 341
265 294
79 325
10 50
90 204
155 359
233 299
53 329
110 149
233 410
155 160
155 326
215 396
25 220
79 283
359 444
160 295
30 110
245 262
47 369
18 186
162 166
86 321
221 345
30 135
9 110
18 265
176 332
30 259
221 334
166 282
298 348
343 383
161 444
