24.834670
1
109
6
130409
233 274
206 230
234 290
73 277
45 381
32 138
182 434
63 222
112 438
270 378
21 432
122 312
124 463
224 353
251 256
158 399
25 462
172 491
52 333
97 419
84 422
89 141
331 437
290 437
73 437
298 436
251 436
192 436
308 484
479 498
466 498
97 498
148 414
138 493
138 389
343 475
112 475
230 350
143 475
10 350
77 350
195 444
315 385
228 385
30 385
181 385
282 342
283 486
170 459
197 301
252 275
130 487
183 377
177 380
63 325
22 325
274 411
234 411
78 411
128 465
353 465
322 340
48 340
277 340
141 358
141 488
35 139
22 139
21 489
110 492
310 346
315 397
228 263
70 492
80 397
5 346
49 205
154 239
38 145
306 321
127 321
118 126
113 321
144 282
144 447
37 247
5 480
122 405
52 396
378 396
279 387
345 405
172 396
351 387
40 405
123 481
75 481
66 404
250 300
175 404
399 450
140 481
84 450
297 450
45 300
322 404
413 430
125 212
146 379
303 324
307 379
162 430
246 324
30 349
163 452
37 452
206 280
106 452
68 280
233 280
229 426
337 426
151 328
28 72
192 448
69 74
101 227
49 431
144 363
374 437
381 425
29 95
29 116
307 446
384 446
366 446
151 207
389 414
323 414
98 356
250 309
106 309
75 265
62 105
98 302
142 265
318 444
394 444
386 444
3 260
3 56
3 394
359 477
65 218
245 470
320 428
61 474
124 213
361 470
7 218
160 287
441 474
25 213
147 470
225 287
103 402
107 215
118 215
46 428
55 287
189 380
217 325
159 223
11 67
89 266
244 266
76 211
19 184
91 119
17 186
156 365
13 54
3 207
449 465
340 423
9 138
139 352
188 316
306 316
319 489
467 492
205 486
239 319
9 312
9 296
9 217
126 189
321 377
38 411
400 480
212 285
174 212
212 284
317 430
120 379
93 305
111 443
111 249
93 258
81 114
171 271
171 222
171 275
111 420
93 335
452 453
101 376
279 395
162 243
426 438
398 426
85 268
1 187
128 198
14 268
72 494
99 158
18 224
18 318
72 253
99 338
99 235
227 398
81 141
43 418
43 115
43 464
363 405
85 497
29 357
42 60
8 180
131 166
125 231
28 41
0 161
29 380
267 373
267 422
26 272
280 363
138 202
133 153
193 221
20 216
191 475
105 132
265 347
105 174
215 419
213 301
289 409
235 402
262 432
477 487
261 262
328 477
200 218
385 490
15 138
291 472
291 313
114 291
23 344
211 348
186 495
223 412
23 179
119 483
276 496
121 276
184 478
184 427
266 341
67 286
67 270
211 330
186 457
223 326
34 369
34 185
157 197
15 429
54 236
54 129
15 299
196 454
54 130
196 273
157 170
29 367
424 448
207 445
247 406
199 424
316 368
280 436
58 169
144 401
67 207
242 437
90 363
32 108
38 149
38 86
321 458
480 490
191 300
126 325
211 363
184 363
58 465
363 365
54 363
38 59
134 469
12 304
134 435
134 210
12 278
12 442
379 417
171 257
58 239
338 391
294 392
429 471
248 424
409 424
350 431
187 491
268 388
425 498
136 484
72 191
151 168
151 456
99 332
72 476
18 383
242 293
74 293
425 440
33 407
60 371
214 342
92 499
231 482
180 459
180 333
161 241
204 238
161 256
204 294
94 255
41 362
129 204
231 327
214 461
166 237
136 283
136 455
272 289
272 485
324 396
349 387
71 201
71 460
36 135
153 433
221 334
153 403
79 292
79 473
57 463
36 374
31 386
31 183
216 434
216 364
82 220
221 451
57 288
36 44
82 462
82 295
3 355
302 354
81 430
349 416
203 311
53 383
402 458
349 452
226 367
39 380
27 498
43 126
119 444
223 254
23 257
186 357
119 372
38 468
365 408
59 390
43 93
6 138
138 208
393 430
203 411
81 446
58 176
9 150
194 200
108 467
219 323
104 121
329 400
6 317
96 120
88 449
34 263
375 424
151 336
117 404
64 396
100 492
102 450
117 212
109 324
356 370
81 339
152 207
141 421
215 370
4 356
414 497
18 269
196 430
276 370
155 379
2 141
144 415
191 232
166 390
33 169
50 440
50 167
16 411
194 424
57 254
71 167
79 178
24 448
151 240
164 340
150 287
29 314
100 137
410 481
190 191
209 417
264 476
83 354
87 408
47 372
111 439
153 349
92 431
2 178
410 425
60 309
281 428
90 281
468 470
137 382
173 379
51 324
111 219
439 474
259 448
12 16
134 382
94 376
276 360
34 165
216 375
221 410
