45.600000
1
96
610
76543
51 236
4 35
162 287
21 259
316 319
22 214
115 265
80 238
122 239
166 274
234 313
211 298
89 236
103 287
181 338
2 240
212 287
245 321
25 274
318 333
242 295
222 274
127 179
41 346
58 336
75 302
163 307
172 338
99 293
218 341
61 313
110 298
256 341
216 238
5 214
156 264
93 259
221 264
163 216
87 259
57 321
241 265
69 293
96 214
24 336
88 236
131 346
196 269
213 299
275 287
144 346
171 338
219 336
176 313
227 307
171 346
97 249
310 321
20 341
292 293
73 265
311 319
14 108
99 103
77 238
83 307
239 298
59 302
288 302
183 319
130 264
66 232
232 314
212 232
78 266
15 266
129 266
165 266
56 282
235 282
47 282
130 208
86 208
208 279
118 208
224 295
74 224
46 224
122 209
45 209
205 209
54 131
165 339
185 339
153 339
106 285
95 285
285 299
140 226
111 226
226 344
17 137
137 335
13 137
148 247
247 253
49 247
78 247
157 191
157 303
31 157
62 306
11 62
14 62
197 328
328 333
328 348
304 318
128 304
231 304
200 309
309 327
242 309
46 76
83 322
76 321
203 255
196 203
109 203
146 267
267 291
267 331
267 342
209 266
40 215
40 264
40 52
40 240
134 340
187 201
182 201
201 323
18 102
102 230
102 179
127 143
143 337
16 143
290 302
145 219
123 296
123 330
123 159
136 286
42 52
1 94
1 108
1 27
124 214
3 287
107 126
101 342
170 244
50 136
141 195
154 206
170 220
126 188
126 243
101 105
42 263
42 92
7 82
39 265
39 307
82 194
8 170
72 84
154 270
36 154
136 228
120 141
101 251
82 262
84 119
141 268
84 261
158 246
158 184
158 249
336 347
259 347
60 346
44 97
35 44
44 138
48 213
48 276
43 48
0 30
260 272
151 308
68 147
64 139
149 199
90 254
30 326
312 349
9 151
164 178
142 199
28 30
114 150
91 151
55 312
139 297
10 178
193 254
294 345
71 147
150 301
38 294
199 202
65 260
147 217
100 260
19 139
32 150
254 317
132 312
178 329
70 294
238 248
79 338
112 169
112 269
34 112
121 340
12 121
121 252
53 186
53 113
4 53
23 293
315 341
37 180
298 325
37 67
125 332
85 133
33 281
26 135
168 236
85 192
125 225
116 210
6 152
98 177
278 319
125 250
116 273
160 283
98 237
33 189
161 313
168 274
98 233
160 305
160 204
6 207
116 334
26 173
33 320
85 174
26 229
37 198
6 117
137 226
208 322
123 282
232 278
266 278
60 282
267 328
76 280
201 339
167 271
29 167
167 280
145 247
157 290
54 347
226 300
124 304
63 309
29 290
3 271
62 300
137 289
82 322
76 170
224 258
155 167
157 223
54 248
54 324
209 257
54 168
315 339
134 143
285 325
126 134
284 322
223 267
134 158
134 175
39 104
76 85
116 322
1 290
161 203
63 277
155 343
63 84
124 154
190 284
175 343
190 254
3 147
63 178
39 260
42 81
104 161
160 290
79 141
3 98
6 190
136 168
199 347
60 294
33 300
139 248
81 151
37 289
30 257
23 150
258 312
26 248
125 161
