13.986478
1
77
4
199045
118 157
19 244
34 339
52 305
28 320
14 187
7 335
197 315
164 213
209 282
165 218
166 223
256 332
74 214
29 107
86 107
66 77
108 190
119 222
43 168
72 222
132 222
71 337
212 260
28 125
50 73
293 311
78 267
148 267
115 267
214 254
214 294
52 300
204 300
192 300
181 300
34 295
77 169
77 207
179 198
129 198
115 251
174 251
67 211
67 112
70 82
157 310
108 310
61 97
134 236
127 202
162 202
137 236
244 328
50 103
193 319
49 103
111 337
252 337
313 337
125 307
125 156
120 121
121 219
55 69
19 84
128 255
164 255
73 87
178 311
36 221
167 252
73 206
36 165
73 321
92 280
92 130
54 102
219 295
190 338
33 230
33 147
33 235
204 297
233 306
99 228
41 188
58 271
170 269
176 210
150 271
17 210
90 210
172 226
60 232
158 329
43 329
118 327
35 327
60 175
96 175
99 265
83 141
79 265
6 345
315 345
217 329
98 232
82 283
236 279
57 114
134 191
182 258
69 234
56 259
56 322
69 218
84 122
84 105
182 197
242 256
171 242
311 344
87 349
2 314
109 333
2 142
109 287
13 70
2 248
13 123
13 313
88 146
88 305
88 264
13 292
14 298
38 324
22 299
216 299
246 281
186 324
151 281
94 303
90 224
152 189
196 303
149 274
45 126
39 126
55 64
91 126
57 298
92 185
51 187
9 95
33 185
198 334
238 269
297 320
32 178
210 245
251 326
144 283
112 226
26 173
37 117
147 175
211 265
0 120
0 195
101 275
249 275
328 348
103 229
63 344
16 240
59 304
7 23
42 205
98 163
89 116
76 93
107 260
68 136
182 290
69 334
84 290
67 222
15 190
136 167
241 325
241 250
109 336
82 168
291 299
224 247
298 347
62 189
189 227
190 311
77 311
15 222
82 125
95 131
67 73
306 338
104 325
228 270
306 346
226 326
226 285
1 54
173 257
75 100
138 223
75 277
117 301
173 194
117 153
138 200
1 135
1 139
68 260
53 111
275 318
184 215
184 340
184 343
102 168
304 335
180 261
40 308
40 213
23 289
23 278
11 133
130 180
205 323
163 209
116 237
93 282
93 332
240 263
240 276
116 143
163 166
36 199
179 266
83 262
58 225
39 243
17 140
158 288
190 328
107 242
102 199
101 110
214 241
77 286
64 296
274 348
97 168
103 168
9 317
107 272
106 136
97 121
180 231
136 302
2 67
154 260
67 161
92 319
205 229
11 270
207 284
146 309
156 262
237 243
278 341
104 125
31 121
195 220
12 214
188 311
124 136
126 190
114 260
154 202
145 238
20 171
276 312
236 349
56 255
109 286
65 121
68 316
47 136
236 271
199 299
5 222
15 155
44 291
44 62
268 286
27 102
24 102
117 199
161 203
10 102
3 337
144 253
183 285
8 250
312 336
25 346
188 210
85 97
154 330
4 310
46 241
110 136
75 154
155 255
107 317
106 160
281 302
107 331
145 214
286 304
136 159
32 173
48 268
208 260
36 239
21 36
167 201
4 303
18 33
30 251
48 324
80 328
202 342
202 273
47 184
81 228
177 271
113 269
