54.397061
1
137
9
176538
25 294
40 276
61 96
54 372
223 380
209 380
67 380
178 380
125 273
157 432
87 432
201 432
157 257
397 443
7 476
334 498
366 498
133 443
236 476
179 257
372 498
54 257
419 476
132 257
190 443
286 417
102 417
208 403
78 403
162 403
102 152
178 309
67 436
356 458
163 327
241 323
237 298
86 477
273 298
351 477
38 298
109 170
32 393
8 393
21 489
276 489
208 468
188 468
76 251
22 474
165 415
9 307
206 445
387 435
269 435
116 369
420 474
93 445
49 232
378 415
13 232
322 492
192 251
272 369
172 492
125 445
260 307
171 355
337 355
451 474
161 492
122 435
53 251
328 415
3 232
259 369
270 307
240 355
153 230
135 224
15 137
128 429
290 429
391 429
148 495
154 495
112 243
356 390
34 211
25 376
194 376
281 376
118 300
109 300
373 379
55 379
89 186
37 186
182 186
172 485
50 263
117 263
320 380
128 150
308 367
42 295
288 367
167 176
173 295
126 176
229 285
55 377
111 285
264 377
58 437
332 437
4 31
17 31
61 121
188 316
294 316
28 266
223 266
6 104
79 147
127 202
97 234
114 234
227 335
169 202
99 335
249 426
279 426
262 407
405 407
72 90
18 253
123 246
64 90
46 233
84 105
98 160
490 498
400 443
303 476
40 142
20 142
256 417
163 197
51 416
329 447
239 385
244 347
326 477
475 476
170 384
170 447
170 385
83 213
36 291
293 394
212 439
71 110
231 394
16 145
41 207
359 439
0 203
103 145
26 350
108 110
393 479
60 348
96 245
283 341
101 183
225 250
68 75
5 304
69 136
11 156
159 433
94 217
463 489
224 358
137 164
224 311
137 191
230 265
216 357
230 430
151 432
211 287
390 488
243 344
243 438
47 329
47 370
211 441
47 466
390 490
300 327
379 404
257 299
177 198
140 310
177 301
77 336
77 352
77 360
228 401
226 401
224 243
367 482
176 221
285 478
437 444
377 416
377 448
120 285
82 445
82 232
82 230
170 381
121 484
316 469
266 424
390 475
295 393
477 483
298 342
104 309
147 392
147 480
202 383
155 462
234 418
146 147
335 449
342 393
407 436
376 390
251 320
160 454
233 296
90 289
246 494
246 487
105 215
45 343
160 189
65 256
105 428
45 278
65 141
65 120
45 463
65 317
140 429
10 170
63 199
19 57
19 152
63 467
63 216
19 267
142 175
357 408
137 483
134 238
371 498
48 443
134 407
77 82
66 318
70 220
219 412
70 361
129 325
248 496
80 410
66 470
130 158
130 275
2 166
129 242
35 56
80 425
144 174
35 395
349 471
2 218
349 400
66 106
219 442
35 73
144 247
27 74
27 422
129 406
248 399
144 204
80 205
2 88
219 346
349 382
70 452
130 409
248 431
27 39
134 168
65 134
139 492
139 307
365 475
47 151
197 398
335 475
202 211
299 429
33 417
347 427
33 403
150 263
394 421
203 458
203 486
207 414
439 461
213 460
350 499
110 282
145 258
291 312
95 435
81 243
62 303
62 388
124 324
124 228
149 255
80 134
121 485
233 376
277 357
348 450
222 413
196 222
222 274
43 146
43 423
245 339
245 459
75 268
100 292
12 195
217 330
14 302
14 434
100 457
217 481
136 402
30 113
433 464
92 107
12 239
433 465
250 345
304 453
12 51
304 305
156 261
75 241
341 354
341 374
14 149
250 491
156 446
136 368
30 187
92 375
100 155
92 226
183 210
183 314
138 357
254 483
254 342
233 401
119 326
137 411
52 415
139 263
23 364
266 364
29 230
285 462
331 357
355 371
211 396
91 489
63 320
143 300
176 246
200 474
1 369
185 224
160 364
47 363
140 493
177 180
23 44
131 196
214 462
214 297
186 340
82 497
389 495
81 246
59 495
44 253
140 340
81 321
95 365
77 235
315 485
144 364
248 342
254 333
82 319
29 140
280 379
295 396
349 462
91 186
177 455
45 362
105 313
367 440
31 306
184 254
177 284
27 44
35 44
31 338
338 408
10 85
234 306
426 440
176 280
407 472
168 456
185 367
1 437
181 365
121 271
304 483
253 255
81 213
29 105
29 386
147 185
202 389
335 353
24 386
90 181
1 45
252 333
156 299
19 193
90 284
235 473
130 338
142 200
143 207
131 437
52 197
129 193
219 271
2 181
70 271
66 200
95 183
95 433
347 456
291 472
115 138
348 497
33 350
48 439
30 363
145 353
110 115
394 455
24 136
217 455
115 341
91 250
75 353
