15.139587
1
71
10
251755
62 67
55 258
49 258
137 258
251 267
151 199
82 231
176 231
88 231
7 199
40 199
119 231
152 234
47 289
53 289
113 264
214 264
74 89
9 262
193 262
154 184
7 269
232 233
40 190
55 266
44 281
142 281
60 250
162 263
50 263
26 263
121 263
104 170
82 170
137 161
32 69
33 208
25 102
33 271
78 259
178 259
180 259
10 39
46 125
73 125
224 291
62 291
219 291
45 156
37 156
16 156
101 153
103 149
139 227
129 153
131 249
66 217
28 227
158 249
192 217
19 153
45 197
73 252
67 212
95 212
232 278
152 278
53 210
173 247
205 247
173 285
27 75
27 92
38 92
107 183
31 183
71 171
10 105
23 294
71 282
38 198
203 267
202 296
150 199
168 244
78 132
59 89
44 86
59 164
56 264
169 262
61 184
179 184
164 281
8 250
127 271
70 98
110 195
110 207
112 161
254 267
48 124
143 243
22 63
50 80
146 148
102 225
172 271
39 117
39 186
85 267
35 267
249 272
134 227
114 167
5 260
20 170
89 290
89 252
64 258
272 290
43 290
212 256
202 270
278 280
116 244
147 160
116 279
147 274
116 189
57 120
39 110
3 57
3 179
3 233
65 263
135 188
92 204
213 281
20 291
171 242
201 231
20 235
259 291
216 270
58 172
254 259
202 239
184 238
184 236
85 161
135 227
86 127
85 188
136 264
202 275
208 278
0 277
0 191
17 237
17 94
17 100
166 271
116 208
110 128
59 96
93 273
93 209
238 263
65 135
210 271
198 284
81 169
109 188
6 61
42 122
14 108
14 138
89 275
69 105
35 153
5 85
68 235
77 132
166 197
149 213
2 286
97 221
97 150
97 157
2 145
2 42
64 69
217 253
1 43
1 29
18 208
24 102
11 289
226 250
83 267
84 202
165 202
161 198
69 196
110 122
147 210
125 268
217 238
11 262
199 245
89 297
175 262
136 235
98 190
54 111
41 203
120 200
102 155
5 298
14 135
51 289
87 168
76 234
59 144
177 255
177 216
36 257
5 140
86 102
165 250
114 239
69 106
59 194
4 56
21 91
63 293
124 141
80 159
148 206
243 276
144 163
80 288
111 124
148 269
89 265
13 59
120 282
147 230
76 248
87 126
13 15
12 182
12 72
12 246
30 266
30 187
34 292
30 79
34 181
75 123
69 241
68 130
174 183
210 229
285 295
132 183
39 299
0 240
54 114
114 220
96 228
156 245
198 261
20 34
17 130
211 235
14 185
115 278
200 287
247 283
83 285
75 218
0 287
99 171
52 201
63 285
3 223
52 133
171 222
90 294
93 299
36 228
81 215
21 64
222 294
51 118
174 243
12 90
