-0.006901
3
31
6
487710
23 26
32 64
18 112
32 94
40 106
18 121
76 121
107 141
30 137
58 134
35 134
90 144
47 145
53 142
100 142
135 142
65 145
11 145
50 139
53 139
73 119
36 87
10 87
12 124
2 124
36 114
70 152
102 114
23 99
105 122
76 131
40 41
34 64
28 80
28 39
24 129
48 129
135 157
70 104
27 29
73 117
26 117
0 126
78 89
111 138
56 153
25 153
9 91
4 20
47 91
33 82
22 120
8 112
8 125
58 93
2 75
136 151
116 151
28 121
38 79
66 122
56 143
11 13
62 63
62 140
5 86
5 116
28 109
117 141
104 148
104 144
80 104
86 118
27 103
27 109
61 95
16 64
95 126
28 122
17 34
64 93
19 64
54 84
119 121
82 107
84 91
14 155
91 159
5 85
27 147
34 118
1 115
1 94
130 146
87 134
131 137
99 134
79 106
119 139
28 43
124 132
34 71
34 45
41 139
72 119
126 156
74 110
61 139
118 124
137 154
87 133
83 124
13 27
120 127
3 87
64 68
60 64
64 96
64 108
37 132
17 51
7 66
67 136
21 72
113 142
5 130
14 157
42 118
88 133
34 52
27 55
27 44
89 93
113 129
3 120
51 98
54 138
57 88
16 20
81 129
37 153
92 121
62 149
8 15
8 59
69 137
31 103
101 127
74 83
139 158
46 119
126 149
124 150
49 114
99 128
62 123
6 138
54 97
20 77
