9.638095
1
28
154903
181551
20 130
53 107
102 133
47 115
84 118
98 109
86 101
60 67
66 104
76 130
63 118
4 66
32 136
17 111
26 98
15 44
113 118
1 4
69 77
35 130
92 107
8 107
34 107
97 109
91 138
44 93
20 67
31 115
106 134
38 108
57 133
54 138
106 136
11 66
97 127
50 130
27 44
60 133
1 67
0 115
67 88
71 108
61 138
77 78
17 77
36 108
73 89
89 121
85 89
83 120
51 120
120 127
107 132
132 136
42 120
16 121
10 46
52 103
21 68
5 135
37 94
129 131
99 131
131 134
93 131
35 131
16 46
2 77
2 133
81 95
95 137
95 133
79 95
37 135
62 69
9 62
22 62
62 117
115 123
67 123
110 123
45 136
28 64
13 131
45 89
7 122
7 43
7 33
7 63
40 109
34 40
14 57
14 24
14 124
42 64
94 123
21 131
5 7
49 90
47 49
109 119
6 10
6 65
3 6
6 39
6 101
70 118
70 74
19 117
19 48
25 112
12 72
25 75
18 80
12 110
18 87
12 29
18 28
25 86
96 118
52 119
56 124
56 100
105 139
59 105
105 111
58 108
55 82
23 116
116 128
41 116
30 44
30 138
114 126
103 114
114 125
13 55
58 95
96 116
