27.772476
1
70
3
16188
35 45
128 239
3 94
62 235
30 105
149 181
22 252
26 81
139 232
99 166
64 273
25 236
84 175
18 74
55 279
29 74
239 279
51 277
19 227
145 227
234 277
113 227
166 277
60 225
66 130
47 299
62 237
120 289
191 225
26 134
53 170
44 289
55 130
95 289
65 170
1 170
124 271
128 134
125 299
228 271
19 225
38 237
70 134
251 271
145 180
165 180
279 280
74 159
74 272
279 298
57 157
64 169
85 93
149 157
22 194
107 121
288 297
30 63
34 202
23 227
41 270
247 299
225 264
170 199
148 237
130 293
271 296
180 226
237 257
194 224
169 219
39 93
93 294
93 173
121 138
15 207
15 186
32 263
183 274
162 274
232 274
63 247
63 110
63 193
268 283
35 195
115 195
215 249
20 201
161 189
160 201
25 211
136 211
4 211
177 249
94 258
65 189
184 201
112 258
137 261
137 217
137 242
124 241
43 241
71 155
48 123
90 155
54 143
9 123
154 218
187 230
33 167
5 167
129 218
102 143
223 230
103 106
29 104
3 8
72 142
89 144
119 153
7 152
2 21
157 196
121 202
45 286
259 286
151 195
189 265
258 290
38 100
73 80
241 254
143 185
155 213
167 267
218 221
123 295
106 236
106 284
8 83
142 252
8 87
142 163
104 255
104 275
144 208
144 175
153 288
153 206
152 205
17 96
12 81
17 253
21 246
12 198
17 273
21 116
12 210
28 91
28 84
28 79
37 268
78 197
37 269
37 250
78 97
24 40
49 238
6 287
6 58
6 39
98 126
131 156
131 200
69 278
59 256
24 282
98 192
98 281
69 77
59 203
0 86
49 135
24 231
42 114
69 76
118 190
118 285
36 260
36 139
118 244
0 61
31 178
31 176
31 88
131 291
36 146
59 229
42 52
0 240
49 108
42 164
80 181
249 263
16 99
100 243
83 179
82 133
82 92
34 299
152 214
78 222
15 279
67 196
46 220
32 194
121 297
154 209
130 289
32 270
172 277
271 283
157 169
220 248
93 283
169 172
0 34
31 34
13 23
92 182
111 148
134 140
158 299
137 283
143 297
32 218
147 151
34 245
147 257
68 74
24 297
32 69
50 214
109 279
122 225
150 297
101 237
212 222
32 245
127 297
56 157
104 276
152 172
179 180
27 130
134 168
289 292
141 170
109 194
11 63
266 283
14 15
8 140
172 216
204 276
67 137
34 182
56 123
122 230
117 158
21 122
174 195
74 171
14 201
27 211
144 188
56 98
168 241
42 101
101 131
118 188
10 167
155 292
132 142
49 68
10 153
12 262
101 233
28 174
78 141
59 132
36 262
75 233
75 216
127 204
188 220
212 230
