30.000000
1
88
364
3386
174 289
130 261
128 390
328 447
29 390
196 310
382 446
229 430
172 316
164 264
117 261
5 261
379 415
219 307
29 170
407 434
203 258
212 338
361 368
212 390
142 306
244 261
15 355
145 307
205 446
58 445
204 404
210 289
198 211
199 211
211 336
180 204
338 422
228 447
234 376
87 188
286 423
73 355
94 306
95 445
129 158
19 47
91 172
222 364
163 190
123 366
242 402
19 434
124 250
108 307
264 384
14 388
303 434
55 422
281 288
75 188
50 368
346 397
266 275
105 163
150 376
115 376
236 289
38 388
16 364
386 436
121 425
114 310
314 402
16 430
54 384
366 419
17 204
171 352
182 318
235 310
273 355
362 364
61 145
139 366
54 447
66 250
342 364
244 264
68 264
277 414
275 380
117 157
42 366
197 368
122 318
181 445
271 388
197 307
72 376
13 353
177 205
373 430
226 388
158 172
268 303
199 329
80 275
81 407
171 188
291 312
93 163
390 396
245 283
45 86
86 97
0 188
206 387
256 397
209 256
299 364
325 447
227 367
185 272
272 424
267 272
187 242
113 187
349 414
195 349
191 349
394 416
331 394
350 394
129 394
248 400
114 248
80 248
31 394
280 446
151 272
261 279
111 279
85 128
85 327
85 93
85 173
85 121
343 383
52 448
423 448
60 448
143 331
103 143
143 314
278 353
278 390
184 284
284 308
42 284
75 284
284 431
119 355
30 259
256 280
2 297
2 92
2 421
2 358
241 431
241 388
245 262
265 448
261 432
430 432
211 432
310 432
26 432
15 432
162 289
159 318
265 294
30 110
144 264
144 289
104 434
21 104
109 180
109 258
311 360
288 311
98 311
41 332
167 448
166 282
63 104
31 213
341 396
326 435
326 410
260 326
326 363
32 306
32 210
11 159
41 224
70 301
132 307
132 376
51 405
309 405
146 405
155 326
102 387
168 183
77 168
5 168
13 83
83 106
83 317
337 388
17 140
140 408
163 381
84 381
366 370
63 149
201 285
201 259
112 323
112 237
71 141
116 141
141 441
21 141
395 405
110 149
216 306
127 216
141 345
213 224
151 341
223 301
78 223
276 337
0 112
168 332
44 255
44 115
44 196
44 412
232 370
22 436
22 275
43 292
89 136
89 274
89 147
89 177
89 200
89 373
3 399
12 263
12 88
3 391
3 438
23 429
23 253
12 357
23 243
40 405
70 375
211 427
389 427
69 427
250 420
310 420
351 413
313 351
62 351
40 381
172 192
193 257
193 340
48 193
147 193
46 375
33 446
3 11
100 112
107 296
296 425
64 185
64 312
64 218
37 64
318 411
140 227
112 325
356 365
365 406
239 365
333 345
100 225
23 392
46 411
250 428
137 260
137 292
6 127
6 194
193 202
392 427
138 376
39 120
120 126
64 322
189 385
189 247
295 428
202 333
294 432
7 440
7 399
7 82
347 403
230 347
247 347
321 334
74 165
165 277
125 252
157 165
81 125
160 251
24 160
160 449
347 395
168 343
86 321
79 330
79 283
65 79
20 372
20 319
233 410
200 240
240 269
152 441
152 374
152 426
45 101
4 233
240 449
208 240
240 433
101 398
101 111
233 293
233 238
101 439
134 179
60 134
134 324
155 359
10 50
10 186
162 166
35 320
35 304
35 371
135 154
135 383
83 104
79 167
233 299
76 268
76 354
148 335
133 148
148 281
28 257
28 118
221 282
221 393
9 270
25 59
27 379
156 369
215 400
90 204
344 348
300 305
300 378
90 445
113 300
315 348
369 442
8 176
215 443
47 369
348 418
176 339
1 25
43 159
53 131
153 178
67 254
34 409
246 377
175 231
231 302
67 417
161 290
18 49
36 96
53 329
231 401
18 186
18 56
57 161
36 99
34 214
153 209
153 287
161 207
53 217
34 230
246 437
67 203
36 286
176 295
9 110
12 78
119 120
246 322
220 349
2 165
159 169
7 140
27 248
192 365
85 298
220 311
3 249
138 351
20 225
36 102
33 35
231 249
359 444
25 169
298 348
161 444
