37.507481
1
82
3293
33628
28 78
108 247
23 179
8 246
130 149
125 267
189 281
95 115
62 63
79 252
22 26
42 70
100 226
30 214
54 110
145 220
174 252
173 224
167 202
107 216
33 294
10 195
178 205
83 102
86 205
291 294
121 276
169 207
64 119
126 151
26 144
131 222
29 294
111 202
180 210
157 290
161 236
67 224
34 238
11 183
56 209
112 276
118 149
63 85
98 188
132 210
200 260
100 289
201 204
55 212
54 137
54 96
31 195
244 282
179 194
0 149
71 178
124 137
69 166
69 179
0 139
149 238
44 117
132 284
88 144
5 182
80 216
181 290
72 162
64 267
18 182
77 102
35 279
146 257
181 224
17 65
21 169
132 219
236 283
113 282
78 212
92 183
48 188
116 283
171 222
90 274
11 209
1 85
95 102
60 274
179 222
178 247
192 274
3 71
50 162
280 284
206 284
190 282
120 205
38 132
99 276
169 214
76 220
138 188
27 28
6 147
52 246
237 260
14 100
84 147
19 192
81 210
168 277
176 226
147 175
41 117
195 247
104 284
63 294
66 115
141 267
134 194
178 282
42 279
100 209
43 102
49 78
73 283
87 224
50 65
59 191
91 222
70 281
108 126
37 225
165 246
95 116
20 267
198 225
2 260
219 226
142 283
133 164
64 202
161 164
98 191
7 41
69 117
39 85
32 103
45 96
4 55
166 281
9 10
239 277
15 162
136 212
154 226
19 183
181 283
13 41
69 151
79 279
117 225
24 118
170 277
50 91
78 276
16 84
12 85
46 290
74 118
132 247
195 246
103 175
101 279
166 220
114 252
54 62
40 194
166 277
63 182
53 252
212 234
169 234
50 235
64 235
260 298
58 93
57 105
188 298
58 183
55 105
107 221
96 272
139 177
184 290
48 127
177 281
144 229
181 229
41 185
207 273
144 230
118 221
195 215
204 254
232 257
162 184
130 232
0 270
147 230
49 254
65 196
50 268
119 127
21 128
188 261
91 266
14 36
31 263
144 213
222 242
116 293
119 286
93 122
44 123
21 61
110 156
207 258
210 245
202 248
91 135
214 231
207 255
57 163
55 159
220 299
185 272
205 265
147 241
103 243
115 271
23 172
194 264
96 296
21 227
196 273
23 51
22 25
0 129
103 153
116 259
209 278
93 158
84 203
116 187
238 295
162 228
183 193
137 250
212 240
103 287
57 75
93 251
38 47
65 186
71 197
225 249
57 275
164 233
31 292
84 109
28 152
115 223
212 297
55 148
238 285
137 160
14 155
22 253
119 211
214 269
91 217
191 256
14 150
22 82
44 89
31 143
10 218
44 94
110 140
38 288
10 106
182 208
71 199
110 262
23 68
28 97
