0.616176
1
29
343
985
60 105
99 127
168 181
24 36
4 78
48 156
169 173
95 99
12 133
19 57
18 59
43 122
14 48
61 118
62 191
8 100
48 123
30 62
33 48
60 169
85 156
131 183
64 88
75 131
19 160
4 56
60 167
109 181
38 176
47 92
23 25
79 103
93 105
61 122
137 144
21 61
68 157
61 137
38 79
103 183
57 134
24 163
31 51
134 193
3 138
146 155
11 30
63 128
176 198
31 112
80 90
100 112
48 112
1 118
74 155
112 157
80 86
34 56
107 117
119 155
73 81
64 154
22 60
98 151
78 122
30 76
68 122
9 129
76 124
6 30
32 86
143 168
184 191
17 122
106 198
5 16
22 57
10 99
47 144
166 191
98 99
53 117
29 93
127 145
69 144
57 195
6 90
129 133
128 159
5 93
18 192
51 167
39 167
6 99
87 124
173 190
42 46
27 60
40 99
70 183
88 109
7 123
65 166
65 66
36 138
13 23
0 191
113 193
14 42
2 23
41 42
57 154
45 66
83 88
34 148
37 183
9 44
72 87
66 172
147 167
52 85
97 184
102 159
52 155
35 53
28 133
20 172
26 148
59 82
6 150
100 121
30 136
49 91
84 117
46 55
6 108
63 114
61 142
88 187
12 15
66 120
99 164
136 183
110 170
93 152
57 165
77 138
81 188
187 192
88 116
121 133
151 185
24 58
91 144
141 142
7 67
71 191
16 115
50 126
180 190
43 139
70 114
49 84
138 139
113 120
2 180
17 96
1 50
60 110
56 188
30 199
56 130
145 158
78 104
145 186
145 149
42 161
100 140
63 101
93 135
68 189
23 197
32 111
68 94
126 178
24 153
170 194
144 177
99 179
117 162
92 182
78 132
44 171
20 54
26 196
102 174
97 125
35 175
28 89
