34.183560
1
84
3
7375
137 267
132 173
73 165
21 329
104 141
42 217
119 185
78 309
68 287
131 162
140 299
50 239
246 301
236 321
207 318
279 314
28 160
175 199
62 160
48 102
97 322
125 322
165 322
54 307
54 124
54 118
24 255
171 179
174 208
209 255
67 208
213 260
135 179
132 208
80 260
167 260
32 243
18 176
199 269
199 282
160 253
160 234
85 199
31 156
64 156
231 256
44 235
11 204
10 256
3 196
55 204
217 235
86 145
221 232
102 343
102 129
102 117
23 43
72 192
91 119
58 104
208 330
255 275
179 349
179 305
60 255
243 295
176 321
176 211
117 243
204 271
196 286
156 262
256 268
235 314
101 130
130 333
130 318
130 215
23 342
181 342
34 342
320 336
228 336
235 327
43 316
43 236
7 233
7 261
7 56
91 144
43 57
172 346
182 346
173 219
285 337
135 323
180 184
94 121
137 325
87 198
69 75
120 148
77 254
141 148
136 308
72 198
161 219
274 325
283 337
311 323
317 325
278 323
183 254
8 75
257 308
52 75
40 308
109 121
107 184
15 254
58 328
38 140
38 245
38 170
203 339
157 276
78 276
27 110
76 301
27 147
27 41
5 16
5 293
76 159
5 238
76 100
13 66
67 168
26 142
33 96
79 206
68 122
92 122
20 206
138 142
36 123
21 113
0 35
95 126
47 153
49 98
169 190
53 63
30 242
149 224
19 74
2 45
82 226
196 339
267 332
303 332
86 290
225 290
6 131
115 329
282 336
38 240
7 151
253 346
198 227
148 348
170 219
175 230
276 297
27 186
168 265
66 154
142 304
168 319
96 202
206 220
96 101
122 248
113 294
123 326
113 340
63 166
99 289
126 195
242 266
115 188
74 237
146 187
6 84
45 251
242 247
126 216
115 239
224 310
71 99
190 315
63 214
74 279
98 127
98 259
45 65
81 299
35 280
190 334
93 338
93 103
35 250
153 312
226 258
99 178
81 88
153 207
224 345
226 252
81 128
1 50
1 331
1 106
116 300
39 292
46 212
46 264
39 60
152 281
46 112
114 263
114 306
152 193
114 313
25 287
90 143
191 205
152 221
191 249
90 246
191 284
39 341
25 270
146 327
54 102
4 309
4 177
51 71
89 111
150 223
89 324
123 189
146 186
93 300
25 151
90 344
54 192
54 76
58 199
43 232
156 204
235 277
139 243
5 196
91 194
324 335
116 260
38 139
218 277
9 85
158 244
98 232
122 203
90 232
160 230
203 242
153 203
277 336
14 160
12 199
121 192
105 255
145 206
139 323
139 346
70 102
17 232
142 192
158 344
9 189
203 241
163 243
201 322
163 204
114 145
145 152
201 208
25 277
29 176
126 218
145 288
150 156
59 256
59 130
192 272
194 288
222 277
37 91
108 139
76 164
5 273
22 27
133 219
133 184
229 254
66 229
105 190
51 337
291 342
273 337
224 302
45 302
99 302
113 163
75 291
46 105
39 133
63 229
83 308
12 325
210 276
200 232
83 123
70 226
74 210
6 29
22 35
61 163
134 203
37 191
222 229
296 298
61 197
241 298
256 347
134 260
58 335
155 197
