30.771930
1
68
49
49129
102 142
35 116
7 234
161 209
190 217
17 160
93 223
8 85
17 140
242 243
214 234
152 236
13 248
158 218
66 107
149 244
193 227
89 182
15 70
11 109
40 52
57 204
93 131
96 108
74 116
27 106
59 140
59 76
17 243
8 93
156 204
16 61
59 169
194 220
53 182
144 197
98 169
219 247
95 224
69 217
230 247
23 176
0 60
186 229
46 223
31 132
103 208
90 236
20 151
10 229
84 116
17 61
65 208
12 119
73 95
25 227
104 225
88 241
4 43
207 220
9 39
71 196
115 211
33 137
75 224
54 216
89 247
139 180
140 229
52 90
44 216
208 229
14 76
56 234
83 123
41 241
26 108
12 241
110 241
122 218
101 113
121 247
69 220
34 218
92 236
37 180
28 196
64 137
45 243
106 223
72 209
5 208
159 160
78 109
239 244
37 209
22 180
26 131
104 248
29 196
189 217
181 234
95 168
120 197
50 216
108 222
21 242
107 222
71 218
117 142
28 176
113 176
163 182
80 130
38 186
130 181
216 222
39 70
48 168
67 180
59 114
2 142
181 197
153 243
12 181
21 113
30 160
55 76
173 236
49 168
78 204
148 248
63 123
18 160
30 37
86 176
39 217
99 186
2 85
215 244
200 227
12 244
1 130
2 43
131 157
116 157
100 140
58 222
58 225
3 37
3 223
62 160
62 224
12 162
95 162
181 205
51 197
87 211
82 211
19 24
19 211
81 100
129 137
60 213
129 196
204 213
42 248
42 91
105 176
39 105
81 82
85 228
173 228
6 151
94 230
61 94
209 245
107 150
130 135
106 118
43 178
91 136
73 155
9 36
46 177
52 233
123 201
93 175
142 170
131 195
61 138
24 32
109 128
114 249
106 179
60 79
10 192
73 127
107 164
151 171
217 237
9 188
108 143
9 47
114 221
119 147
73 146
168 202
114 172
91 206
10 141
76 166
119 174
224 240
186 232
119 187
52 77
46 198
24 210
113 124
93 165
43 238
91 231
137 191
85 111
182 212
109 126
24 125
169 184
30 68
46 97
131 183
160 199
108 154
70 167
10 226
60 133
30 112
30 145
169 235
25 165
132 134
224 246
39 185
132 185
70 203
123 203
6 51
125 128
