0.605874
1
25
0
1638
24 68
15 136
79 175
54 132
115 151
72 76
59 110
59 116
60 83
61 146
67 170
69 133
70 154
71 107
59 85
72 116
74 82
75 109
78 140
78 169
79 143
34 119
31 55
50 95
38 54
39 49
41 74
44 52
44 173
46 156
0 93
48 107
49 139
37 141
51 134
53 154
37 75
34 130
55 144
83 128
59 77
59 82
143 168
110 152
113 133
114 135
119 137
120 159
122 157
123 172
125 154
140 177
108 160
144 176
147 158
151 170
154 174
156 178
157 175
159 178
170 177
171 173
98 155
47 138
86 127
88 105
88 172
89 91
89 95
93 121
97 136
97 165
81 140
99 170
101 152
102 109
103 163
105 129
106 126
107 161
24 130
29 118
5 104
29 90
5 153
28 46
6 18
6 96
27 133
27 92
26 147
25 174
25 87
8 127
1 114
9 158
23 160
23 98
22 86
10 72
11 20
11 138
12 14
17 90
14 67
14 68
15 114
16 62
16 103
3 58
2 18
3 115
3 134
93 176
96 98
97 112
3 84
98 100
98 111
92 97
150 179
149 167
149 152
100 143
9 40
8 179
17 64
16 72
16 57
164 178
162 166
84 107
162 164
3 21
93 120
14 64
14 40
13 163
13 148
89 129
89 171
102 124
123 142
5 141
5 112
129 167
5 20
131 178
129 145
4 152
4 98
126 131
129 140
4 42
7 179
139 150
133 160
7 43
4 93
38 117
38 129
39 80
38 66
42 65
43 94
35 36
30 124
32 117
33 50
33 179
45 83
36 179
30 63
61 179
65 154
19 160
73 114
45 97
56 169
