42.700000
1
98
5477
7696
139 331
88 326
174 345
24 216
292 362
147 308
317 348
89 387
73 212
315 385
86 110
100 389
295 396
106 367
3 212
191 212
1 396
2 348
75 353
19 385
49 387
145 369
327 398
177 361
205 353
155 334
191 342
107 334
63 308
218 331
252 370
52 326
146 385
111 304
126 326
88 347
283 389
141 325
35 369
118 378
152 160
11 22
68 331
151 308
298 334
160 370
90 238
161 282
3 311
7 348
371 389
154 369
205 386
241 398
180 245
357 387
225 367
236 304
13 361
230 304
94 388
161 353
52 366
176 361
256 370
374 398
122 367
176 229
279 331
171 390
159 326
118 380
104 380
111 163
251 260
203 251
22 251
12 272
269 396
119 143
47 143
143 342
61 264
264 265
169 264
233 264
284 331
112 226
24 112
112 175
167 192
192 347
144 270
113 200
232 345
232 243
177 232
180 232
278 321
38 321
51 321
321 379
64 211
64 96
44 64
51 85
85 95
96 97
255 300
255 318
226 255
76 115
115 189
103 276
115 258
224 396
129 173
57 171
149 198
77 149
149 172
288 399
333 399
242 255
128 147
48 294
128 223
124 128
294 384
294 344
128 303
113 159
142 165
142 361
99 139
39 178
245 382
20 283
81 309
297 309
309 394
84 346
84 110
34 84
183 187
275 297
125 275
270 275
275 328
123 197
197 368
55 197
120 320
5 17
5 116
5 69
136 308
136 357
120 222
120 302
86 101
101 290
101 148
209 340
97 380
153 179
18 153
153 216
108 353
4 324
4 11
92 259
202 288
202 332
92 276
92 319
4 235
184 264
348 351
349 373
12 349
113 272
5 390
102 207
207 305
207 292
209 242
250 272
165 193
193 194
277 304
140 253
291 323
79 261
234 261
312 330
227 291
82 307
285 339
253 397
23 105
201 291
301 376
263 285
70 312
261 316
301 328
196 312
9 105
195 301
162 253
105 363
56 285
60 307
307 338
168 181
168 217
90 168
37 182
182 333
182 391
219 299
219 362
358 398
45 387
231 248
231 325
29 183
29 266
310 370
78 329
0 152
50 131
42 67
93 268
215 383
46 58
78 127
98 254
268 313
29 364
80 306
58 204
117 213
6 50
91 114
94 208
208 287
208 355
212 310
25 337
213 257
40 378
53 359
213 281
30 78
80 157
53 138
134 369
215 336
80 386
150 237
50 360
83 215
0 322
67 228
67 164
10 274
28 280
54 166
10 286
87 395
91 220
135 334
10 16
28 133
32 221
32 388
32 352
91 141
54 71
43 188
130 389
14 109
121 240
135 385
185 249
185 335
14 186
65 233
65 267
33 137
33 311
33 293
31 393
268 372
58 190
25 36
121 375
31 72
150 206
8 367
98 244
98 282
40 289
25 366
31 173
40 356
0 262
150 178
246 341
238 246
246 343
54 314
121 350
43 239
43 158
87 365
28 296
14 247
87 271
185 210
163 309
199 380
187 272
62 309
269 392
112 149
20 377
103 250
103 255
84 184
21 59
144 273
62 207
59 399
115 399
27 232
74 144
27 64
39 112
59 142
8 251
101 284
41 129
99 115
15 354
120 321
64 392
108 113
132 144
113 351
59 197
91 377
15 21
41 382
199 294
136 273
5 41
120 142
33 354
4 41
130 144
224 291
132 214
28 103
59 135
53 103
66 128
246 381
58 399
150 399
41 168
27 253
27 307
50 142
26 27
214 358
74 134
105 392
199 285
78 392
87 136
14 199
31 136
153 156
92 170
43 277
66 185
156 261
130 312
32 358
10 45
121 135
54 310
134 213
67 170
170 215
130 268
