55.433333
1
128
1
5259
138 314
102 241
62 272
3 131
171 409
116 406
461 474
106 428
467 484
231 275
180 471
9 51
12 292
250 268
71 485
97 145
93 154
236 346
355 395
84 261
84 190
63 433
46 63
64 236
63 368
20 236
172 236
458 490
334 449
333 463
332 493
331 458
481 498
463 494
461 487
349 436
458 477
402 463
260 299
59 497
279 299
258 293
349 363
161 216
353 487
132 159
117 351
117 312
1 458
174 481
140 449
142 170
154 493
175 193
117 441
163 293
159 326
35 431
10 463
102 487
104 117
104 205
94 361
94 301
94 280
94 155
12 132
50 416
50 330
50 298
50 147
23 206
38 132
254 347
35 300
35 206
34 449
33 161
293 488
299 320
299 406
311 349
314 497
317 487
319 397
319 493
233 251
238 449
167 254
126 311
126 285
126 190
212 493
124 254
175 400
175 413
128 161
121 481
44 83
45 47
80 157
82 329
60 81
31 90
182 275
30 110
81 231
30 37
56 472
29 66
181 399
52 283
67 416
68 81
69 266
70 422
71 387
65 378
187 456
51 309
184 358
53 265
54 229
186 443
185 482
49 243
43 136
47 376
47 137
32 219
72 365
214 470
72 435
80 114
228 366
227 246
224 388
32 484
176 309
77 244
32 199
79 266
73 214
286 472
287 384
288 316
289 388
179 424
28 195
39 316
0 318
180 246
26 194
25 329
24 42
83 162
87 318
83 473
72 354
178 396
36 379
36 323
36 225
3 430
189 496
107 182
89 273
187 453
108 475
89 171
21 92
22 184
89 302
2 240
90 188
191 393
13 65
103 246
192 218
14 430
99 173
105 405
8 262
105 212
18 485
91 448
19 48
19 138
9 77
105 247
194 404
91 344
91 328
106 120
19 371
11 411
18 135
90 151
42 85
5 381
4 158
18 75
99 382
62 201
43 78
189 491
42 177
92 97
189 306
64 265
65 355
120 360
66 98
66 183
67 149
195 232
7 58
96 257
96 233
95 96
6 495
6 369
99 372
6 40
67 268
195 351
196 422
93 287
92 432
197 451
7 250
16 240
201 403
336 362
130 347
123 235
333 357
197 478
165 228
331 466
198 386
324 367
322 389
418 480
200 482
166 387
465 482
201 278
336 364
460 480
202 229
111 439
455 480
168 411
169 305
427 492
425 499
420 442
321 443
411 479
409 422
208 243
398 492
393 410
370 439
158 248
156 421
152 380
148 425
143 445
142 215
127 459
141 466
139 424
134 305
129 145
345 367
374 380
373 469
373 412
392 424
357 471
357 391
356 472
129 291
129 489
130 249
130 256
160 194
348 387
123 237
375 385
343 367
342 443
339 429
218 474
215 462
234 335
234 327
215 486
230 234
229 325
304 442
122 184
112 445
113 187
318 467
218 337
316 434
315 396
238 373
220 339
310 385
115 182
308 309
305 464
228 447
221 380
222 329
297 466
116 430
120 204
290 341
294 388
223 396
290 483
197 457
386 426
386 408
385 488
383 459
381 444
377 421
210 459
283 292
282 442
280 425
276 389
131 475
274 445
272 399
271 336
123 153
265 359
262 450
262 350
261 393
260 492
283 446
266 428
213 439
214 401
243 307
242 381
158 264
239 290
389 423
162 394
160 468
17 486
295 298
295 342
79 284
33 259
217 498
217 372
320 468
27 340
48 438
447 452
452 478
203 221
476 479
17 358
345 438
348 394
57 476
63 161
74 236
326 395
395 463
84 94
236 497
63 390
146 293
146 161
226 458
226 255
74 132
23 326
35 146
74 251
170 251
170 299
126 175
84 234
63 211
336 395
84 119
84 316
245 251
175 211
130 255
109 386
254 415
255 296
305 440
47 226
146 339
146 454
74 189
243 440
91 255
158 397
89 226
43 397
164 226
170 329
88 126
86 487
100 440
255 380
267 397
74 240
50 419
76 326
32 440
125 390
18 390
101 481
281 326
23 150
105 170
205 207
42 397
109 228
263 449
415 493
263 497
118 251
92 390
349 414
133 229
55 430
133 411
65 270
133 454
99 352
129 303
182 303
66 419
67 313
215 417
209 381
207 437
72 407
201 245
76 388
76 442
76 443
187 437
80 338
184 407
61 439
262 417
55 197
252 421
252 396
252 309
218 414
61 194
61 214
387 437
15 269
15 164
303 472
41 195
41 424
352 459
352 482
100 277
318 338
266 270
269 352
6 281
281 445
437 480
119 252
86 389
83 209
118 144
36 133
101 290
123 313
144 277
90 419
23 253
340 481
30 259
