1.458384
38
12
199
19787
26 87
23 76
30 119
21 86
79 99
29 89
117 119
46 100
79 86
81 103
17 103
51 114
49 86
80 81
32 86
83 89
10 114
15 32
27 89
31 112
91 119
7 12
71 74
13 74
57 74
74 112
4 118
85 93
66 93
16 38
33 38
38 72
57 97
25 78
78 85
12 45
63 106
45 104
39 43
55 60
101 116
37 101
6 31
11 36
75 114
70 106
16 44
55 77
103 115
7 101
104 109
90 114
84 107
28 84
14 38
88 97
90 118
43 115
34 58
21 58
10 58
33 58
58 102
58 103
58 95
0 87
0 66
36 63
96 105
15 105
60 111
24 111
9 111
13 111
34 98
69 98
6 70
8 101
73 108
73 103
28 62
65 91
44 88
22 119
22 96
26 113
102 113
110 119
100 110
67 69
8 62
46 52
52 76
48 82
18 23
18 50
53 75
40 53
39 48
42 59
42 58
2 94
2 86
5 80
5 35
56 92
54 56
56 64
56 82
56 107
20 59
1 20
20 41
47 99
47 61
3 19
3 61
68 89
68 74
