53.716667
1
114
228
6706
201 395
4 164
8 279
95 306
202 302
82 313
24 173
24 380
11 396
1 223
91 291
291 352
283 389
152 352
138 381
359 381
162 325
59 243
14 389
235 325
99 274
259 274
53 289
112 396
307 396
239 302
65 289
247 372
34 62
109 238
241 279
91 289
319 380
141 200
40 325
16 164
186 395
125 274
69 324
220 389
385 397
159 266
270 313
20 279
194 324
169 189
54 352
28 223
206 302
175 223
38 307
9 238
70 333
48 197
278 395
300 324
111 313
336 381
208 309
7 164
316 358
187 372
47 189
87 380
199 372
146 189
119 238
209 384
361 365
245 361
38 361
45 392
48 392
392 394
134 392
52 295
193 295
88 295
173 321
321 391
25 321
219 298
298 323
70 298
205 320
265 332
265 315
265 350
213 265
205 216
205 355
26 205
176 205
137 265
89 383
163 383
299 383
172 256
63 131
80 131
172 303
71 172
160 172
131 261
131 137
19 335
34 335
335 388
117 267
43 117
95 117
77 263
55 77
59 77
77 331
30 278
197 364
153 364
364 387
132 227
118 132
132 165
168 238
196 277
196 366
41 151
189 222
201 222
98 148
98 213
41 399
41 349
98 159
196 397
17 196
63 233
233 371
50 290
50 256
31 50
179 326
62 179
179 308
75 209
10 75
246 339
147 351
106 198
122 145
203 250
126 269
198 390
60 133
126 170
198 217
64 136
123 330
115 342
123 306
29 36
78 246
136 393
116 314
136 346
123 124
66 115
246 363
145 212
60 367
116 129
231 381
281 395
203 221
225 260
2 155
29 317
12 116
225 249
304 352
110 126
115 305
155 178
60 333
255 385
130 396
139 203
155 190
147 334
15 29
145 282
85 225
164 214
68 147
255 353
255 301
156 195
120 271
264 340
92 207
181 268
236 310
57 258
90 230
83 310
183 273
144 378
5 207
96 97
100 257
297 343
150 264
287 379
74 264
22 230
310 348
27 273
253 287
18 144
81 271
154 252
185 252
42 144
271 356
257 377
180 181
242 257
105 181
23 287
258 354
174 258
207 375
97 240
288 297
108 195
230 296
273 398
73 97
195 232
192 297
252 293
191 372
101 177
101 355
103 223
21 370
103 313
21 341
21 243
101 102
325 362
121 135
135 167
135 141
45 285
285 374
285 344
188 358
188 226
188 345
182 309
157 182
182 322
347 389
274 312
46 357
94 376
94 171
94 176
127 318
3 35
248 279
13 237
104 128
127 140
380 382
302 382
6 143
13 275
46 337
49 244
33 208
215 289
33 51
107 324
33 44
76 316
76 284
76 79
49 224
104 158
13 211
17 49
149 276
149 200
113 149
127 386
142 338
104 210
3 72
6 254
6 218
3 280
161 229
142 373
46 262
161 234
142 360
161 328
294 384
228 392
361 368
222 295
58 295
166 383
172 228
37 196
184 369
0 392
222 327
30 369
30 368
61 184
41 98
41 222
132 168
214 265
37 179
37 246
56 321
304 335
168 311
117 304
37 103
298 312
107 205
312 383
77 191
191 327
30 32
362 364
61 251
166 286
58 86
304 311
58 347
230 368
257 368
166 382
67 166
94 168
58 248
166 292
39 135
39 182
204 329
93 294
147 281
130 136
126 204
130 145
107 251
204 207
231 271
97 281
214 297
50 84
84 198
101 231
286 287
204 285
86 144
21 286
114 231
29 215
56 116
155 382
107 115
225 248
67 203
195 272
264 272
248 273
32 252
215 310
56 181
67 258
86 188
84 142
84 114
104 286
127 191
86 161
0 3
67 149
13 272
46 93
6 93
272 292
76 93
