7.324838
1
35
0
1635
0 48
100 162
82 168
36 141
57 113
17 69
3 20
46 148
47 134
48 128
49 131
50 99
63 155
50 109
32 84
52 95
52 109
59 114
53 88
54 134
55 128
56 97
57 139
36 171
0 112
32 170
33 66
33 101
33 127
34 58
34 72
34 176
35 105
46 120
37 41
41 132
41 169
43 49
43 107
44 144
45 105
46 93
118 173
96 135
98 129
99 139
105 138
107 138
111 148
115 171
117 123
118 156
91 127
119 129
128 145
130 150
134 161
135 144
142 178
162 163
164 173
81 143
67 152
69 73
74 88
76 159
76 168
78 119
78 174
79 153
81 136
63 175
81 174
83 163
85 139
87 111
88 102
89 167
9 61
17 121
12 63
4 157
5 129
6 144
25 177
25 146
7 76
10 16
24 97
18 163
23 179
12 56
19 112
9 24
23 108
23 42
22 164
22 94
20 152
21 84
8 178
8 156
8 113
27 68
1 126
30 103
30 75
15 152
2 73
3 51
4 11
16 86
28 141
27 60
28 38
13 80
14 64
16 150
28 59
90 165
104 158
76 77
16 21
81 151
13 111
91 142
14 158
96 121
14 133
92 163
92 124
92 105
91 167
14 78
4 94
116 140
117 160
4 140
121 125
122 125
122 172
125 165
126 171
114 125
129 147
4 70
139 160
149 160
112 160
112 137
111 171
8 39
110 154
110 130
107 164
8 61
107 134
106 166
106 164
26 151
46 112
26 60
25 125
41 147
51 65
23 133
29 68
31 166
30 107
34 172
29 31
28 71
39 65
40 78
71 88
77 137
16 128
79 92
62 124
