32.136332
1
88
1
611
26 138
63 141
100 126
45 57
82 182
27 234
243 331
29 355
178 339
132 271
338 384
119 320
215 310
324 361
134 293
192 337
332 337
147 337
152 337
93 133
73 131
68 254
186 241
178 183
221 241
7 142
116 142
0 142
39 254
296 348
16 348
42 142
337 369
107 254
254 334
183 360
183 278
348 361
183 205
306 350
240 350
133 262
241 297
89 335
335 383
266 386
159 393
63 316
35 359
21 22
171 199
207 209
273 281
88 242
155 242
92 105
28 200
363 398
190 249
185 224
12 110
138 150
218 242
144 235
146 154
147 386
331 359
321 386
214 393
128 219
15 268
16 359
14 67
121 143
125 376
45 232
114 291
51 292
236 268
60 235
76 235
287 316
247 376
76 110
118 224
74 270
55 185
53 81
83 219
83 209
82 235
100 110
277 398
347 376
128 268
123 150
280 281
241 258
143 276
143 189
199 253
281 310
200 303
139 232
219 245
219 322
224 301
105 119
69 198
22 237
232 355
232 325
55 251
8 197
55 240
150 231
249 339
249 271
105 234
69 163
90 289
90 215
90 169
61 345
90 391
162 359
61 314
69 228
200 374
61 165
268 306
291 352
281 300
316 387
209 364
8 17
199 223
189 270
38 134
8 107
38 320
154 293
67 124
67 243
38 384
4 286
199 351
233 302
260 269
29 36
30 86
288 328
54 349
41 122
27 127
294 329
52 120
20 77
58 248
59 148
73 229
71 327
70 305
2 151
64 161
265 317
382 388
19 101
319 327
21 274
23 187
24 259
7 329
47 49
44 396
10 261
191 255
152 220
85 329
79 86
87 120
130 210
226 311
132 311
222 252
179 213
181 305
75 103
93 167
342 358
184 210
250 263
98 161
96 211
95 210
177 213
164 252
166 346
171 194
173 317
176 305
36 273
111 346
344 388
34 284
114 392
106 255
104 358
33 349
140 220
141 358
32 248
113 213
217 220
216 295
94 379
103 272
103 340
94 373
43 399
94 172
108 312
101 362
262 263
248 330
122 238
31 97
78 89
253 284
86 91
50 145
50 160
50 202
78 377
49 136
259 279
72 84
383 396
77 324
387 392
77 290
263 381
346 385
259 390
120 139
295 375
328 338
127 366
127 313
211 368
13 201
13 309
13 365
151 354
148 289
1 397
295 323
43 99
43 182
6 256
5 246
31 267
31 46
252 336
225 239
167 380
269 353
269 333
167 174
161 206
205 211
187 244
311 395
5 18
299 326
299 357
225 282
229 318
187 230
101 258
255 286
317 343
5 168
122 175
49 302
131 350
298 321
42 112
54 149
129 208
282 389
158 162
37 102
183 270
131 242
131 270
233 241
158 351
56 168
157 343
153 175
194 337
66 337
55 292
292 316
81 292
8 249
135 393
105 242
69 224
38 227
4 135
38 61
22 110
66 183
203 335
133 196
133 180
170 335
65 348
142 212
350 371
48 254
72 142
335 356
350 378
285 350
212 335
11 224
9 61
4 115
69 193
4 170
150 315
22 62
25 394
25 308
25 274
8 356
25 195
249 367
275 359
233 307
268 372
115 376
122 233
204 232
269 292
200 308
227 299
90 117
94 233
109 386
151 372
9 80
117 127
117 317
117 341
180 378
86 203
103 371
108 196
161 203
187 285
131 370
204 295
40 241
43 193
48 248
50 394
210 394
11 261
257 388
257 305
252 275
203 259
346 356
348 389
196 213
6 367
5 315
62 327
3 341
1 356
13 372
31 109
129 209
264 398
270 283
153 316
22 149
67 304
37 376
188 195
137 388
156 370
264 298
56 156
112 137
