15.266667
1
34
28
56819
40 88
5 50
28 139
74 89
87 139
5 119
6 127
120 127
23 50
57 105
24 112
92 107
17 112
109 124
16 25
38 105
53 123
76 112
56 122
130 139
18 50
16 123
8 55
45 55
79 123
33 34
32 88
55 85
15 83
113 131
31 122
80 111
57 111
9 111
111 129
37 101
54 101
20 28
20 88
116 122
1 83
99 105
100 101
96 110
26 128
93 124
66 131
114 131
96 125
25 127
78 122
107 110
67 124
74 83
83 84
49 110
60 84
13 60
14 60
22 106
106 119
7 106
98 118
21 118
11 118
45 136
94 126
34 126
126 137
12 131
118 136
86 89
70 86
73 86
38 86
61 122
30 64
30 59
30 128
60 61
46 100
35 77
35 75
35 97
3 95
3 78
10 33
10 134
10 69
42 64
48 127
48 83
43 106
27 88
27 55
43 118
63 139
63 123
61 126
111 132
101 132
52 125
52 117
44 52
4 81
108 121
81 103
121 135
0 41
65 121
29 41
41 104
39 81
82 138
82 102
72 82
19 58
19 68
71 124
71 110
71 112
51 91
51 92
51 115
46 47
36 47
12 46
30 90
61 90
36 62
86 133
46 121
41 46
62 71
19 46
2 35
2 42
82 133
2 81
