4.675488
14
21
11794
15352
16 50
25 55
34 85
10 58
58 110
6 85
20 59
36 48
118 119
31 62
6 24
55 117
50 97
17 23
59 85
67 137
68 117
117 126
20 117
3 83
5 58
23 95
5 49
101 137
62 119
16 48
48 75
46 119
108 127
80 108
3 108
53 57
7 57
17 57
74 137
74 76
4 119
113 116
107 113
0 64
39 78
39 134
102 115
29 102
102 119
90 130
40 120
38 64
43 57
28 83
82 104
49 104
63 117
48 63
45 46
47 134
85 106
4 120
56 97
56 125
76 105
15 121
43 102
73 78
58 73
91 109
38 133
102 109
2 107
2 68
81 105
37 65
21 51
69 137
69 125
0 22
22 111
60 77
57 65
77 108
70 115
8 114
87 114
21 124
61 70
9 60
60 93
12 93
114 121
9 45
86 122
35 88
33 98
11 19
11 128
11 108
30 52
52 132
52 138
4 33
79 138
27 93
88 124
47 86
11 133
52 106
93 114
92 96
60 92
92 110
32 92
79 114
112 129
112 128
66 100
100 135
100 129
99 123
24 99
14 122
14 42
40 84
13 18
13 90
84 89
84 136
13 44
35 84
13 51
26 41
26 54
31 94
103 131
1 71
72 94
94 139
1 12
26 91
27 103
