11.211016
1
59
2
8606
228 273
14 68
4 17
23 60
9 12
211 316
91 189
83 134
300 339
143 274
98 102
181 309
139 142
205 240
178 314
45 187
35 187
33 187
210 253
86 253
41 253
233 253
273 332
89 332
166 332
114 230
132 230
27 230
24 332
34 236
171 257
6 236
112 250
188 257
127 250
24 270
51 202
187 318
7 221
7 169
31 302
197 302
281 302
112 302
300 312
55 218
149 260
141 260
135 285
265 312
246 285
96 218
237 312
152 218
4 285
99 301
5 269
113 269
189 196
201 268
150 222
76 301
14 287
11 206
131 301
88 222
29 206
224 315
177 196
145 315
93 287
97 268
231 238
128 229
75 199
26 279
158 199
17 21
88 229
1 18
32 179
1 82
192 239
95 314
157 280
105 323
32 280
113 217
151 339
81 134
210 323
194 217
20 329
12 167
253 299
56 102
75 349
196 338
268 322
21 92
159 279
279 290
199 295
238 244
257 259
250 299
81 142
82 148
81 104
82 116
82 309
179 327
179 205
18 38
151 304
18 119
18 77
270 321
95 138
270 343
71 324
34 313
146 313
170 234
80 320
60 234
176 324
52 320
22 313
0 252
124 213
124 125
0 274
124 126
119 329
39 178
39 310
0 245
111 209
48 209
46 317
136 209
3 308
195 308
175 317
267 341
167 200
91 262
11 262
108 192
108 223
168 333
2 118
87 110
37 44
94 242
265 328
23 180
68 248
29 165
129 291
158 203
107 180
155 248
150 215
139 319
156 180
135 164
181 291
185 319
137 164
194 342
57 215
57 186
9 15
74 284
35 115
6 43
83 212
269 298
206 298
229 251
229 343
21 303
122 334
21 321
199 249
130 190
151 259
221 324
295 320
333 341
121 247
61 235
118 240
242 348
72 278
110 261
110 172
118 283
72 297
242 325
44 276
19 187
272 342
36 147
258 294
204 288
288 292
213 258
85 159
109 289
10 214
16 184
54 173
43 296
58 173
58 271
212 275
100 286
65 306
53 204
7 239
7 193
19 332
239 257
95 257
222 253
19 56
187 263
100 247
284 335
168 253
65 334
40 198
53 251
109 198
219 337
26 336
166 282
107 336
250 312
233 311
316 331
163 218
174 230
182 332
78 250
193 287
82 239
49 202
161 270
270 293
19 50
61 345
239 307
42 193
304 337
147 255
84 272
184 227
140 187
49 206
49 287
130 196
122 151
39 279
182 315
47 260
0 130
59 268
236 262
7 79
7 154
18 59
47 179
10 230
15 236
103 345
73 236
16 236
120 202
264 270
232 239
69 225
144 235
226 303
311 335
117 138
220 277
19 326
54 202
123 347
162 249
122 308
49 209
120 218
243 312
78 242
72 130
301 344
13 122
199 344
30 279
49 103
238 264
39 183
81 154
40 217
124 207
73 121
63 230
28 257
115 317
64 95
160 193
56 305
8 56
56 256
30 44
162 202
56 62
110 140
164 207
36 79
66 186
144 260
220 260
285 340
106 222
67 301
70 269
315 346
69 238
101 238
179 216
39 90
124 208
0 153
25 174
133 307
254 262
123 308
44 191
328 330
164 266
66 241
63 191
331 346
