19.719674
1
84
3
362
71 254
166 191
50 225
137 316
401 421
131 264
35 423
228 229
247 249
139 343
18 327
117 286
356 386
96 257
172 436
271 292
429 437
73 256
95 215
38 215
114 215
39 365
131 438
411 438
166 282
37 282
307 354
47 393
50 354
328 441
181 441
70 393
73 354
189 351
325 378
69 441
275 354
307 351
164 351
135 415
373 415
401 415
61 155
149 403
78 165
418 438
29 52
375 394
177 289
45 394
9 76
261 287
4 112
345 381
3 374
190 381
60 112
63 374
175 381
107 374
49 112
320 351
136 155
238 393
129 378
170 180
7 180
283 397
409 448
113 397
193 260
193 333
193 400
105 121
107 121
138 187
2 338
86 391
191 405
106 338
155 157
363 403
132 155
165 236
201 248
42 248
99 159
44 151
6 151
17 398
88 202
213 358
213 298
123 235
72 174
139 314
94 171
95 101
395 405
52 79
76 87
289 334
289 418
76 154
102 223
24 223
5 205
33 144
108 413
108 292
108 246
111 426
64 194
80 182
80 111
85 322
80 321
80 98
256 282
49 335
261 416
237 243
354 396
390 448
322 397
209 448
193 210
87 187
121 357
405 423
338 424
391 437
187 257
155 266
248 267
202 304
202 343
98 159
159 320
159 263
234 395
62 271
171 428
101 126
101 228
14 19
14 258
171 323
235 276
225 308
422 433
325 433
153 308
221 383
38 346
145 308
176 346
125 383
162 433
75 383
152 346
52 330
52 186
289 340
223 294
144 436
144 150
21 208
21 387
196 242
18 242
168 242
22 310
10 167
41 119
22 199
41 290
10 244
10 247
22 58
21 324
254 318
232 406
219 274
56 406
160 303
164 318
127 300
8 274
141 406
326 419
347 419
25 300
130 303
426 446
205 313
16 350
16 284
65 356
65 410
65 231
12 366
12 57
16 372
194 272
59 311
117 311
385 392
253 416
58 158
28 218
28 133
28 370
32 255
161 259
67 259
11 255
365 393
80 140
353 435
137 435
134 195
134 227
46 291
93 100
43 148
360 371
237 281
262 421
102 124
405 439
23 30
31 81
183 238
62 268
48 66
201 245
146 445
169 355
53 434
172 434
404 445
15 316
365 394
35 379
205 250
151 420
71 185
0 89
96 115
0 90
221 226
101 186
314 449
14 269
174 277
39 270
112 256
108 438
41 302
41 344
388 419
265 274
318 402
351 441
12 266
16 336
28 269
259 364
255 285
215 248
180 365
339 367
46 344
148 412
100 252
97 369
120 279
120 214
97 109
281 407
281 368
371 417
198 429
15 327
198 384
198 359
51 97
15 212
76 378
10 256
124 178
31 392
239 361
179 355
173 179
85 261
253 441
256 301
90 341
226 265
185 280
385 415
270 440
143 215
91 431
74 286
83 264
83 129
305 427
241 363
74 444
13 299
239 256
183 256
165 397
148 336
100 367
338 403
120 361
187 213
222 389
206 389
173 273
385 448
85 381
174 394
115 446
200 273
108 398
135 184
105 380
44 443
53 430
6 408
3 211
293 302
13 140
203 277
305 396
91 210
240 332
240 295
171 253
235 253
36 351
146 217
64 297
21 253
281 365
193 262
197 415
110 256
163 165
36 403
23 403
216 256
235 391
48 52
1 394
203 215
342 365
362 438
116 282
293 438
85 251
79 382
199 309
97 378
227 447
294 399
204 209
40 51
317 388
82 261
144 192
274 385
103 390
92 132
20 313
68 314
122 248
197 202
1 151
193 432
65 301
26 354
205 207
85 259
155 220
241 415
12 207
28 243
16 315
301 312
85 173
89 385
80 329
253 278
306 340
288 449
147 332
142 330
92 420
103 295
349 374
300 335
338 425
121 425
122 242
230 397
215 399
215 352
192 371
311 315
174 296
282 337
22 442
301 414
27 65
339 348
156 234
163 331
188 312
261 377
128 261
34 393
173 303
193 376
165 297
289 447
55 394
27 419
54 76
230 406
116 311
26 100
255 296
389 398
77 342
84 448
118 348
21 309
104 314
12 217
224 301
251 319
233 371
55 233
