31.266667
1
66
144
1446
87 206
116 230
91 199
67 242
90 158
21 203
35 152
146 201
1 196
45 141
172 176
156 238
141 203
43 206
102 238
96 200
104 210
46 51
227 242
70 241
48 201
161 230
226 241
2 190
73 221
194 230
212 245
69 176
107 238
180 201
37 242
122 221
33 241
155 206
9 190
46 190
4 176
117 122
85 221
106 203
68 186
93 186
125 188
147 188
160 188
115 143
39 143
60 95
95 123
19 95
52 170
170 175
160 170
14 170
12 24
24 131
24 162
74 110
63 74
74 208
65 166
98 166
166 181
233 248
183 233
76 233
57 193
193 247
91 193
124 211
124 176
104 127
127 202
31 127
157 196
144 157
157 159
84 151
84 123
47 84
84 237
167 222
205 210
105 205
23 205
80 142
54 80
101 200
35 80
101 218
1 101
49 101
83 229
40 53
40 148
40 240
83 209
83 169
83 245
15 86
7 211
15 218
15 66
17 242
7 164
7 182
64 190
221 243
108 206
0 238
137 217
59 137
29 118
29 153
29 71
51 111
111 145
111 117
132 185
192 197
20 192
224 231
26 192
150 219
92 132
81 128
119 128
75 77
187 219
3 224
149 224
32 77
128 136
219 246
77 163
18 132
34 99
99 212
99 158
5 71
30 198
198 223
55 201
42 165
42 79
42 45
28 96
28 177
28 244
130 140
56 171
6 189
130 135
56 126
130 134
6 16
56 195
203 204
50 179
50 82
50 113
8 249
25 72
168 225
168 213
167 168
133 234
44 239
121 229
88 121
121 215
44 235
133 232
22 230
22 241
62 220
97 154
10 27
94 133
154 174
44 199
72 109
27 61
8 103
72 207
154 236
62 152
8 90
62 139
6 173
27 138
166 233
11 74
24 157
170 216
64 95
124 184
17 233
112 193
111 186
120 186
114 143
112 157
83 89
40 216
143 178
74 191
11 228
36 80
7 129
166 191
214 216
13 89
124 219
137 222
41 127
84 114
28 124
38 184
11 121
11 56
11 50
36 228
0 15
108 214
89 192
29 108
38 100
42 89
13 58
55 80
40 178
27 216
129 133
64 78
64 77
6 36
36 72
0 78
0 132
41 58
108 168
154 243
41 224
41 128
5 198
22 120
22 99
130 204
