21.007691
1
63
7
944
46 100
124 175
10 175
19 175
56 67
140 159
124 159
47 159
143 222
16 159
104 222
187 222
175 267
231 267
132 195
38 287
102 111
115 272
239 266
1 266
77 179
42 179
222 228
159 258
56 209
76 209
98 209
16 298
155 298
146 212
210 212
228 267
208 267
28 242
225 242
199 242
6 166
69 166
4 166
65 103
27 103
159 242
41 130
44 162
84 130
70 162
166 222
198 273
206 278
255 266
141 179
157 207
3 207
136 251
111 131
156 281
46 281
203 281
269 298
212 220
74 85
72 73
130 290
101 142
261 275
154 291
89 245
87 142
134 291
201 223
120 260
12 245
71 294
9 260
128 260
205 275
0 291
183 223
20 223
45 245
51 275
2 119
60 296
145 296
116 249
116 160
52 125
121 125
8 263
207 246
251 264
251 273
240 251
64 79
131 208
131 180
50 137
238 262
66 221
37 189
117 262
105 218
100 137
18 189
63 218
11 88
24 248
133 221
152 248
67 148
116 298
85 186
85 165
72 83
158 163
158 213
38 149
127 191
127 272
7 14
127 271
7 135
34 107
2 96
115 177
80 82
292 294
285 294
147 185
116 151
125 232
250 263
158 212
17 62
62 79
79 234
95 235
43 295
110 241
132 295
19 235
88 211
137 282
189 257
248 270
218 230
221 253
262 276
212 244
148 178
148 254
58 123
114 122
52 75
21 78
175 280
149 237
149 206
107 113
82 227
32 195
32 172
96 97
177 288
81 175
7 147
39 196
39 68
99 268
99 153
86 162
147 275
17 130
173 242
251 286
17 190
131 286
29 118
15 31
91 194
35 226
23 139
35 255
29 293
29 40
23 229
15 108
15 53
91 94
91 182
35 48
23 279
7 144
88 150
159 289
137 147
144 223
73 119
177 247
78 102
75 269
123 198
82 92
96 185
107 169
286 291
39 151
99 297
144 221
25 106
25 278
110 299
136 214
41 55
51 299
84 214
34 283
90 294
168 179
189 244
218 244
190 284
54 167
5 141
170 259
176 277
170 240
54 287
173 260
36 179
58 161
175 217
188 192
6 236
209 265
49 197
73 256
36 212
126 190
244 256
147 233
103 174
81 150
86 177
32 86
166 193
167 252
40 197
113 200
59 222
109 162
17 107
129 169
190 274
216 267
184 207
57 116
35 86
224 292
15 90
23 90
17 91
181 248
93 158
202 250
13 73
22 266
73 129
22 179
171 285
127 265
99 181
26 142
245 289
174 296
243 286
103 236
125 219
103 112
90 243
161 297
30 92
109 262
57 149
82 219
26 96
59 207
33 85
29 274
33 296
142 202
90 138
122 168
193 204
61 83
176 184
192 284
164 215
164 171
