5.886750
3
22
569
35489
18 57
32 131
41 104
32 119
25 53
90 94
53 114
19 58
58 139
34 136
84 131
67 120
123 128
16 40
41 128
39 58
95 130
16 136
3 99
14 103
18 73
98 103
113 118
8 53
33 121
91 131
19 124
57 130
73 127
1 134
25 68
63 121
68 73
74 93
28 94
117 134
121 123
7 136
94 113
5 38
11 77
61 117
54 82
30 61
29 83
81 105
33 105
105 122
3 105
96 105
13 69
21 100
43 136
36 91
36 99
43 105
51 131
51 92
70 88
70 131
47 89
88 89
37 137
37 101
37 99
79 109
89 111
59 120
40 59
35 134
69 109
66 81
66 73
71 119
71 118
24 56
89 112
24 115
111 115
35 83
53 107
107 134
45 96
9 44
13 37
42 64
42 46
42 124
93 110
110 135
37 76
11 110
58 62
62 94
110 112
45 116
9 116
55 85
55 67
12 44
12 133
10 99
10 138
65 101
15 65
65 132
80 108
108 126
106 108
38 65
20 125
20 48
4 50
4 87
4 48
4 102
82 108
29 108
27 97
22 27
27 30
52 72
26 52
52 60
6 139
6 103
103 129
0 75
0 92
23 49
23 137
31 125
2 31
31 86
20 21
17 87
17 78
20 56
52 129
