10.851928
1
46
8
16520
60 234
184 234
37 234
1 44
73 238
40 238
35 102
224 227
220 227
85 227
81 224
129 194
71 83
66 83
14 194
43 83
26 70
5 70
160 234
20 162
72 147
14 143
51 173
164 206
41 84
12 47
46 47
44 114
125 238
156 229
75 90
19 53
59 90
77 238
102 146
102 198
36 191
122 123
166 231
25 233
0 133
179 231
177 216
213 216
172 232
192 233
164 232
42 133
11 216
34 123
140 203
116 123
201 203
187 194
134 242
205 242
83 84
15 23
10 190
87 190
162 214
39 147
4 199
18 149
16 82
101 199
107 149
218 229
84 157
49 57
44 197
238 246
90 110
90 92
92 96
105 195
106 162
8 48
133 158
232 239
31 227
194 204
23 144
49 203
75 99
42 226
95 99
9 61
9 50
9 62
77 242
33 45
33 141
53 243
77 190
53 106
68 143
21 185
66 237
69 175
20 175
82 91
49 68
3 212
3 248
3 93
167 229
84 188
7 17
47 200
57 151
74 137
126 151
74 207
98 206
74 154
98 148
98 150
92 199
100 231
92 204
7 90
191 246
9 100
6 118
85 217
32 65
105 210
104 240
48 138
104 108
7 215
181 227
23 247
128 194
153 189
120 153
82 100
234 244
51 112
68 210
33 98
65 81
38 52
148 237
24 211
38 58
24 121
24 183
28 94
98 171
147 181
30 147
44 119
44 89
70 135
38 77
228 238
104 106
86 125
88 126
30 173
88 124
24 92
113 196
84 202
22 47
49 145
54 170
34 230
186 229
53 128
33 226
80 160
83 117
118 168
48 193
70 228
47 64
186 216
22 123
92 217
102 230
136 165
129 159
6 236
21 78
80 218
96 221
49 56
112 155
96 208
44 236
44 249
89 120
79 115
97 187
180 241
38 200
191 244
2 84
28 223
64 106
145 197
208 233
52 152
68 176
74 202
70 222
232 245
196 199
68 103
176 188
102 163
63 162
23 245
106 139
100 139
131 147
142 222
70 111
79 167
97 174
29 49
77 209
119 149
170 243
2 3
78 96
96 219
165 191
132 191
13 39
109 231
27 103
159 161
55 242
23 182
48 117
178 190
229 235
127 149
67 247
31 130
7 225
74 76
111 223
169 180
13 169
