17.966667
1
40
1
56958
52 72
45 67
22 117
80 131
38 130
6 149
105 149
12 149
145 149
17 89
17 106
17 114
50 113
54 70
74 118
118 156
104 137
90 118
92 137
118 129
99 123
70 99
17 27
120 126
16 71
16 22
16 23
56 126
54 126
43 123
6 82
35 70
60 123
58 70
2 137
69 126
31 131
14 154
10 119
24 127
8 146
11 151
7 55
29 132
13 26
30 110
98 154
97 107
93 146
85 101
30 106
18 151
37 132
38 85
15 122
4 86
34 83
1 64
13 91
13 47
31 145
19 20
15 138
19 42
3 30
19 63
31 109
21 107
5 139
41 85
55 102
53 68
60 127
51 86
49 125
55 135
46 154
45 108
44 155
44 100
44 57
103 108
40 68
49 79
68 140
66 146
65 157
65 67
61 72
64 144
64 142
61 147
61 94
143 153
83 158
81 86
80 107
78 148
78 124
78 115
76 96
76 87
75 127
49 73
83 152
136 151
59 65
133 139
132 156
119 130
119 128
117 159
116 153
113 139
112 159
111 153
84 155
18 84
10 36
32 40
62 149
16 137
118 134
33 50
123 153
0 137
16 88
82 119
28 123
82 132
50 127
50 65
50 61
70 150
17 150
82 154
95 126
62 151
15 62
25 82
62 139
33 88
39 68
39 141
19 77
64 95
76 134
77 78
121 146
86 121
13 39
0 55
9 121
39 83
49 77
31 121
28 77
48 141
25 48
