9.769595
1
23
6
248353
1 48
67 90
29 92
56 68
9 11
0 11
81 98
34 95
19 71
67 71
45 71
74 77
36 77
12 77
11 96
37 66
54 66
1 8
29 35
23 35
17 94
30 94
66 83
66 98
35 79
8 57
8 61
54 82
21 82
41 64
33 70
20 46
25 52
68 93
27 52
2 75
40 50
43 64
62 76
49 70
48 72
42 93
4 50
13 32
47 75
7 76
69 94
83 88
8 11
10 34
10 39
10 69
10 44
82 87
72 86
93 97
75 95
76 89
72 99
70 85
64 73
32 92
32 60
50 63
55 80
52 65
46 91
11 88
15 38
35 71
6 16
6 56
6 22
28 31
28 53
38 81
3 88
88 93
75 88
10 80
76 80
51 71
58 77
51 66
26 55
35 84
5 94
24 82
5 46
24 50
59 70
52 84
58 64
77 78
28 59
3 18
46 78
26 28
14 18
