29.914286
1
71
601
11219
69 284
150 214
118 263
111 261
222 237
206 291
32 236
133 259
137 261
136 226
11 263
221 283
143 202
25 292
200 272
47 288
75 283
179 292
87 273
53 172
133 184
45 259
180 292
120 265
267 286
70 266
119 288
14 286
158 236
163 273
150 265
187 286
189 226
105 284
182 273
283 299
54 145
41 288
98 131
218 224
168 226
9 218
250 266
22 164
229 236
90 237
47 264
115 266
255 284
123 263
164 172
74 172
58 286
82 218
68 261
143 172
21 202
124 212
16 237
187 245
52 215
5 215
59 215
94 224
157 196
145 157
17 157
156 296
138 296
184 296
140 231
44 231
193 231
84 96
84 298
84 112
12 84
84 139
217 276
276 293
98 276
48 102
102 247
117 122
7 122
122 291
177 288
66 218
66 172
170 274
274 298
108 214
72 168
43 72
72 173
72 285
22 72
65 290
65 205
49 65
65 163
46 59
46 248
46 260
46 119
46 208
19 36
12 36
36 93
36 212
40 63
3 40
40 242
30 57
4 6
213 238
30 243
241 281
6 275
6 297
178 213
6 219
31 170
2 238
213 233
30 245
40 215
188 207
149 295
39 114
39 85
102 148
162 296
135 234
38 135
125 135
71 237
71 101
71 116
15 167
15 54
15 90
15 78
192 244
27 277
27 134
27 275
27 140
10 161
80 286
192 215
113 188
148 161
62 131
26 97
26 295
110 175
230 279
183 268
20 282
92 181
20 23
60 92
34 206
110 256
129 183
160 169
34 232
26 152
62 121
89 110
83 160
76 230
62 155
126 266
92 95
160 198
230 271
183 194
34 176
113 162
10 188
71 94
203 242
37 299
37 240
28 244
28 262
28 225
39 296
77 249
77 195
77 281
216 283
20 207
55 247
61 109
109 189
109 191
154 199
159 174
56 73
73 210
73 124
51 257
64 154
91 257
1 171
174 235
81 197
171 240
35 81
251 252
106 251
13 81
257 269
88 292
154 264
171 239
42 174
204 251
104 236
144 267
153 258
153 289
144 209
142 144
43 153
201 272
190 201
201 294
151 226
33 263
33 273
86 261
147 284
18 99
99 146
132 254
103 128
0 246
29 200
29 253
29 223
0 211
0 8
79 141
79 227
79 280
132 185
132 270
103 130
103 278
88 157
86 296
165 276
2 122
72 177
36 161
276 287
2 67
127 188
188 228
24 231
67 149
151 231
127 241
62 161
50 67
162 230
108 126
107 135
30 126
2 92
166 228
161 257
65 216
81 162
67 220
15 166
0 162
135 203
31 174
165 171
2 153
104 213
183 186
110 126
160 166
107 144
28 186
50 100
29 287
166 251
132 186
55 99
100 147
24 79
103 220
