3.168792
45
14
1022
24229
13 50
7 83
82 83
102 135
35 43
116 131
13 109
65 136
8 90
20 27
110 114
61 133
44 62
29 89
23 97
61 97
18 26
20 26
14 26
95 112
51 87
42 87
68 87
87 112
28 104
3 87
0 9
67 84
8 67
57 71
11 52
21 69
10 69
47 105
15 69
9 74
65 66
97 99
15 74
34 75
34 76
82 130
69 92
39 60
94 123
26 74
26 128
99 108
22 84
22 135
5 88
33 89
47 101
0 104
4 123
4 72
4 60
4 35
27 59
6 59
48 94
73 74
12 113
12 83
19 75
101 130
80 116
78 80
40 127
32 127
66 73
3 5
107 115
107 134
30 41
41 106
41 43
41 63
1 109
1 83
103 128
33 129
52 79
79 137
4 97
6 37
37 121
44 127
91 96
96 114
96 131
96 105
81 126
38 81
4 77
19 92
25 136
25 51
11 67
55 133
55 115
45 93
29 54
24 64
24 102
127 129
39 103
97 98
100 121
100 125
70 132
36 125
36 111
48 96
57 74
45 97
70 88
54 108
77 81
16 50
16 119
2 68
2 122
53 122
53 117
58 72
58 118
17 132
17 31
74 139
1 67
46 124
85 138
85 90
49 120
49 86
49 56
49 139
1 46
