4.554768
1
37
0
18255
0 212
152 248
148 242
38 102
74 97
118 134
174 236
60 237
51 204
91 170
84 157
85 105
51 195
86 181
86 198
87 150
89 197
89 223
90 122
90 241
102 173
92 239
106 153
92 249
93 142
105 231
95 146
103 176
96 222
98 103
103 144
100 206
73 90
234 246
53 184
53 221
55 119
56 62
57 154
61 72
63 220
68 85
71 141
71 165
72 100
82 165
75 90
75 155
76 94
76 125
76 143
76 200
78 142
79 121
79 146
80 90
81 107
81 175
81 185
172 194
156 228
157 178
159 186
160 177
162 178
163 194
164 238
166 215
168 227
170 194
171 180
171 226
154 212
173 188
177 200
180 208
181 211
189 192
189 219
192 217
195 213
215 226
216 245
218 225
222 242
0 85
127 194
109 142
109 217
111 240
112 138
113 148
113 220
114 196
115 164
115 169
117 140
117 190
120 227
123 167
123 191
108 244
128 173
130 160
132 135
133 218
136 150
139 222
147 221
149 231
150 239
151 175
153 237
41 56
36 231
36 235
14 70
13 195
37 248
38 246
39 205
11 85
40 155
35 218
10 118
10 50
9 115
42 229
9 99
8 218
7 178
7 63
6 196
5 199
30 229
23 221
24 219
25 97
25 134
49 227
20 204
20 138
27 183
27 211
19 91
1 150
30 236
17 199
31 189
32 135
33 216
34 62
35 81
16 40
15 216
15 66
5 137
48 191
2 10
47 123
47 76
3 32
46 62
45 199
4 60
4 111
4 159
43 196
4 145
20 240
124 126
126 209
20 67
20 58
3 10
218 221
129 177
129 210
3 26
130 214
18 233
18 199
18 90
18 52
137 145
137 209
140 179
140 221
232 246
112 238
22 123
104 201
113 207
22 89
21 228
218 231
115 187
116 201
227 247
116 230
21 137
21 69
140 227
193 246
207 230
155 216
155 243
203 222
199 224
3 121
195 202
158 233
194 210
12 108
12 63
161 193
3 189
183 189
177 247
16 218
179 232
4 110
69 182
64 103
64 178
65 81
66 208
70 124
42 142
41 190
39 177
77 131
37 235
48 222
52 82
54 203
55 182
58 59
59 196
44 161
61 113
44 77
26 184
29 63
28 218
101 155
88 155
83 113
83 150
