1.305525
21
10
3081
14381
39 63
39 50
40 80
16 79
12 79
78 95
9 76
22 92
45 92
72 90
14 92
73 98
63 98
45 90
60 90
34 90
2 95
30 90
5 92
11 67
35 83
35 49
0 32
58 64
76 86
38 58
88 94
53 80
74 94
7 32
28 34
69 94
16 89
69 84
10 75
18 93
7 18
37 43
35 90
31 73
0 63
12 40
5 63
81 94
79 84
33 63
33 54
65 87
19 83
29 61
9 19
64 87
15 82
35 77
66 82
15 22
24 30
47 77
61 66
13 90
27 85
41 63
23 41
41 75
11 59
59 94
26 51
26 43
25 26
36 79
57 92
4 63
2 17
17 94
44 72
48 86
21 44
13 20
6 91
8 94
8 38
51 68
26 57
74 97
54 97
56 70
6 20
68 70
35 52
52 85
1 3
1 46
1 99
1 27
56 71
71 96
42 55
42 62
42 65
