27.457143
1
90
1064
2890
39 474
239 493
336 495
394 432
427 460
41 431
255 478
109 353
355 460
120 420
110 376
57 70
246 409
68 214
251 358
414 498
188 424
17 432
76 229
318 427
34 229
126 493
160 494
226 254
3 434
37 330
62 287
0 232
438 495
113 424
18 344
147 307
36 106
18 229
150 362
346 498
2 424
40 432
123 434
420 456
79 452
25 434
416 451
168 287
482 494
166 285
151 229
185 314
58 424
292 493
162 353
250 274
128 282
213 422
73 125
1 449
171 374
110 266
63 91
89 498
35 433
115 339
125 281
215 428
278 463
139 433
81 124
146 281
128 287
79 285
350 431
126 440
276 420
43 496
22 70
281 491
155 372
113 496
51 434
238 299
25 147
327 478
353 481
237 474
280 409
237 290
73 358
405 409
410 431
274 495
86 254
182 496
30 399
308 349
131 460
173 358
11 266
101 262
77 351
43 480
77 374
230 474
98 263
123 490
344 493
199 254
178 498
346 453
70 416
318 374
102 362
162 232
354 434
423 497
78 497
40 315
270 380
321 380
371 460
190 337
38 317
88 317
124 317
317 387
374 435
276 335
33 385
56 370
42 370
370 397
348 497
349 471
288 471
252 406
94 465
144 465
88 286
286 449
341 451
6 341
279 341
337 370
439 452
54 439
234 439
228 439
296 440
293 383
91 383
261 383
303 383
221 383
413 485
24 179
129 206
187 206
24 468
468 488
2 468
8 468
242 486
30 242
14 242
249 391
242 320
311 397
311 424
67 322
121 189
101 189
86 189
189 221
189 480
445 467
236 468
176 207
176 288
176 366
176 238
5 498
193 206
153 383
67 176
337 467
223 331
26 331
362 437
80 450
137 263
266 333
333 374
97 195
195 255
195 336
37 195
240 496
70 421
421 431
69 269
156 313
132 156
115 156
262 400
191 400
334 400
304 400
298 400
63 256
170 256
256 479
53 424
81 343
343 463
172 343
112 369
141 435
90 143
36 446
21 168
229 417
278 375
5 357
442 495
23 53
49 353
49 358
44 341
337 343
96 266
104 362
96 380
23 404
317 418
297 358
272 327
155 272
272 430
257 487
186 475
152 186
98 186
46 408
46 187
412 487
21 357
152 231
231 444
445 487
145 281
61 494
145 380
186 371
33 301
65 142
65 166
12 379
379 450
301 348
137 345
153 195
406 417
218 330
54 218
149 218
4 365
4 361
44 443
167 203
167 342
140 167
156 179
256 381
384 396
384 498
116 384
293 384
111 398
183 399
108 186
16 343
133 227
133 253
133 422
133 163
133 363
16 446
184 490
218 389
220 392
220 257
60 118
118 263
249 418
87 472
87 290
114 325
7 15
87 175
114 360
7 458
114 484
100 410
100 150
268 434
268 420
167 295
114 143
352 441
352 385
273 352
265 351
265 342
216 265
265 454
82 407
107 191
201 328
328 472
299 328
233 328
176 240
277 363
277 407
352 378
104 395
3 95
95 273
95 462
404 443
4 294
174 264
157 174
263 459
95 315
27 388
27 32
27 361
133 193
284 372
284 428
119 263
26 103
103 142
103 148
103 386
107 219
99 204
69 446
111 381
211 483
211 287
174 219
112 375
183 206
105 117
76 105
105 212
192 312
192 419
192 494
192 366
289 464
289 401
185 289
135 269
154 248
60 154
154 291
184 206
130 455
48 326
45 403
48 93
130 319
48 489
130 258
48 223
45 476
45 310
99 389
198 477
45 320
159 432
177 215
177 340
469 474
393 459
7 74
196 411
130 335
200 414
200 470
47 382
382 415
382 453
138 254
217 304
217 245
161 376
161 316
84 161
20 34
167 256
10 493
71 408
71 300
210 252
210 247
225 329
28 127
28 312
225 302
158 260
260 325
260 398
260 324
225 466
198 465
135 413
90 133
465 469
225 378
45 296
137 259
196 260
74 289
31 477
31 283
259 367
59 308
59 473
194 213
194 332
92 241
92 271
205 364
209 309
205 222
347 373
164 448
164 425
194 377
347 447
205 292
209 235
267 356
267 314
83 426
83 369
224 461
224 354
13 224
122 129
122 433
195 289
75 323
75 483
243 306
165 181
243 499
85 359
85 214
243 244
85 390
165 436
165 275
9 66
72 208
169 202
64 307
19 72
66 429
50 72
64 457
202 368
52 387
52 55
136 409
106 197
29 305
305 402
197 338
136 433
197 492
202 412
134 339
134 180
4 82
347 395
92 322
80 164
141 305
209 367
61 164
66 297
85 159
138 243
20 165
10 72
