20.983379
1
54
2
26441
128 201
99 138
35 218
9 140
7 154
14 217
125 165
0 153
36 179
53 244
170 205
229 236
113 137
40 87
26 149
131 149
93 226
70 226
188 226
138 226
87 105
87 140
87 110
19 120
19 22
19 129
19 238
105 149
165 235
219 235
45 235
166 235
25 127
117 203
122 203
27 211
55 143
12 211
78 127
45 143
69 203
8 104
11 150
59 141
35 150
81 104
124 174
128 141
148 174
20 57
76 212
87 185
21 94
162 222
19 121
149 216
143 196
90 143
127 232
104 168
150 163
57 221
104 107
212 214
141 209
212 231
174 200
141 236
132 147
13 182
13 90
222 240
39 172
29 86
29 100
39 52
39 62
4 198
6 186
66 223
70 186
75 241
54 242
40 241
133 241
193 198
33 220
9 220
111 223
204 223
201 220
180 198
181 242
194 242
21 23
5 112
58 126
8 169
3 106
50 126
30 142
37 106
36 191
15 23
0 142
10 97
211 225
7 31
38 108
26 60
178 230
47 80
14 88
150 237
57 73
41 91
99 123
32 91
85 123
13 74
13 225
53 67
83 175
96 118
29 216
29 74
186 192
97 154
97 247
169 195
106 187
169 189
142 224
126 210
191 248
23 79
112 156
191 202
64 71
88 164
42 82
230 245
80 157
34 153
17 215
34 95
17 125
60 233
34 43
31 227
42 229
64 207
31 103
88 130
91 170
17 144
60 183
80 239
42 98
230 244
108 206
108 136
16 137
16 146
175 218
102 179
102 116
46 159
46 176
46 199
44 56
18 28
18 113
44 139
63 115
63 65
16 119
63 134
102 217
67 152
246 249
238 246
160 173
64 237
44 121
118 167
160 185
87 203
32 61
75 145
184 226
150 197
87 190
68 184
127 208
197 222
19 243
145 167
48 73
68 177
208 213
106 211
94 223
94 198
92 220
184 242
72 174
155 203
2 235
72 104
158 211
46 94
1 143
102 132
31 184
88 197
57 77
13 89
16 197
141 151
49 212
68 135
171 197
94 114
68 114
92 161
29 49
72 177
158 213
19 24
48 149
84 226
109 241
109 112
72 126
77 186
23 51
34 89
151 230
91 190
108 243
1 80
2 44
51 63
127 228
212 234
68 101
222 234
39 61
