54.266667
1
113
194
10362
72 229
104 281
113 381
71 255
258 334
198 357
214 330
4 301
35 219
34 281
302 353
159 333
280 357
45 346
18 392
115 153
298 366
372 381
136 211
197 281
280 374
41 370
86 288
214 368
194 366
83 211
62 323
66 153
350 381
162 284
247 370
76 211
90 390
5 370
119 357
16 255
97 284
130 255
249 374
246 330
46 323
293 333
161 353
125 242
294 366
82 323
170 369
101 369
123 204
165 204
142 334
271 333
165 354
382 392
12 390
108 374
180 219
53 229
70 229
44 296
119 303
299 393
52 390
188 330
296 392
168 334
173 333
149 204
164 284
341 369
160 374
140 153
253 353
73 229
143 219
85 166
166 256
81 166
352 361
212 361
340 361
270 358
175 270
270 271
8 270
111 221
221 249
221 391
259 385
44 259
218 259
17 54
153 174
330 348
17 137
17 268
88 344
321 344
319 344
201 269
95 201
38 201
33 211
81 128
299 318
32 318
148 318
233 363
10 363
1 363
193 326
69 283
283 367
171 181
274 283
160 171
171 235
129 171
283 319
45 74
74 78
68 74
251 365
109 251
251 398
216 334
339 366
6 59
6 301
6 193
216 357
199 241
199 208
57 381
52 199
210 232
210 272
199 314
97 210
141 210
213 284
65 300
300 368
300 306
99 288
99 107
118 189
48 386
219 335
169 261
21 337
103 105
103 317
99 379
63 248
84 231
2 223
169 254
118 275
172 369
21 124
60 353
43 360
118 286
2 94
61 310
48 276
29 308
61 264
228 243
26 320
48 89
228 312
84 102
26 399
43 342
11 14
63 92
61 100
131 185
11 121
84 311
11 146
131 396
24 281
29 55
43 262
29 96
63 355
21 186
103 343
131 257
19 370
2 378
228 376
26 238
169 273
338 380
245 338
125 338
166 348
215 282
224 226
290 383
227 237
202 203
394 395
287 394
192 202
122 265
80 226
239 279
279 347
42 151
144 307
145 215
236 237
117 394
240 336
179 187
237 329
91 279
138 176
75 265
28 290
157 290
226 297
267 356
58 215
336 351
49 144
20 42
152 336
187 252
158 190
134 202
265 362
98 187
190 388
37 42
51 190
15 138
250 267
138 196
126 267
144 303
31 36
36 93
36 73
375 377
285 375
191 392
323 325
229 325
304 333
40 328
40 217
4 40
39 56
56 120
56 393
205 374
114 364
79 156
163 397
79 354
30 127
30 86
30 154
225 373
163 234
163 346
79 387
112 209
112 242
112 195
349 390
0 358
0 50
0 27
255 277
167 220
167 292
230 305
132 178
225 266
7 23
64 147
178 309
200 207
147 222
244 332
110 225
77 114
147 155
206 230
114 133
200 260
106 244
9 200
47 167
230 322
23 324
178 331
23 263
244 371
313 391
291 361
177 348
17 177
174 326
201 291
201 327
116 177
33 318
327 363
251 344
270 384
33 283
174 289
177 338
313 361
150 291
118 174
259 384
57 318
57 363
177 265
24 327
99 327
177 200
128 172
221 277
290 348
17 325
295 344
112 174
116 339
138 291
33 202
326 375
87 327
57 300
29 216
228 339
19 150
315 335
315 316
3 171
19 169
21 24
61 67
43 335
67 131
2 335
74 349
135 184
22 289
6 278
184 316
25 384
67 389
139 216
213 375
183 315
210 359
135 389
57 345
22 25
205 315
13 215
172 394
13 42
172 226
60 187
103 295
26 183
84 183
60 139
63 304
279 384
13 345
48 205
3 11
13 147
67 167
23 24
19 230
60 244
190 278
191 336
205 267
3 237
79 183
87 182
225 359
178 182
114 182
163 182
