19.962021
1
81
0
6086
329 335
60 379
179 203
28 113
296 410
137 183
393 422
38 447
287 386
55 363
70 326
238 420
73 96
101 204
232 289
156 266
200 417
104 291
256 449
246 445
247 375
247 429
248 295
249 286
250 355
251 445
103 383
256 301
253 408
106 443
106 118
243 434
105 186
104 431
117 449
234 248
124 439
124 307
123 200
123 195
122 312
121 302
120 393
241 301
119 123
110 345
242 283
117 151
116 178
115 248
100 283
114 295
245 271
113 350
112 419
112 260
272 273
86 210
85 183
84 448
84 215
267 288
83 404
83 306
83 236
269 277
82 115
270 392
263 421
272 409
275 358
279 321
280 444
283 443
77 148
77 136
76 405
285 416
82 303
260 345
103 293
102 272
101 395
286 289
99 427
257 277
258 349
259 350
97 367
97 280
103 299
96 139
95 199
94 328
262 291
91 256
90 314
90 191
89 311
88 418
88 173
170 318
176 306
175 332
175 283
174 377
174 207
209 240
173 379
172 402
172 390
209 264
171 395
178 241
210 422
167 384
167 281
211 400
167 217
166 323
165 310
164 211
163 433
190 194
199 372
199 386
198 316
196 412
195 436
194 226
201 341
193 380
193 245
203 288
204 338
163 236
189 411
188 198
187 324
187 265
186 327
186 233
185 274
184 373
208 290
179 360
229 324
225 318
143 392
143 274
142 406
142 290
141 370
140 279
139 347
228 310
135 193
134 159
223 318
230 250
230 351
131 241
131 158
130 376
129 427
231 256
0 79
232 427
126 230
154 401
212 297
162 352
162 340
213 288
161 412
160 277
159 292
214 242
158 415
157 414
155 361
125 317
219 279
220 423
221 313
152 156
151 349
150 209
147 202
146 147
145 308
145 184
18 271
45 240
17 46
44 275
43 382
17 408
42 233
18 48
333 338
16 294
339 407
339 425
40 337
40 284
19 63
40 137
382 437
319 323
13 158
320 432
14 149
48 278
47 403
47 402
47 366
348 371
47 55
46 399
14 416
46 330
46 309
15 241
323 343
16 226
28 52
31 439
370 383
31 212
30 199
369 373
22 219
30 51
29 146
368 377
32 377
360 435
23 173
24 260
360 446
26 362
26 72
25 394
376 410
19 227
19 276
38 124
37 152
20 297
36 218
36 102
350 372
48 340
35 116
34 220
356 412
33 140
33 138
33 111
371 382
370 423
62 188
4 243
296 361
65 220
64 324
63 176
5 116
300 348
6 210
67 177
6 401
61 339
60 411
59 67
302 420
303 392
395 417
8 297
71 158
75 447
75 335
286 442
74 192
73 312
0 298
72 226
1 76
12 317
70 311
2 376
69 90
426 445
290 326
414 446
67 354
414 424
51 228
53 83
52 353
52 276
52 235
9 25
51 389
51 316
51 238
311 387
51 130
50 428
50 421
50 397
11 320
12 266
313 329
12 334
308 426
305 408
10 243
11 308
310 363
54 370
57 267
364 438
396 413
385 398
430 444
440 445
211 315
408 436
214 226
211 388
381 392
201 325
207 297
210 391
381 413
369 406
418 430
205 254
408 441
205 237
206 247
378 398
210 263
263 285
261 396
261 370
304 419
308 374
302 364
256 263
254 412
254 360
254 318
254 274
252 263
127 388
286 440
282 332
279 378
275 346
274 406
288 328
294 391
268 344
265 398
302 325
344 350
230 412
230 385
350 357
226 336
359 365
342 445
222 311
222 255
360 365
216 322
331 408
248 271
322 370
244 312
244 255
239 360
239 243
237 377
50 87
56 441
56 323
52 109
51 197
58 186
49 395
49 272
48 92
47 144
46 108
45 398
68 427
80 247
78 226
77 438
76 359
42 279
68 262
67 206
66 357
66 186
62 224
62 169
62 132
62 110
58 241
12 153
22 331
21 262
21 81
25 271
7 290
7 90
7 29
3 339
3 262
0 181
0 128
41 398
41 133
39 304
33 168
27 346
27 173
144 277
159 216
153 406
128 254
127 197
182 247
192 342
180 279
167 260
98 382
93 283
93 247
85 98
84 181
80 382
114 275
107 370
