7.360807
1
24
13
102687
58 72
26 106
73 86
19 82
58 82
24 41
32 48
40 48
28 76
16 76
89 108
22 108
72 80
45 114
79 114
9 95
92 95
42 106
38 78
64 78
21 45
94 104
91 104
46 68
15 68
14 17
62 70
31 70
35 55
33 55
5 53
28 88
49 106
56 71
34 110
18 89
76 117
25 114
83 86
86 112
82 100
41 83
41 59
48 109
108 119
80 90
95 118
4 109
87 105
26 54
57 106
17 69
17 66
70 74
53 60
53 85
53 84
30 87
1 25
1 52
56 107
29 44
29 54
29 67
3 43
4 43
96 114
70 96
55 96
13 20
68 75
104 116
86 116
10 77
10 98
30 99
53 116
71 96
71 116
41 113
17 113
1 51
3 37
21 63
20 57
14 61
76 93
17 93
68 101
65 95
65 108
7 48
41 115
78 115
7 82
5 11
1 2
29 61
47 78
36 114
50 78
55 81
10 37
30 111
27 71
63 110
10 102
39 56
56 103
8 106
8 95
10 101
23 49
0 6
12 102
2 12
0 51
97 111
27 97
