17.335848
1
68
6
6781
91 257
28 198
291 302
19 195
16 385
212 252
110 252
62 285
82 285
134 285
185 242
56 295
191 279
188 318
38 380
125 182
158 206
64 345
7 294
222 294
204 345
106 345
83 294
172 345
120 170
8 170
19 170
60 386
198 386
88 325
205 208
176 369
151 369
318 369
33 68
49 266
90 266
33 143
254 266
111 118
97 118
12 227
211 227
4 160
11 160
12 192
43 117
127 368
302 368
173 364
16 308
291 308
22 236
240 308
148 236
129 364
149 364
95 236
153 321
273 321
91 219
187 219
200 300
230 294
22 41
17 41
179 274
6 274
217 274
170 295
131 340
169 340
10 75
53 75
235 340
49 75
68 252
193 325
54 261
133 287
266 354
143 229
143 357
23 258
123 258
100 225
196 225
140 317
52 317
54 386
118 161
48 104
227 359
101 178
117 193
333 368
236 263
69 184
219 239
321 372
219 384
109 181
86 181
80 336
185 336
300 323
65 310
150 310
195 310
68 330
92 160
41 188
294 300
130 284
256 352
116 352
145 352
280 345
92 300
47 324
113 298
276 289
14 289
81 121
48 121
287 368
68 281
341 361
266 320
258 343
72 232
103 232
130 170
317 389
315 379
166 315
315 358
225 378
126 220
363 366
250 356
129 292
183 224
136 366
122 141
94 141
264 387
162 293
115 292
180 356
119 246
175 293
38 45
207 220
377 387
2 224
24 44
18 44
10 20
257 339
75 287
104 142
28 31
111 171
160 281
117 312
117 157
184 283
184 398
321 351
139 181
284 336
317 325
27 133
27 89
144 337
30 46
280 334
225 287
130 219
322 365
168 383
322 397
168 241
300 340
84 244
132 324
84 272
84 248
263 298
289 329
121 199
178 369
108 382
87 247
201 253
125 253
267 314
191 221
158 247
77 221
15 314
331 382
202 296
239 361
261 361
225 313
135 249
232 299
45 290
220 326
356 399
224 362
44 165
246 388
387 390
45 112
292 301
141 286
118 184
20 177
339 396
104 255
104 320
57 353
8 63
176 332
56 163
51 152
96 335
108 303
31 206
73 156
0 9
174 234
46 186
0 164
107 279
73 233
107 316
174 307
174 242
0 226
68 361
54 141
74 144
36 228
74 166
152 205
335 385
84 192
322 351
168 269
168 334
3 285
241 296
92 251
35 386
238 325
325 374
194 348
286 348
54 277
68 107
245 266
366 371
155 312
143 346
214 231
63 393
332 347
142 360
231 394
163 182
58 214
61 230
227 367
118 128
59 160
59 192
36 160
73 218
44 130
238 364
138 218
189 321
303 325
39 375
319 380
37 139
209 237
85 194
85 102
209 270
93 208
67 355
37 333
120 203
200 282
72 210
11 395
202 260
116 271
173 381
14 210
26 280
130 171
6 216
79 328
280 304
54 55
41 367
189 274
98 294
25 345
39 92
15 243
97 137
106 124
287 305
287 319
42 369
308 342
215 258
117 297
61 308
280 353
280 360
147 192
181 374
66 157
13 321
146 340
79 130
252 349
252 376
93 280
285 373
3 178
306 317
322 346
124 132
21 58
237 391
164 311
50 285
26 78
128 366
13 315
92 344
70 386
159 338
40 223
1 220
1 292
1 387
32 287
287 311
1 105
3 232
29 168
138 251
310 370
118 259
5 227
227 265
159 369
213 269
197 255
71 352
78 167
249 277
274 288
105 268
75 309
154 371
98 224
246 305
71 293
114 293
40 219
42 356
262 304
46 370
67 215
178 275
154 258
3 392
327 337
322 350
34 84
25 394
66 114
46 243
190 268
147 278
99 137
76 327
50 391
