31.816667
1
67
13
22344
16 179
94 220
116 195
66 125
20 70
30 211
190 191
150 191
135 191
141 191
168 211
39 211
164 211
64 221
89 221
125 221
139 189
69 214
105 229
193 229
143 234
101 115
129 224
15 115
36 216
34 234
155 207
176 189
175 214
7 212
154 224
41 234
23 189
186 212
180 214
83 207
92 229
55 212
51 207
79 216
49 216
94 115
187 224
126 136
75 136
131 166
114 204
123 223
123 239
114 217
6 181
45 181
123 137
95 114
114 188
104 123
116 248
30 248
76 158
78 158
158 195
65 183
183 239
93 183
121 242
12 145
80 145
107 121
106 145
71 121
39 121
10 33
10 209
10 215
24 240
117 124
24 58
9 57
24 54
10 177
27 82
82 126
82 169
82 217
127 192
37 192
192 227
196 232
124 196
72 196
222 225
16 222
122 222
15 144
112 174
152 244
46 147
152 165
40 157
120 152
5 68
128 148
142 218
40 220
148 156
46 133
98 112
40 132
8 236
112 118
96 160
142 172
17 96
0 8
148 245
8 19
142 179
20 46
96 247
43 151
43 194
26 43
68 85
68 110
18 57
47 61
47 200
47 199
18 91
18 111
11 233
11 209
11 97
28 50
31 182
2 241
31 178
32 213
59 167
44 208
31 185
32 53
44 203
2 22
2 161
4 60
4 206
28 198
4 130
28 63
59 228
59 226
44 56
32 102
205 218
149 201
77 86
14 246
42 149
103 246
162 219
246 249
13 35
81 138
25 35
3 162
77 166
35 134
138 202
73 149
108 138
21 162
38 74
159 237
159 170
70 159
119 190
48 119
119 197
67 200
146 229
88 211
1 191
117 216
84 221
84 224
207 210
29 212
1 189
173 214
90 115
99 234
145 146
121 153
113 181
181 192
9 145
84 123
100 131
144 146
112 181
136 205
131 238
18 153
87 131
146 238
131 243
90 136
9 109
35 146
146 149
24 184
114 173
84 113
46 117
10 52
9 96
230 248
4 9
32 117
52 231
87 117
62 183
222 235
24 62
29 196
67 248
171 231
8 235
47 210
43 52
140 152
148 235
38 184
52 59
68 163
28 140
31 210
62 109
171 210
140 159
2 163
1 138
163 246
1 87
163 243
162 230
11 99
44 62
