45.600000
1
94
2120
14023
275 287
172 338
73 265
183 319
2 240
216 238
130 264
127 179
97 249
57 321
59 302
163 307
213 299
171 338
99 293
58 336
22 214
245 321
196 269
77 238
256 341
4 35
41 346
316 319
162 287
227 307
219 336
310 321
69 293
51 236
176 313
218 341
93 259
241 265
171 346
318 333
88 236
83 307
311 319
96 214
87 259
234 313
99 103
166 274
163 216
103 287
21 259
5 214
14 108
110 298
89 236
20 341
288 302
25 274
122 239
222 274
24 336
144 346
131 346
156 264
212 287
221 264
61 313
115 265
239 298
292 293
181 338
242 295
80 238
75 302
211 298
165 266
78 266
129 266
15 266
212 232
232 314
66 232
47 282
235 282
56 282
130 208
118 208
86 208
208 279
74 224
46 224
267 291
267 342
267 331
146 267
122 209
45 209
205 209
165 339
153 339
185 339
328 333
328 348
197 328
309 327
242 309
200 309
128 304
231 304
304 318
247 253
78 247
148 247
49 247
76 321
46 76
290 302
209 266
157 303
157 191
31 157
14 62
62 306
11 62
285 299
95 285
106 285
40 264
40 52
40 215
40 240
203 255
109 203
196 203
83 322
54 131
127 143
143 337
16 143
182 201
201 323
187 201
123 296
123 159
123 330
124 214
39 265
39 307
60 346
3 287
278 319
42 263
42 92
42 52
111 226
17 137
137 335
13 137
226 344
134 340
140 226
145 219
44 97
35 44
44 138
98 177
125 332
85 192
158 246
33 281
160 305
33 320
85 133
26 173
33 189
168 236
160 283
98 233
160 204
116 273
37 180
158 184
98 237
125 250
6 152
168 274
161 313
37 67
116 210
116 334
37 198
125 225
26 135
85 174
26 229
6 207
6 117
158 249
266 278
298 325
232 278
315 341
267 328
53 113
4 53
53 186
149 199
32 150
71 147
28 30
164 178
100 260
294 345
70 294
114 150
151 308
132 312
68 147
30 326
254 317
55 312
142 199
65 260
38 294
312 349
178 329
10 178
9 151
193 254
147 217
19 139
260 272
90 254
139 297
0 30
91 151
150 301
199 202
64 139
141 195
84 261
120 141
101 105
84 119
141 268
82 194
170 244
36 154
170 220
154 270
107 126
126 188
136 286
82 262
101 251
126 243
50 136
7 82
136 228
101 342
238 248
72 84
154 206
8 170
112 269
34 112
112 169
121 340
12 121
121 252
102 230
18 102
102 179
79 338
48 213
48 276
43 48
259 347
1 94
336 347
1 27
1 108
23 293
123 282
60 282
208 322
157 290
76 280
201 339
124 304
271 278
145 247
29 290
63 309
315 339
223 267
160 290
76 85
209 257
258 328
124 277
161 203
167 271
116 322
280 325
76 170
134 143
54 168
63 277
1 290
54 324
155 324
137 226
62 300
3 98
155 343
134 158
39 104
284 322
82 322
54 248
134 175
125 161
54 347
104 161
3 147
39 260
60 294
29 167
124 154
44 223
42 81
126 134
175 343
137 289
226 300
63 178
136 168
6 190
63 84
26 248
37 289
33 300
190 254
139 248
258 312
190 284
30 257
81 151
199 347
23 150
79 141
48 190
