40.768544
1
98
16
1044
146 313
284 296
11 385
104 385
10 101
184 242
95 242
154 386
2 185
64 387
195 387
361 387
183 241
37 83
237 296
261 313
155 379
135 182
211 352
270 301
294 299
38 299
143 241
12 386
27 204
42 196
41 182
176 192
68 299
219 310
14 296
40 170
6 354
331 385
311 353
49 301
122 193
159 359
88 365
117 212
22 379
222 396
136 391
199 352
180 196
35 170
269 353
393 396
197 359
105 182
265 391
325 359
156 353
162 298
37 38
172 301
173 212
89 304
10 177
300 305
76 177
129 304
51 148
134 278
84 166
94 293
328 330
251 293
101 193
169 298
139 354
96 148
32 166
135 242
99 224
36 210
274 365
16 352
227 278
62 192
5 330
133 244
145 224
7 110
161 210
43 244
60 110
303 310
82 144
56 69
111 305
190 354
158 244
125 330
125 192
171 315
2 315
125 396
71 82
48 131
102 144
158 177
30 396
119 387
28 365
17 81
200 276
238 314
3 108
57 149
55 61
72 87
158 241
44 158
124 164
93 142
98 165
301 319
212 319
241 319
150 299
23 204
69 167
83 322
125 322
87 322
107 144
107 165
306 384
54 150
100 319
9 166
9 112
185 382
245 382
61 323
298 323
293 399
108 399
113 399
1 6
59 359
163 345
329 345
85 260
228 260
68 198
210 285
170 179
82 198
46 204
97 204
198 310
198 379
8 285
179 365
44 59
59 164
59 276
81 179
285 388
194 311
254 313
254 386
68 254
242 254
151 315
24 150
25 322
167 285
291 391
180 258
156 280
242 257
299 390
69 256
90 212
83 369
69 216
224 283
278 326
354 372
193 342
293 357
330 334
53 208
53 378
65 220
65 286
65 232
129 378
83 264
8 363
8 74
244 316
29 79
39 302
29 335
39 347
39 45
192 202
242 275
170 191
298 343
110 364
102 255
147 393
210 252
241 317
313 332
166 360
177 187
245 308
123 329
70 109
297 386
261 333
108 271
239 395
61 92
165 226
164 341
15 253
239 362
165 367
314 389
20 188
21 309
148 157
119 127
119 394
119 255
289 385
81 266
276 368
8 75
15 288
142 348
314 392
149 268
21 90
21 207
21 91
82 312
82 128
131 225
304 339
144 214
131 147
164 397
87 138
52 206
108 327
142 246
20 370
149 250
61 374
52 121
87 115
276 346
81 175
20 355
63 66
63 178
113 160
113 377
53 141
54 209
54 106
54 116
112 321
112 350
31 323
167 236
77 289
100 308
77 213
100 344
23 123
167 287
23 324
100 230
167 375
77 218
100 109
263 384
273 342
46 86
95 217
0 205
0 13
130 243
1 152
31 221
103 290
24 295
25 277
31 320
1 80
97 376
103 371
31 231
1 181
46 280
97 358
97 337
24 73
25 118
24 168
103 398
46 174
229 296
58 193
63 229
33 130
197 249
8 249
26 319
58 77
86 320
26 150
77 381
13 356
215 323
44 120
110 189
131 189
383 388
20 340
68 340
83 132
53 132
29 380
204 351
196 259
65 349
347 395
0 338
63 351
113 240
262 386
85 281
201 234
292 310
15 262
52 282
29 34
34 149
34 39
54 380
119 307
307 391
304 318
318 353
23 240
23 259
21 233
224 366
233 352
126 196
148 267
6 78
6 50
114 125
278 336
69 137
126 142
137 314
305 366
65 336
267 385
247 322
112 234
9 247
9 18
0 189
52 279
158 279
217 235
25 349
103 282
47 292
50 399
114 179
4 47
67 113
223 305
144 248
68 223
18 373
153 297
19 258
4 272
78 203
19 140
67 263
33 186
120 186
248 281
