31.014286
1
68
20
17365
85 144
195 246
130 133
42 133
63 133
160 224
111 224
60 224
201 221
26 237
17 151
65 70
16 176
38 234
173 234
32 137
153 171
26 198
64 198
30 226
106 226
151 226
114 198
147 213
40 203
70 203
76 232
28 238
20 167
200 213
35 228
24 228
134 248
148 167
68 167
189 248
236 238
54 232
7 248
186 228
21 238
149 232
156 203
212 213
90 191
141 191
13 191
111 131
131 133
92 131
116 131
131 173
85 184
124 184
159 247
66 247
2 78
8 107
8 103
8 233
8 84
53 105
105 136
11 105
94 105
209 224
217 222
210 217
153 217
80 155
2 80
25 80
42 125
125 179
125 144
125 165
83 87
25 83
47 204
83 115
83 245
121 199
37 192
27 219
27 182
27 137
37 99
37 195
152 238
167 231
78 131
57 109
163 171
163 215
6 163
57 108
16 57
128 191
29 107
29 207
29 237
23 136
23 32
23 176
88 187
88 201
10 88
81 166
59 145
166 216
56 86
72 95
202 239
86 229
1 86
45 166
190 196
12 72
44 59
185 190
4 202
61 190
34 72
58 59
77 202
174 230
174 188
3 177
174 246
3 214
3 101
17 172
172 181
172 205
198 241
33 161
82 204
41 82
33 194
19 33
82 93
69 242
18 69
150 206
48 142
113 135
91 120
97 150
150 249
15 51
104 178
69 112
113 122
178 223
120 143
5 48
48 154
51 129
120 183
0 73
178 240
51 132
36 170
22 46
22 98
50 225
36 89
14 162
22 244
36 220
9 227
39 123
39 211
14 197
39 235
9 31
14 168
50 138
74 113
0 65
0 158
49 157
118 146
49 221
118 208
49 139
118 199
50 71
9 119
43 226
213 243
169 228
75 248
140 232
62 203
164 194
52 101
131 140
231 247
67 184
37 209
102 209
8 110
47 100
121 218
57 117
117 163
152 218
29 121
96 117
55 126
105 180
164 184
52 247
193 218
152 190
3 152
55 172
126 193
82 121
80 175
69 121
27 243
39 55
9 55
117 118
128 175
102 127
140 218
79 96
23 75
67 166
79 88
169 202
59 175
86 175
72 75
22 110
62 174
67 120
150 241
178 180
127 169
48 79
62 113
14 43
36 140
51 169
50 79
