65.839337
1
143
19
19741
50 281
83 250
80 361
57 254
90 314
13 390
2 292
148 257
400 414
225 260
336 402
30 123
72 320
122 314
306 312
28 264
65 224
270 323
0 390
233 364
316 346
345 454
213 333
291 490
213 468
300 334
178 250
92 116
150 339
130 249
276 364
38 333
329 402
10 339
227 264
78 119
59 129
220 254
192 354
184 300
241 405
8 77
14 147
35 346
376 422
5 449
103 123
11 89
60 323
212 224
261 281
240 267
307 416
34 116
182 449
213 322
399 447
107 301
267 405
52 259
40 226
359 439
197 247
197 495
177 197
21 275
416 458
186 479
186 314
146 247
18 170
299 434
299 402
25 299
359 407
136 407
404 458
69 104
22 187
56 187
1 12
109 307
39 56
157 422
19 384
334 477
36 472
33 472
335 468
141 361
76 499
215 328
293 297
7 151
325 405
303 478
17 313
89 213
4 23
51 219
61 160
3 236
19 191
121 142
101 142
79 383
110 383
288 496
68 496
234 422
46 284
311 434
143 177
74 454
88 474
471 478
6 266
184 458
125 451
371 451
94 102
9 102
277 499
139 390
208 454
459 499
289 354
58 325
9 177
137 468
165 177
58 348
262 477
29 477
134 477
427 439
209 474
341 439
87 451
255 458
256 478
180 387
319 447
174 434
169 415
221 284
211 284
156 249
280 479
99 260
290 415
163 496
41 479
133 187
153 322
126 266
171 267
95 267
204 257
385 495
348 384
429 490
117 322
140 292
108 260
190 490
189 434
53 118
42 320
265 495
161 344
282 325
230 391
31 241
388 447
173 344
408 414
127 333
149 474
142 383
87 121
494 495
96 241
139 447
244 322
224 452
191 391
166 415
228 452
198 241
47 353
47 383
47 170
139 301
142 396
281 396
77 492
264 492
43 384
93 131
258 353
47 151
232 266
160 438
415 438
226 438
123 455
439 455
364 455
112 414
112 346
112 297
284 395
104 395
313 395
406 474
158 422
15 292
158 344
98 323
242 300
242 249
361 369
320 406
239 334
302 496
449 482
98 384
15 266
44 236
24 419
64 186
86 416
242 454
300 482
15 228
98 275
119 435
85 259
23 419
44 254
131 242
12 302
16 492
187 206
85 257
71 396
116 482
187 200
309 339
354 406
70 369
44 300
26 369
199 309
115 158
98 239
73 419
85 239
239 302
106 482
128 435
66 302
15 62
183 435
200 309
44 48
27 309
200 406
85 248
111 416
231 479
186 217
217 369
187 410
32 410
81 416
131 185
46 421
297 338
56 176
247 393
301 420
313 440
236 318
23 67
100 380
56 392
297 437
82 355
25 159
247 457
264 431
119 351
82 144
313 374
170 343
104 269
100 473
89 485
77 155
328 488
151 397
131 498
100 326
36 394
292 413
116 124
387 436
393 447
236 245
301 327
82 229
259 401
24 37
24 75
70 365
70 463
25 55
219 274
70 214
391 466
143 155
346 428
160 377
224 337
402 444
353 418
390 483
449 453
254 357
414 421
135 387
468 469
229 388
361 426
118 465
118 403
133 168
133 205
281 467
344 372
256 352
259 433
249 373
166 476
123 194
354 424
333 394
25 286
307 375
89 298
275 356
7 403
76 245
219 370
314 382
353 450
142 358
108 485
307 412
383 442
12 423
472 480
364 481
25 135
257 268
12 330
147 162
328 484
323 456
275 304
160 425
151 461
226 347
226 352
147 201
320 409
23 296
104 263
119 441
339 475
77 138
102 218
232 464
133 285
312 476
312 340
22 49
22 487
325 350
129 164
129 417
250 253
362 468
147 362
199 486
62 152
26 378
71 252
115 462
199 470
248 310
86 154
106 207
62 273
248 491
48 283
63 443
63 105
66 246
183 315
32 432
106 210
66 342
62 493
206 411
48 216
128 175
71 386
16 497
86 114
86 317
27 97
26 235
106 196
27 389
183 222
128 287
206 295
115 181
16 145
248 272
66 398
183 349
128 331
32 305
64 91
73 381
206 278
73 430
16 368
199 332
71 238
48 448
64 203
115 120
32 202
73 363
26 324
63 294
27 243
64 179
22 308
93 308
102 237
131 360
271 360
54 387
54 312
251 334
118 460
100 460
228 460
193 299
228 379
139 367
379 455
197 366
366 438
200 321
63 460
396 446
132 490
279 328
20 133
279 391
20 472
82 132
113 499
195 334
113 250
47 172
223 458
158 367
195 395
172 419
435 446
170 445
22 489
228 489
274 326
129 445
111 193
24 45
45 70
84 251
167 188
167 464
