15.318405
1
41
1
1546
17 42
9 95
103 161
148 151
50 114
28 194
93 102
40 86
158 193
80 155
17 72
69 72
47 181
104 155
73 170
72 93
72 136
65 155
127 170
53 68
57 171
21 152
79 171
59 78
56 120
7 25
96 152
79 120
148 152
153 171
91 115
161 171
74 120
10 64
28 31
8 43
38 43
46 94
24 115
52 68
162 180
87 145
87 193
94 165
115 198
94 101
75 100
64 195
64 173
87 189
25 40
71 102
75 183
152 154
78 133
78 126
68 81
43 114
71 199
31 113
83 110
71 90
83 177
31 86
83 196
42 140
9 128
6 128
30 70
0 54
164 172
1 89
16 108
11 122
23 44
41 182
19 116
35 44
39 116
159 168
20 108
60 141
117 166
50 142
51 140
107 142
95 132
49 132
47 124
61 124
48 135
85 132
103 172
97 122
99 116
76 141
98 140
58 92
71 169
166 187
4 37
168 179
32 191
168 185
34 160
44 167
32 134
32 149
34 178
66 129
108 194
135 136
3 29
45 182
14 18
14 156
89 192
89 190
143 172
142 175
84 176
84 146
84 127
141 147
2 88
2 112
4 33
2 138
54 118
122 169
3 92
128 188
70 184
166 197
66 144
15 155
72 181
73 109
109 159
10 13
15 43
22 45
156 163
167 186
27 65
123 143
152 181
162 170
64 181
72 83
163 188
55 118
27 184
55 144
13 82
63 197
15 141
15 84
15 137
75 94
68 87
12 139
31 64
58 139
36 170
106 155
108 170
5 181
12 32
120 125
58 62
94 130
87 121
5 58
4 12
83 119
68 131
71 174
115 119
15 22
15 26
54 157
105 142
67 122
128 174
89 106
105 172
124 150
34 121
131 168
111 155
44 157
130 166
181 186
116 150
2 125
78 111
58 77
34 63
