15.009739
1
48
2
22902
84 89
14 73
59 116
24 53
72 110
7 223
99 219
26 240
58 150
88 93
195 227
124 204
207 238
29 100
69 100
149 202
188 249
114 249
53 249
156 249
95 229
110 229
88 91
40 229
15 91
52 80
11 127
3 32
47 80
100 215
100 107
28 65
46 48
144 241
91 117
179 248
223 248
56 62
42 248
62 116
84 199
104 199
123 199
237 248
19 71
19 85
80 151
161 196
32 64
244 245
33 212
143 228
142 228
123 245
192 228
48 194
6 18
24 70
35 54
76 165
143 173
188 231
79 90
91 132
80 239
80 243
228 240
160 212
117 212
212 219
48 146
48 74
18 197
18 218
70 118
70 154
54 148
54 195
170 220
17 75
17 36
17 106
55 221
55 57
184 189
55 160
105 214
66 67
128 152
177 203
149 152
43 51
39 152
20 51
21 51
23 203
37 140
156 230
178 200
136 140
164 198
186 211
7 211
208 211
119 198
61 230
101 162
83 198
50 200
63 140
68 226
77 97
141 201
182 185
144 201
31 45
34 137
58 185
60 96
1 45
206 226
62 216
199 243
113 120
73 138
4 121
76 183
108 183
26 121
157 237
28 44
99 171
9 25
10 111
11 112
79 157
21 213
72 172
38 81
54 74
17 180
98 132
66 167
107 203
100 202
130 162
64 200
230 246
96 124
97 174
96 238
226 233
185 187
137 225
45 158
5 30
138 224
78 139
0 169
78 207
120 191
49 232
0 109
5 210
120 175
27 147
49 103
27 129
27 105
0 161
49 150
8 145
8 222
172 236
112 155
44 234
25 204
81 170
100 229
2 93
92 247
2 181
201 217
97 146
138 167
5 180
8 159
111 239
171 216
32 127
32 80
50 115
55 202
38 176
19 70
18 196
91 173
55 65
98 127
48 231
194 205
193 209
65 86
48 94
36 82
12 125
41 130
78 202
214 248
13 202
189 228
190 217
82 159
32 198
131 166
235 249
65 201
65 185
168 249
86 214
133 229
126 127
168 229
19 153
122 127
16 241
162 220
51 214
135 226
87 212
90 140
138 220
0 135
120 135
18 133
54 242
22 220
92 220
8 94
202 209
19 163
137 235
45 153
65 134
135 176
102 165
131 137
16 102
12 41
