23.754762
1
64
3860
7478
0 249
242 268
8 268
78 254
148 222
109 210
3 283
93 237
74 249
179 243
226 249
30 237
235 258
185 258
69 236
214 297
51 214
17 258
64 268
41 237
227 243
50 272
199 283
26 108
71 296
5 214
154 243
85 276
5 137
199 220
261 296
129 208
101 146
6 45
45 217
25 146
171 212
11 181
264 296
80 222
92 146
108 191
44 108
42 93
163 248
127 140
34 140
140 149
12 140
78 159
159 228
6 159
46 280
217 280
280 286
28 282
3 75
18 75
143 214
143 146
29 128
31 174
94 174
79 174
174 177
180 243
82 146
94 104
100 215
137 215
203 222
73 198
34 76
76 209
76 273
76 287
110 224
72 153
213 240
2 274
2 225
2 63
37 242
37 275
37 134
2 195
37 49
139 143
2 42
234 297
110 132
88 132
132 196
269 278
266 269
162 269
1 268
1 129
1 216
1 255
1 177
67 181
58 67
140 240
206 229
28 76
128 224
4 37
104 229
68 75
76 180
68 271
192 240
0 40
10 36
166 259
18 166
2 271
156 174
126 163
20 128
96 97
52 96
96 197
96 124
132 211
60 280
143 245
55 75
141 255
141 212
141 290
50 141
24 89
24 284
11 24
23 47
75 269
145 276
72 145
85 202
202 213
39 202
20 173
128 291
91 250
250 264
184 250
218 250
136 284
136 222
99 108
99 249
81 272
81 86
81 221
67 82
198 232
105 252
105 131
105 152
130 282
130 164
240 269
87 201
87 247
19 87
112 125
92 112
112 190
98 112
67 156
204 210
197 204
204 238
47 211
75 141
262 265
9 265
265 281
183 274
183 292
178 246
178 182
147 178
36 76
170 258
170 268
103 106
103 223
120 220
120 158
103 225
103 151
119 239
7 119
69 119
119 150
203 288
224 288
13 24
244 291
77 293
102 155
102 113
77 138
77 187
102 260
54 159
105 206
204 280
87 143
59 144
144 231
122 152
16 122
122 295
7 188
188 267
188 299
29 188
160 207
160 209
175 279
135 182
56 253
14 175
133 169
114 121
43 90
66 135
84 115
65 160
121 205
135 270
123 169
253 298
90 285
21 121
169 193
27 115
194 253
35 175
115 241
107 165
57 118
95 111
22 157
57 256
38 107
161 233
62 189
161 186
48 117
277 296
83 251
61 83
117 294
95 142
22 53
83 172
161 176
107 200
62 168
117 289
33 95
167 224
178 240
2 219
4 57
40 250
192 230
143 169
55 116
13 90
62 173
70 153
15 176
15 191
60 144
202 265
126 144
62 232
244 277
54 112
141 263
54 257
77 219
32 167
54 95
116 121
22 257
102 277
32 107
115 277
70 117
175 263
83 230
253 263
