34.958333
1
81
6
10984
90 316
207 312
110 194
124 270
247 313
202 274
33 324
79 214
65 315
11 225
132 322
66 298
118 129
269 332
285 340
168 335
311 335
44 335
247 335
198 283
198 281
62 198
51 287
44 287
203 287
234 317
234 297
7 195
7 78
7 279
7 311
126 319
189 319
268 319
230 253
214 253
253 282
0 253
91 253
86 209
120 330
86 340
120 264
39 120
59 94
60 86
312 327
306 327
55 290
88 290
29 290
101 327
274 343
39 343
128 343
98 257
146 222
98 218
98 165
28 296
98 204
138 235
233 235
172 314
284 316
56 284
131 172
25 284
79 172
114 172
64 284
305 338
305 317
289 305
29 305
11 142
66 142
142 341
52 137
12 71
42 220
41 177
249 275
71 261
23 243
32 250
33 71
215 325
250 269
168 215
46 328
155 328
75 280
329 337
59 337
82 220
81 280
112 248
130 248
138 248
95 243
2 173
220 298
80 243
63 328
68 250
240 337
157 275
133 173
104 173
17 177
116 137
181 215
90 275
92 137
141 150
229 242
201 233
64 150
150 303
150 276
136 273
136 332
129 136
50 97
97 252
97 196
30 346
49 226
123 148
226 300
202 226
148 216
15 148
1 167
3 313
43 163
43 115
3 304
3 302
99 315
43 259
99 231
1 158
1 322
99 262
10 183
13 347
149 256
149 271
160 260
164 324
10 307
121 342
121 206
13 27
31 69
6 45
10 153
31 227
164 200
160 318
149 159
34 122
13 67
164 331
121 188
6 211
160 323
34 286
34 267
6 301
31 336
205 251
151 205
187 291
132 187
105 187
85 205
140 143
124 143
143 210
157 170
191 299
191 230
110 191
178 236
87 184
111 182
241 254
223 232
224 229
22 145
182 339
184 192
145 194
72 184
232 344
135 232
134 182
161 345
53 197
54 57
18 19
19 237
162 178
117 197
51 54
145 218
54 61
161 212
24 178
25 161
38 241
125 147
197 277
19 91
135 239
48 73
176 255
176 297
73 285
73 119
199 296
14 199
199 263
115 326
238 258
190 320
174 207
26 238
16 309
16 268
238 246
37 171
20 314
93 179
113 144
9 77
108 310
70 93
4 208
108 221
4 139
190 222
77 186
190 219
8 84
84 278
89 349
20 292
37 65
5 89
93 152
89 193
76 108
102 113
174 265
4 30
77 127
84 166
113 348
7 198
151 334
175 338
217 279
126 175
103 128
120 287
58 86
172 287
287 346
234 248
198 228
7 242
94 136
164 234
28 275
184 287
213 234
58 74
288 290
58 143
97 235
154 253
58 191
228 327
94 308
58 241
107 154
198 334
77 234
86 293
28 83
266 319
294 305
146 160
146 149
107 333
94 197
99 272
215 288
3 35
107 326
107 295
120 244
89 94
36 106
96 98
146 182
28 232
74 272
36 308
10 242
34 242
321 343
83 294
28 93
146 295
245 280
109 142
40 284
21 337
96 173
185 328
243 266
40 137
148 293
107 156
150 185
35 178
177 326
136 239
1 245
108 201
180 343
43 169
47 106
13 21
6 47
142 180
125 170
217 280
31 169
121 321
109 113
84 224
100 156
238 244
