56.916667
1
128
3
6022
28 297
72 466
31 96
135 438
81 453
8 270
92 101
251 392
171 313
85 300
319 414
354 414
283 414
9 414
130 331
279 399
279 346
279 401
131 279
202 373
202 300
202 270
130 476
25 65
173 240
173 438
285 460
96 173
65 243
29 130
65 355
65 238
65 236
130 307
67 285
194 279
329 334
311 334
11 334
67 334
118 377
181 394
99 394
162 377
69 394
64 377
258 377
149 394
164 273
226 273
273 466
209 273
221 248
233 333
231 454
261 337
34 337
46 383
249 465
218 366
32 333
134 383
325 333
248 484
337 499
366 387
416 465
126 467
463 467
22 340
241 454
340 499
17 465
57 248
117 366
90 454
154 340
390 467
200 320
320 347
278 320
138 472
362 392
223 265
92 138
362 475
191 230
191 481
265 433
265 431
235 355
78 84
265 288
263 368
263 326
15 361
3 180
15 446
3 317
3 68
50 244
3 167
82 345
82 247
15 140
82 108
82 126
63 150
63 162
63 275
39 79
23 455
147 266
219 369
266 280
145 316
342 430
179 219
193 219
166 266
159 342
2 342
88 190
219 267
116 255
84 425
138 343
263 303
176 191
362 411
79 274
76 88
259 362
255 444
255 376
84 111
104 289
79 254
138 183
88 295
171 492
277 492
379 413
56 492
104 413
182 413
326 442
133 282
26 442
262 282
216 442
70 282
59 384
105 339
246 434
72 360
19 447
388 433
215 474
461 478
404 406
250 478
168 482
297 338
125 339
341 417
324 393
153 393
424 468
287 335
74 406
13 458
436 496
18 312
93 315
330 468
94 312
66 312
97 443
188 434
25 315
10 338
372 482
239 474
184 384
193 341
141 341
206 314
315 348
83 443
360 386
24 443
480 496
0 287
128 496
203 338
293 468
156 434
1 458
470 478
358 406
86 388
437 447
107 447
232 482
309 360
100 384
101 287
115 314
139 474
144 339
119 388
38 257
49 257
257 471
271 418
418 479
336 351
351 450
428 456
205 253
286 415
226 418
23 415
194 428
313 428
415 439
145 351
91 155
81 310
16 412
75 208
8 54
359 389
6 403
77 113
80 352
54 349
54 114
98 197
102 155
20 163
382 403
44 308
61 80
403 491
371 440
7 75
113 189
112 174
124 308
268 453
109 251
308 385
103 197
174 353
310 487
165 298
142 359
161 177
177 318
137 412
136 301
177 475
201 398
298 329
186 252
170 359
163 427
155 207
30 75
268 380
197 317
113 244
196 310
301 497
412 462
252 423
213 371
175 301
220 371
298 402
29 109
41 252
143 485
143 276
31 143
123 460
129 204
129 493
43 121
48 237
178 451
43 449
129 296
43 408
55 381
48 60
178 321
55 169
48 264
5 272
178 397
35 85
152 187
21 157
152 222
55 356
35 464
172 422
172 494
21 33
152 452
35 399
21 71
172 199
110 192
110 378
110 488
123 327
123 407
58 62
211 242
62 185
224 243
45 343
409 477
5 387
224 395
36 217
5 228
217 429
224 323
217 306
45 473
39 214
27 53
53 448
281 421
45 350
281 426
294 299
52 120
294 344
87 225
87 319
242 445
87 367
151 409
294 357
242 291
52 198
52 149
409 410
62 160
53 135
11 432
1 322
386 420
430 483
299 483
9 420
38 227
14 184
234 331
4 498
133 396
396 401
227 238
173 202
130 465
202 320
88 173
285 374
202 289
84 454
255 383
235 333
79 342
63 374
63 289
15 266
88 435
285 363
65 245
173 292
334 489
122 394
37 285
130 469
50 496
360 374
50 332
146 467
122 454
51 465
383 489
51 320
248 441
255 459
89 340
89 366
256 455
214 467
106 337
253 455
84 146
3 305
127 412
127 252
197 235
310 374
263 305
155 374
148 455
210 342
127 328
210 316
235 328
132 289
40 82
265 469
50 217
48 289
15 158
123 127
35 50
266 391
79 495
106 219
62 435
191 486
316 375
375 455
42 365
195 304
287 459
302 442
256 365
12 212
332 457
245 458
73 468
302 338
284 474
51 339
51 304
292 384
42 174
195 364
229 282
47 393
47 447
400 434
419 482
40 312
443 495
478 495
406 441
12 351
212 391
405 457
73 177
359 363
248 322
210 301
132 284
113 210
260 428
80 95
163 400
148 419
40 490
391 403
371 391
37 398
75 229
95 490
106 308
364 400
47 405
234 340
290 333
4 383
110 469
95 409
47 55
172 400
21 419
129 260
281 419
43 158
178 229
242 486
40 152
191 370
263 269
314 432
163 370
