9.800000
1
25
11
36453
76 126
29 58
11 107
25 103
6 43
35 42
47 138
28 138
114 138
1 138
137 138
65 132
76 132
120 132
35 132
39 124
121 124
67 124
36 113
6 136
98 136
103 136
12 105
10 105
86 105
97 117
61 97
59 97
102 125
125 131
106 125
90 125
22 112
92 112
44 112
44 115
13 84
84 87
48 118
29 84
82 91
69 118
15 82
30 118
73 77
51 77
0 77
63 128
128 139
64 123
7 96
8 120
8 25
8 17
4 8
32 83
83 85
83 101
14 79
79 94
11 19
19 56
94 130
37 63
10 62
62 135
62 122
60 62
9 41
9 137
21 106
24 119
24 58
3 72
23 104
23 40
20 49
3 107
49 127
26 33
33 55
50 53
49 74
3 117
33 110
50 126
16 23
50 133
34 88
15 70
45 78
70 114
31 96
46 57
80 93
68 89
52 90
89 108
31 134
80 109
46 64
52 75
47 80
18 138
7 124
100 132
83 136
77 97
14 136
7 111
14 84
38 66
38 139
7 77
21 113
54 97
5 112
5 111
27 125
45 124
14 116
71 123
71 83
8 27
54 116
18 123
37 123
129 136
34 97
7 49
14 23
89 115
95 123
2 105
2 118
21 33
81 100
62 81
99 129
