29.969048
1
73
3
9971
11 241
33 251
89 221
23 114
226 252
45 111
191 275
81 207
37 49
83 112
50 67
44 67
65 67
86 158
158 247
63 88
39 63
63 238
19 63
126 144
15 265
15 160
15 178
142 298
138 298
21 298
232 298
136 294
273 294
230 294
84 263
142 297
239 263
23 297
59 263
125 297
263 275
55 132
110 202
78 243
7 35
101 187
3 78
110 166
132 266
140 192
132 286
132 249
35 251
35 252
48 99
25 58
25 120
25 165
48 193
48 247
25 28
49 162
187 234
173 269
269 285
269 292
82 167
167 168
146 167
164 170
162 238
64 164
14 164
164 181
78 208
78 288
35 204
187 293
9 157
157 240
123 162
162 200
79 157
111 246
8 229
217 278
248 253
114 229
70 253
65 253
10 229
11 246
33 278
52 272
60 272
32 272
241 280
62 280
182 280
28 290
12 290
84 290
81 159
112 195
270 289
191 228
214 270
61 195
140 199
176 284
94 270
220 242
129 195
6 242
89 274
103 159
2 257
97 159
47 199
227 284
228 237
274 295
256 284
249 274
74 228
0 257
52 235
124 201
38 201
57 68
34 223
153 221
39 72
7 153
153 189
156 215
68 113
147 215
45 69
223 279
109 175
107 223
215 222
36 109
80 193
68 126
69 100
72 213
69 287
172 216
72 150
77 117
80 288
117 145
37 106
90 226
90 211
106 141
106 121
105 264
105 212
93 105
71 261
31 66
85 91
75 102
4 51
116 133
30 169
54 139
27 46
27 163
27 276
43 224
22 188
22 205
43 134
4 185
30 203
18 42
18 180
71 73
18 197
71 108
30 282
22 118
54 206
43 155
54 177
98 267
102 122
115 127
31 40
17 210
91 260
102 104
56 271
98 225
29 198
20 86
20 119
20 231
116 268
93 115
56 245
91 259
31 83
13 17
14 116
16 98
29 207
17 143
29 131
53 137
115 161
53 186
41 53
218 283
137 236
63 158
184 209
182 184
87 282
67 297
67 151
110 158
135 144
15 187
144 167
158 244
158 215
158 216
154 294
144 280
151 269
25 171
110 151
171 192
95 187
78 154
157 171
132 183
106 144
190 294
148 298
116 144
1 15
151 195
162 281
196 297
263 299
171 254
92 183
92 151
48 235
95 201
135 219
95 130
192 262
154 255
167 174
109 183
233 269
71 95
164 250
48 258
5 192
4 171
91 154
270 281
272 296
67 179
24 76
15 283
254 257
174 242
149 277
233 284
194 290
1 159
1 244
196 277
24 194
117 296
255 291
105 291
98 219
53 262
5 223
5 72
22 148
27 299
1 43
18 194
56 194
5 17
102 250
54 258
96 183
26 157
95 152
128 149
87 117
