33.867992
1
104
3
4400
66 268
195 199
35 50
198 253
168 246
0 122
164 227
40 162
16 24
285 320
29 383
19 459
243 390
306 380
305 356
288 366
1 342
166 186
170 467
105 471
389 489
463 493
253 493
28 493
287 493
28 304
37 493
30 264
179 264
51 473
193 473
329 473
401 473
424 473
149 267
214 470
315 416
62 492
198 492
64 416
392 416
128 492
73 134
164 314
182 314
211 314
11 134
137 387
215 273
22 175
16 95
119 327
193 327
100 273
304 335
304 413
304 440
75 328
75 488
27 80
264 326
264 490
76 352
441 442
356 400
121 355
251 431
348 355
209 352
197 355
88 431
81 400
168 442
36 431
152 431
248 400
52 442
314 383
134 391
21 358
35 358
151 271
120 397
137 260
204 260
222 271
128 358
90 271
32 397
122 173
14 87
72 173
67 155
243 302
99 155
48 466
235 302
273 288
17 311
59 311
143 289
7 165
74 177
96 133
94 190
21 47
158 188
130 165
51 54
219 242
39 289
112 180
78 131
210 234
75 414
75 309
75 381
70 300
224 369
264 274
156 281
29 281
202 352
219 465
397 429
173 259
87 345
155 202
466 484
302 411
155 388
327 414
95 432
175 284
175 337
273 486
175 475
311 430
54 303
47 343
289 498
242 362
188 291
188 228
54 367
177 277
165 469
190 244
165 257
133 403
133 389
177 415
349 433
180 435
131 342
131 346
234 428
234 364
162 446
161 376
41 434
215 443
136 376
13 446
171 443
221 443
283 446
189 434
149 376
82 434
3 86
31 105
60 412
60 123
254 372
254 331
31 395
31 425
300 404
60 107
369 499
369 467
254 494
408 418
195 418
339 418
239 426
307 426
84 113
232 377
5 217
268 464
46 124
272 480
185 286
220 286
58 476
17 178
79 124
255 482
4 278
36 361
101 178
325 361
270 278
313 480
229 286
453 476
340 455
347 476
69 384
24 217
127 455
427 482
109 384
419 480
306 464
176 377
296 455
125 377
57 324
292 489
292 322
292 483
42 493
182 262
320 341
293 439
203 276
118 258
104 262
40 276
138 351
153 351
167 258
145 439
154 341
77 111
43 225
6 49
45 290
89 103
140 148
260 309
102 319
108 472
19 386
199 279
0 279
25 318
214 318
101 129
98 129
91 386
332 438
352 493
242 297
133 406
190 333
311 458
183 394
242 449
47 321
50 53
10 53
180 458
66 240
41 308
23 421
1 226
213 379
227 310
32 205
93 323
254 432
300 394
86 426
84 201
84 274
84 406
217 317
124 196
257 361
350 464
80 304
439 461
351 422
341 445
262 436
276 402
258 263
175 267
267 273
111 399
33 266
111 353
103 295
142 146
142 174
68 245
49 485
49 282
225 299
290 456
68 223
290 497
33 181
103 409
142 380
231 284
2 312
349 470
26 117
26 390
150 451
18 460
44 375
44 216
44 474
343 438
114 236
150 261
18 359
26 63
12 144
12 241
12 491
15 382
15 159
114 212
114 365
18 265
15 115
322 478
55 363
150 230
55 344
55 186
335 472
80 416
8 194
42 134
310 487
326 357
205 250
277 308
357 410
226 247
92 471
338 358
275 305
20 37
20 61
275 459
85 477
184 301
92 172
95 334
87 267
131 338
57 327
148 449
225 462
68 312
95 442
304 465
334 355
234 492
8 252
95 358
8 475
240 323
191 396
273 466
289 387
249 381
184 201
218 324
85 433
267 298
56 267
300 327
447 473
102 470
2 470
42 60
43 336
207 493
57 190
57 311
454 492
98 132
46 163
267 278
3 431
177 180
172 316
363 450
364 468
328 373
107 370
57 374
54 292
393 400
34 338
264 398
80 361
42 276
349 351
238 350
83 110
448 470
385 470
56 133
191 470
192 416
12 349
387 481
387 479
178 397
18 80
134 496
314 423
334 360
334 379
183 286
65 80
327 405
163 462
160 297
71 333
371 486
208 252
3 480
57 421
238 337
271 354
269 455
260 437
147 443
38 418
157 289
131 354
292 417
3 15
93 97
173 368
330 466
302 496
188 330
93 206
31 192
280 300
26 269
369 495
111 454
93 452
49 147
75 139
135 264
200 338
338 420
298 448
8 38
187 393
231 360
374 457
233 377
97 476
417 439
97 262
116 314
233 290
225 233
124 385
423 482
114 417
384 495
169 464
103 354
55 97
341 405
169 258
44 157
200 400
354 444
150 368
9 398
256 457
141 407
106 271
87 237
141 256
47 294
369 378
126 447
384 450
33 208
83 132
