2.974584
28
14
1404
13771
7 105
49 64
49 102
48 49
12 49
49 110
37 49
106 115
38 63
20 74
41 48
77 109
33 74
3 88
34 70
73 107
12 94
85 100
16 38
60 102
18 51
51 98
72 86
74 84
25 80
29 80
80 86
24 80
80 108
55 80
65 100
53 65
45 80
4 113
54 63
42 69
37 69
114 117
110 117
57 96
54 72
25 89
67 89
46 89
56 89
4 80
71 111
98 111
79 115
61 115
61 83
47 61
44 61
6 75
50 75
90 98
21 90
90 109
90 107
52 100
52 64
68 83
68 100
68 73
6 68
16 35
26 35
95 114
17 24
17 74
96 103
14 70
14 22
28 99
62 92
15 89
27 91
91 113
91 101
34 91
39 91
90 103
79 99
22 76
76 82
0 61
108 118
98 118
62 95
11 55
11 59
13 42
13 88
1 45
7 8
8 43
23 50
23 105
36 94
36 93
66 87
19 66
66 93
66 116
32 78
32 77
2 30
2 57
31 112
31 97
31 81
10 58
10 116
5 58
5 119
9 47
9 104
9 40
1 31
