1.948295
1
29
10
5602
11 130
12 91
53 175
46 130
58 101
38 130
20 177
24 130
81 101
94 177
43 177
88 150
85 96
4 89
53 130
53 89
108 175
108 160
69 150
129 136
32 91
35 79
44 46
1 99
76 171
102 171
48 136
74 136
27 136
79 150
1 103
41 49
135 175
139 175
123 160
45 160
103 160
90 91
108 155
129 155
112 155
5 133
97 133
54 89
83 173
78 173
3 47
48 52
49 173
53 173
2 49
2 96
102 137
42 171
50 103
107 155
104 112
109 150
140 177
101 140
108 169
148 169
30 169
122 177
49 147
49 87
46 121
144 171
29 176
49 154
47 140
21 82
5 82
54 174
54 122
52 138
47 113
52 70
61 140
2 144
50 151
46 145
103 114
23 63
94 149
111 153
63 93
160 170
96 164
69 105
125 176
82 168
143 160
91 143
95 155
161 171
18 161
57 156
63 118
8 166
35 166
67 125
55 149
2 57
14 53
142 153
150 165
17 103
53 128
133 167
46 72
41 60
0 6
18 106
20 71
46 62
46 163
131 171
37 100
37 159
80 156
51 104
26 150
40 49
91 178
86 137
19 65
65 124
15 49
33 42
54 152
67 73
50 116
54 66
14 109
63 126
10 89
6 22
33 92
17 19
128 172
86 115
10 133
37 77
71 142
60 157
63 66
133 158
16 50
68 175
31 96
89 134
39 108
91 146
162 175
96 119
49 56
9 170
84 133
7 141
34 54
52 98
36 50
50 59
22 120
37 116
54 132
120 169
117 169
16 73
7 179
28 167
127 164
13 64
64 95
25 51
132 179
75 165
106 110
