1.722332
1
26
0
30038
41 140
24 71
4 138
14 73
46 116
42 44
42 113
43 129
44 135
45 82
45 144
45 150
46 58
39 131
46 146
47 75
48 133
53 69
55 108
55 126
56 133
57 95
32 111
23 109
23 152
24 98
26 108
27 84
30 81
30 115
31 99
60 117
33 129
33 149
36 41
37 114
37 145
0 31
38 128
39 103
107 143
88 158
89 151
90 114
91 94
91 156
96 122
97 104
101 147
88 110
107 151
114 148
122 157
127 130
127 133
128 154
133 157
137 140
76 136
38 69
63 105
64 94
65 110
67 98
68 129
70 91
73 117
76 84
59 100
76 138
78 110
80 126
80 153
81 112
86 124
86 130
87 117
19 28
2 119
12 91
12 101
13 29
13 137
19 62
9 159
9 93
9 21
0 49
14 36
8 42
4 9
17 123
17 120
17 96
7 130
15 71
15 105
1 54
2 11
1 111
23 104
22 144
0 102
1 132
10 155
11 17
83 149
6 142
66 137
83 100
74 77
69 125
79 103
79 95
9 26
69 137
76 106
72 91
72 97
74 97
10 124
117 139
3 50
103 112
106 118
3 20
110 112
112 141
117 133
3 64
118 141
121 143
1 134
130 134
131 135
0 112
5 45
6 97
5 125
5 85
5 46
92 98
3 145
99 121
34 155
19 77
35 52
35 114
18 151
25 50
40 103
27 129
29 91
20 98
51 119
47 158
61 114
63 151
16 92
