21.850000
1
48
15
38049
114 174
71 116
59 176
49 82
43 172
97 172
68 152
30 167
134 152
83 172
35 82
111 167
29 136
46 82
55 63
141 176
16 136
32 176
48 152
79 136
117 167
12 63
22 63
119 157
9 157
10 157
106 157
92 108
96 108
1 122
1 9
85 148
14 148
92 93
73 140
119 140
140 168
52 101
99 101
3 101
62 178
62 66
44 125
44 175
44 139
62 70
6 156
13 170
13 84
13 80
14 89
81 118
4 107
7 47
17 56
17 160
4 123
4 130
4 106
17 132
17 22
7 110
7 125
7 100
53 75
53 109
42 86
6 103
103 112
86 147
0 103
19 69
102 155
64 91
128 149
57 150
19 129
11 19
88 116
24 40
90 128
128 159
91 154
37 57
8 24
88 137
50 115
31 158
115 142
102 121
57 173
45 102
115 166
91 162
24 164
20 31
28 39
39 131
88 104
39 71
31 87
77 138
94 144
105 171
33 38
58 94
41 105
36 113
143 177
113 135
76 105
38 74
94 118
25 38
21 113
60 114
60 153
2 60
63 145
145 176
145 152
1 93
15 18
15 65
15 146
23 34
23 95
23 151
89 167
89 136
93 148
157 163
51 157
1 179
120 172
1 81
82 133
72 168
72 147
1 126
26 98
26 54
13 62
145 169
44 169
5 89
140 161
101 126
39 93
13 81
93 105
53 156
61 179
7 81
148 165
44 177
27 62
5 127
128 163
89 113
133 179
51 138
156 165
53 120
57 126
91 126
61 124
23 81
60 161
78 103
78 115
19 78
24 27
102 127
31 67
67 124
38 67
15 67
26 177
