12.446632
1
30
2
135305
11 12
8 20
39 78
77 105
48 104
66 119
17 46
31 46
36 77
46 81
46 116
36 67
7 9
12 24
38 52
32 34
9 39
24 79
9 97
24 80
24 76
42 62
42 65
42 69
52 90
16 100
16 25
52 117
29 42
16 22
108 110
45 118
20 110
21 110
49 91
35 74
66 102
101 111
83 91
75 111
73 102
15 74
5 111
8 43
18 43
61 74
51 91
41 57
0 57
33 99
11 50
98 99
27 47
28 71
23 59
3 6
19 93
31 93
34 118
22 118
79 102
50 115
57 104
99 103
50 64
71 107
47 58
71 109
47 106
59 84
6 82
6 72
59 95
37 96
2 113
2 88
2 53
1 48
1 30
1 29
37 114
40 44
40 68
40 94
37 60
36 46
52 119
36 52
85 112
63 85
55 63
2 119
36 92
46 89
86 119
32 91
32 57
54 74
54 59
42 92
6 54
9 89
16 70
54 87
10 102
92 111
4 110
13 99
14 119
13 71
10 37
10 40
4 50
47 70
10 87
13 56
56 92
16 55
26 86
