1.570437
52
9
22017
26270
14 73
32 73
32 95
30 73
39 76
55 67
9 55
9 69
45 69
69 94
31 76
15 77
59 98
75 98
65 87
23 87
1 58
45 66
70 87
18 93
61 75
36 39
0 23
44 88
4 88
47 52
41 47
48 70
53 94
6 81
43 48
2 99
31 85
36 92
37 48
10 58
64 80
18 98
72 77
12 72
17 42
13 78
78 84
78 93
56 98
64 66
17 80
19 37
2 33
33 84
29 85
10 82
3 13
49 91
61 82
4 27
48 78
6 78
48 91
20 69
28 98
8 41
8 12
20 27
28 89
48 57
22 57
11 24
11 69
35 96
22 35
34 74
50 71
34 56
50 87
86 97
54 97
16 96
16 83
29 97
48 97
53 97
51 68
25 60
5 67
5 26
5 79
5 52
25 63
43 51
25 42
21 73
7 40
7 24
21 54
46 95
46 90
38 62
38 74
