5.168432
1
21
2
2230
0 119
31 108
9 48
29 81
36 116
89 110
64 101
24 53
38 53
9 25
53 110
53 138
68 69
22 85
34 85
68 85
96 123
31 95
6 59
17 59
54 95
25 121
25 77
111 126
105 126
16 120
87 120
5 8
0 8
66 69
46 90
29 74
20 90
12 41
95 134
59 63
43 82
43 86
21 101
11 27
11 84
21 137
11 109
21 40
21 48
25 50
25 118
40 126
85 124
8 81
41 129
41 102
74 83
90 136
43 88
49 64
49 116
11 71
44 92
26 92
131 139
14 139
75 99
47 99
7 72
39 71
60 125
23 91
36 114
100 114
70 133
65 79
52 91
108 133
6 42
53 59
117 139
77 92
76 94
76 127
32 79
42 122
35 58
35 51
57 67
56 80
73 117
11 25
43 69
125 132
7 53
57 118
56 104
23 93
16 93
70 135
106 123
13 69
13 21
43 115
53 112
51 107
10 32
15 66
4 126
41 106
78 85
1 95
115 128
62 88
59 61
18 95
15 104
28 132
39 97
76 106
73 120
115 139
18 120
45 106
8 130
90 130
115 125
53 98
112 128
19 69
85 113
2 95
78 99
10 59
30 37
30 61
55 120
33 90
19 106
33 99
103 125
3 103
98 107
