12.912189
1
62
2
6571
103 271
21 292
35 290
16 18
27 115
48 287
143 335
148 191
15 313
120 182
20 312
126 323
185 329
188 328
34 118
55 118
44 234
0 318
56 248
216 349
17 349
44 85
83 85
164 256
35 256
290 349
55 81
36 81
86 324
292 324
168 194
135 167
99 117
110 127
118 220
112 234
234 269
234 331
60 230
60 146
227 326
271 326
264 298
261 325
150 325
62 219
198 219
102 325
27 219
16 288
5 108
121 288
73 208
143 233
149 289
13 233
275 289
68 208
170 256
85 188
85 152
256 287
51 283
45 283
233 312
26 58
77 131
86 147
10 31
33 88
324 346
194 328
50 295
235 334
57 334
193 238
6 173
21 67
13 64
166 268
92 232
92 197
190 254
118 348
175 332
248 257
255 262
252 298
66 326
183 298
223 288
288 335
108 315
208 228
7 274
70 155
131 329
84 302
84 141
38 279
38 260
58 165
7 169
58 148
70 317
283 309
74 314
74 170
19 239
19 20
74 106
31 240
88 139
88 213
40 286
40 93
19 322
31 321
138 192
138 163
116 320
147 172
116 133
104 267
104 299
194 297
180 231
127 276
194 250
47 204
107 263
191 294
14 294
111 204
189 222
251 263
200 222
25 204
274 295
113 211
113 291
113 140
167 344
167 205
210 293
156 226
22 293
69 184
109 226
182 245
151 158
67 323
92 297
92 257
75 195
125 341
285 310
25 203
32 171
63 203
247 305
48 347
63 218
215 218
89 199
103 199
41 347
6 178
80 137
57 82
53 130
36 98
32 78
98 110
100 124
74 338
84 231
7 254
88 253
40 224
147 299
138 306
85 190
201 263
294 319
113 241
245 301
293 308
158 337
184 266
225 245
101 250
238 332
144 249
49 272
144 281
49 196
217 276
180 234
127 175
9 87
129 270
157 284
163 305
8 112
152 159
9 342
129 296
46 187
129 336
157 186
46 96
46 95
59 318
42 201
105 179
94 105
179 277
82 225
78 313
248 333
318 333
132 228
100 142
209 339
214 282
52 120
8 262
71 94
52 97
12 177
209 223
234 237
81 104
219 234
118 289
167 194
118 131
222 280
38 248
144 241
60 116
113 175
130 338
9 72
157 267
60 181
137 224
39 316
216 303
73 202
34 90
175 229
12 79
71 119
176 253
43 280
43 348
2 79
15 300
45 246
59 208
124 345
92 326
233 333
174 283
81 285
167 181
174 221
125 333
61 147
175 245
255 268
11 66
31 108
30 206
54 183
58 330
221 298
242 318
318 343
3 318
288 340
31 181
108 259
60 176
162 248
70 229
263 333
158 174
180 184
104 226
59 293
75 330
138 340
42 256
122 349
91 256
157 174
129 174
28 180
167 304
37 117
127 162
2 117
117 214
23 72
153 344
29 205
29 119
61 243
181 204
128 298
212 325
3 58
212 283
19 311
116 278
9 64
40 278
4 181
65 259
76 217
173 236
207 248
134 318
244 248
30 60
161 349
81 123
324 345
127 258
154 324
117 300
117 246
1 59
49 91
46 128
4 236
136 273
136 277
237 307
289 327
38 265
114 131
145 147
24 226
160 343
39 54
