12.516667
1
33
23
23380
59 96
2 56
70 138
46 122
0 122
41 146
55 146
85 146
71 127
20 127
17 127
15 20
91 106
99 116
64 143
81 143
31 143
65 128
3 128
56 128
15 58
27 58
26 58
73 145
46 119
133 155
53 155
24 155
97 144
81 144
130 144
112 144
95 126
98 126
126 138
4 126
62 88
83 88
88 156
34 88
57 93
39 93
23 107
2 23
12 29
29 77
40 63
40 151
40 156
1 104
104 159
103 133
72 157
101 145
100 101
77 101
44 66
25 128
58 154
19 41
122 131
4 147
127 147
35 45
45 63
45 99
45 134
10 50
10 82
10 96
84 149
148 155
75 143
13 78
76 78
78 135
78 85
21 123
48 123
123 129
119 157
124 152
66 124
87 107
22 125
22 137
22 105
38 74
28 38
35 38
38 60
120 146
30 136
24 30
30 59
30 121
18 52
18 122
40 148
16 94
16 110
67 142
67 116
16 36
67 73
25 144
11 47
11 106
80 117
5 108
5 12
11 61
68 102
5 69
68 84
9 98
9 158
9 115
68 92
126 131
140 144
75 155
88 109
1 6
6 113
6 114
32 109
89 153
8 89
14 89
37 141
141 150
79 141
43 93
54 139
139 151
42 111
42 118
42 90
51 101
19 132
87 93
45 147
49 140
33 44
10 86
123 154
78 147
7 49
80 132
10 22
7 149
44 67
11 44
16 86
43 141
42 44
6 149
89 149
