15.885714
1
53
21
7322
40 190
7 269
152 234
55 266
62 67
168 244
232 233
40 199
82 231
88 231
7 199
119 231
150 199
176 231
151 199
49 258
137 258
55 258
44 281
164 281
142 281
214 264
56 264
113 264
104 170
82 170
16 156
37 156
45 156
53 289
47 289
169 262
9 262
193 262
28 227
129 153
139 227
134 227
19 153
101 153
184 236
179 184
61 184
154 184
158 249
249 272
131 249
224 291
62 291
219 291
33 271
172 271
127 271
50 263
162 263
121 263
26 263
32 69
69 196
216 270
112 161
137 161
171 242
71 171
74 89
89 275
71 282
60 250
8 250
59 164
202 296
202 275
10 39
39 186
39 117
125 268
73 125
46 125
3 179
3 233
3 57
73 252
278 280
232 278
152 278
43 290
272 290
77 132
110 207
110 195
110 128
66 217
192 217
33 208
10 105
57 120
212 256
95 212
67 212
103 149
149 196
173 247
205 247
27 92
38 92
92 204
178 259
78 259
180 259
42 122
45 197
115 185
98 190
84 134
44 86
86 127
70 98
6 61
251 267
203 267
23 294
81 169
58 172
75 123
27 75
210 229
53 210
213 281
147 274
147 160
147 230
200 287
173 285
285 295
41 203
0 191
0 277
17 237
17 94
0 287
0 240
17 100
107 183
31 183
99 123
64 258
135 227
201 231
52 133
198 284
38 198
14 261
14 108
14 185
14 138
116 279
116 244
116 189
114 167
114 155
54 111
5 260
5 298
136 264
93 209
93 273
102 225
102 155
25 102
175 236
111 124
48 124
124 141
59 89
106 230
270 290
89 252
89 290
166 271
12 72
12 246
12 182
13 15
13 118
222 240
259 291
177 255
87 112
97 150
30 79
76 234
97 221
87 126
34 181
177 298
1 43
30 266
177 216
34 292
76 248
30 187
97 157
1 29
144 163
21 91
80 288
148 269
146 148
80 159
148 206
50 80
243 276
22 63
21 229
143 243
63 293
6 249
120 282
51 118
39 110
4 268
4 56
2 42
36 295
2 145
36 257
2 286
135 212
64 69
202 239
65 263
135 188
89 297
69 241
35 153
199 245
165 250
165 202
84 202
20 291
11 289
11 262
226 250
184 238
175 262
24 92
65 135
115 278
110 122
89 265
39 201
254 259
166 197
105 220
59 194
39 299
254 267
132 183
217 253
59 96
68 235
241 259
247 283
136 235
116 125
156 245
18 208
109 130
217 238
51 289
215 220
247 265
69 106
83 267
81 215
218 253
211 247
99 218
85 267
17 130
24 102
18 140
17 226
3 223
35 188
183 283
96 228
0 211
59 144
223 294
93 299
54 114
174 183
90 140
63 228
20 34
34 52
174 243
12 90
