3.328174
20
22
1424
9667
28 64
44 84
8 32
29 44
110 128
13 78
0 159
18 128
23 36
27 97
114 159
63 125
46 49
131 139
10 74
38 76
126 155
76 119
115 135
10 133
42 136
58 133
95 126
4 64
33 135
5 111
46 56
111 116
80 131
58 78
74 80
26 80
3 44
78 115
98 128
79 121
56 124
103 159
4 80
34 134
86 119
0 119
25 159
73 84
49 73
90 126
69 90
62 90
90 117
14 128
67 119
106 110
61 106
102 106
5 106
85 113
41 98
41 87
2 64
53 155
17 55
22 55
55 67
143 158
9 113
140 145
44 140
9 57
106 143
22 45
45 91
7 141
141 154
39 141
28 141
105 106
101 142
101 126
23 101
101 119
11 48
48 149
48 99
48 125
90 137
35 109
57 101
40 157
21 78
14 150
55 141
82 117
82 136
48 55
100 149
144 152
148 152
27 152
53 157
30 47
30 91
80 93
19 83
43 102
43 153
109 137
63 81
81 145
88 92
36 92
37 97
37 134
17 24
24 54
18 123
100 152
34 71
19 60
60 123
15 71
89 108
108 153
12 51
51 90
104 139
1 12
1 79
50 120
20 64
20 129
66 146
66 154
66 107
66 89
31 42
72 118
31 127
31 122
72 75
72 87
50 150
104 147
6 132
6 121
70 144
65 70
70 96
52 120
52 68
94 112
94 151
16 54
16 156
16 130
94 129
59 138
8 59
59 77
59 147
