-2.945091
1
14
2220
2957
80 110
74 80
40 94
29 82
7 105
56 114
70 119
18 113
56 102
34 109
74 116
9 116
38 70
15 44
18 75
22 66
77 109
26 44
11 20
17 102
7 46
20 48
96 108
1 54
0 110
4 35
60 102
36 50
83 109
25 62
18 45
19 29
24 69
34 96
9 91
19 33
26 101
45 69
63 95
40 46
78 102
42 116
78 100
15 23
25 102
63 83
52 62
37 96
112 115
27 70
28 114
38 77
3 91
54 118
11 82
81 102
63 64
70 114
6 42
16 36
6 112
57 112
41 70
87 114
10 100
5 21
58 90
13 39
50 105
2 18
18 117
58 64
4 39
101 116
39 73
3 48
31 102
14 109
108 112
96 111
8 112
37 39
30 65
35 94
53 66
8 53
23 43
33 97
2 76
27 98
5 107
1 68
76 81
33 68
47 116
30 92
28 72
65 85
95 107
55 113
59 118
12 86
27 71
41 103
73 79
39 85
21 67
41 51
27 32
63 89
21 88
33 84
96 106
90 93
57 61
12 49
18 99
33 104
71 86
