7.971505
1
22
1
77469
67 118
2 50
16 48
63 88
56 68
72 117
70 96
6 108
21 114
20 40
54 114
51 108
82 114
90 114
40 96
40 42
28 59
6 85
5 83
25 83
4 39
11 43
3 75
2 59
73 87
41 101
16 59
67 77
49 77
63 83
114 119
108 119
43 116
77 97
7 45
10 57
10 14
7 70
43 103
10 106
1 109
1 93
37 93
37 110
1 66
1 36
19 32
3 104
12 24
17 18
53 76
46 105
58 78
62 71
64 76
65 86
69 105
104 118
82 86
0 105
47 104
30 71
37 115
19 81
24 68
38 92
26 29
26 52
26 72
32 38
38 74
23 79
23 56
24 31
71 91
42 89
78 117
78 112
76 95
18 35
15 34
15 61
15 102
18 48
60 98
60 94
80 90
69 111
30 111
13 33
27 40
77 108
43 108
10 40
22 94
13 115
80 81
27 107
39 101
39 55
37 87
100 108
44 114
40 99
55 113
37 99
10 84
44 83
59 89
39 71
60 83
39 76
9 107
8 85
26 75
77 84
1 113
15 100
9 24
