7.468559
14
32
5707
7046
23 111
119 175
134 161
139 155
131 186
98 150
66 84
42 68
94 175
78 147
147 185
64 147
114 148
44 148
116 166
50 161
121 169
15 136
66 182
16 131
64 131
0 161
148 155
95 147
84 118
128 184
118 128
6 128
68 170
93 136
116 142
110 169
130 193
20 68
48 166
78 165
11 84
45 193
61 175
42 52
25 187
81 150
56 193
117 136
165 169
1 29
91 156
70 125
169 176
26 147
68 168
144 193
12 80
80 141
52 171
136 198
171 176
69 157
157 177
21 157
53 89
139 190
152 189
129 161
5 49
34 43
33 43
43 98
4 27
14 27
62 131
47 93
1 47
84 85
123 151
151 154
143 151
2 146
2 143
12 191
91 151
190 198
111 133
10 133
133 142
41 132
92 132
4 132
132 146
35 132
23 164
114 164
41 158
5 157
3 121
72 123
85 189
89 140
41 140
131 173
51 140
145 169
49 140
59 106
106 197
127 154
50 127
31 43
38 178
18 128
18 180
79 158
188 197
124 188
43 82
36 156
36 45
29 122
59 122
63 97
97 180
3 31
38 40
129 178
140 191
26 40
28 175
60 65
65 112
24 87
28 133
79 87
37 112
37 104
83 109
109 137
126 194
107 126
46 126
126 183
109 187
41 109
8 30
8 192
8 147
8 104
32 166
9 126
13 102
13 196
86 134
86 162
77 194
77 192
17 81
17 135
13 72
75 88
67 75
75 105
75 144
138 199
96 149
138 163
149 174
58 115
103 138
7 58
149 159
58 160
57 101
57 107
58 133
145 149
22 136
54 172
25 54
54 73
9 58
71 181
71 113
70 71
71 168
74 177
74 120
108 120
108 195
76 101
76 100
76 167
99 179
55 99
24 90
90 153
90 182
19 90
39 99
32 138
22 99
