43.694300
1
94
2
24131
35 44
26 32
150 246
1 321
89 170
93 219
24 258
114 179
157 204
107 268
1 261
244 300
129 310
74 253
70 119
124 307
65 315
58 122
90 307
55 315
106 119
249 315
265 307
30 122
47 119
44 122
41 250
11 250
53 87
61 87
25 42
67 308
98 144
54 150
122 241
87 260
250 317
144 282
42 348
144 345
42 129
160 296
17 181
54 253
54 219
17 221
13 168
148 277
174 277
21 292
107 293
137 292
179 292
161 293
170 277
215 293
87 327
140 266
9 338
138 333
238 329
252 266
228 309
143 334
7 309
183 334
182 332
36 330
37 165
35 97
6 318
19 135
30 158
214 227
23 322
211 326
279 326
207 273
288 332
305 334
302 346
71 97
297 326
149 330
147 333
56 318
103 158
77 97
69 346
127 165
167 320
176 273
259 322
190 330
192 320
113 322
193 329
173 329
197 346
49 135
198 320
28 338
205 273
188 333
26 338
51 135
157 332
52 227
199 309
22 318
43 227
42 242
24 80
151 166
2 339
84 96
57 108
95 316
222 276
4 108
39 178
0 166
121 178
257 276
67 92
224 339
177 275
164 316
83 92
132 196
45 96
81 196
180 275
32 68
267 298
125 298
175 184
17 152
17 262
93 217
78 208
15 120
31 104
34 210
155 186
88 153
130 184
12 50
59 62
46 102
48 63
16 76
10 60
5 290
246 335
235 335
72 300
38 245
165 204
158 343
168 266
184 269
178 194
196 295
68 114
96 243
92 171
108 340
316 323
68 268
80 233
276 284
166 287
275 303
80 142
339 349
208 234
104 319
102 212
217 342
217 281
210 283
210 229
208 239
186 225
50 244
290 294
290 314
153 289
153 185
186 331
63 105
62 201
120 306
60 232
76 131
62 89
120 220
63 187
76 126
104 195
102 163
60 325
40 156
29 115
136 145
40 263
40 311
136 236
29 240
100 133
72 118
72 160
27 116
117 328
117 261
27 200
278 337
82 237
14 285
278 321
100 344
111 206
100 101
99 223
86 272
99 213
82 231
14 112
117 274
85 141
14 258
111 189
86 251
86 202
82 216
99 109
50 139
111 271
29 74
94 312
85 254
94 203
94 162
85 347
3 310
3 255
298 327
136 152
27 242
3 66
65 73
110 130
73 139
119 248
248 315
54 315
144 250
20 66
20 262
97 308
135 248
273 296
308 322
250 301
13 318
119 123
122 123
13 276
210 248
186 296
247 307
13 270
13 153
82 308
100 296
17 159
75 248
42 169
79 308
280 296
54 304
301 309
18 338
172 334
33 227
291 332
134 320
286 329
123 333
230 346
33 326
230 330
96 218
169 293
292 304
196 299
178 286
172 316
299 339
184 191
166 291
134 275
104 301
91 218
108 172
191 290
172 270
226 266
158 324
270 299
86 218
76 291
62 191
120 209
102 278
134 217
14 230
123 209
40 159
18 94
209 278
298 304
111 286
27 299
33 99
80 336
68 247
64 270
60 146
208 336
63 324
8 301
91 256
191 313
75 286
33 341
136 146
72 128
85 128
79 230
291 313
226 245
264 280
304 341
8 264
110 307
64 154
154 256
