20.417443
1
48
2
25882
142 163
2 30
11 161
37 59
27 115
107 134
2 179
150 179
80 179
18 66
38 66
68 136
9 136
43 66
50 136
101 145
145 163
66 162
5 81
5 84
0 143
5 29
5 90
35 135
13 135
19 165
23 133
60 152
109 175
119 153
33 174
146 153
120 174
157 175
65 152
48 133
130 165
100 135
59 133
145 159
57 108
3 127
52 168
43 47
55 113
129 168
45 127
111 113
102 139
82 144
99 139
10 47
97 144
11 28
26 108
30 31
32 71
6 106
91 125
16 51
15 116
87 96
41 62
58 140
8 36
4 40
126 137
7 67
84 153
28 42
28 118
31 93
144 161
139 176
127 134
168 173
108 131
113 115
71 122
31 171
47 169
116 121
96 98
140 154
40 177
40 89
51 149
116 132
106 178
36 75
51 103
36 85
106 114
62 156
62 160
25 138
14 79
39 73
14 83
14 63
25 77
21 123
21 112
20 172
20 105
20 27
53 124
34 69
21 94
34 56
25 148
39 78
39 64
53 141
34 37
53 72
67 107
140 151
96 137
125 159
49 158
49 151
70 164
92 164
38 155
80 110
44 54
19 110
50 117
136 179
0 12
126 174
126 175
166 179
66 170
0 1
62 126
76 145
12 17
12 46
5 88
12 128
0 25
126 147
74 133
46 152
127 167
17 135
1 116
47 95
125 167
40 74
95 108
17 168
17 113
88 139
51 74
24 71
1 39
36 95
153 170
21 167
46 96
76 144
53 88
24 34
22 31
14 46
22 140
74 86
147 167
106 166
95 104
86 88
0 164
54 175
155 174
117 125
61 128
