33.733333
1
87
8
425
90 247
73 322
189 332
252 276
68 169
48 269
123 131
18 146
82 96
98 126
228 331
133 159
202 328
104 198
104 137
39 286
356 380
182 380
18 380
22 127
22 364
22 331
22 168
63 221
25 221
187 221
129 324
138 324
324 332
12 26
26 68
169 375
53 375
291 375
14 44
14 170
14 345
359 360
58 360
302 360
354 360
318 367
34 367
313 367
151 379
79 379
80 379
164 264
62 65
164 165
65 118
89 164
15 164
4 373
4 333
65 294
269 387
54 387
98 387
11 370
342 370
300 370
82 256
241 256
186 256
31 378
102 378
31 229
117 229
314 378
124 229
71 312
19 312
205 312
201 250
323 396
66 396
183 396
316 349
55 346
252 346
133 346
93 273
30 273
86 273
61 258
181 254
181 383
181 306
181 390
61 95
35 61
78 181
61 228
210 399
159 399
27 399
3 376
336 348
205 348
280 376
281 376
220 377
7 220
265 398
203 362
9 362
213 395
152 319
129 353
38 398
157 274
94 362
282 353
268 270
179 268
193 274
73 395
112 357
166 353
123 152
88 268
91 239
43 398
50 152
238 357
49 239
52 395
128 339
2 239
231 339
6 339
222 274
150 352
146 352
259 266
115 259
139 234
32 234
156 385
191 385
120 244
211 350
211 233
244 351
244 261
113 211
197 245
29 197
180 197
197 347
161 227
148 161
81 304
184 304
304 371
161 384
103 161
0 309
297 377
318 391
75 301
178 301
131 361
333 361
142 272
153 361
272 316
361 384
147 243
83 147
147 322
194 230
178 311
69 200
87 292
87 119
60 87
45 134
167 299
42 281
57 242
57 165
138 167
10 57
8 122
8 126
8 195
57 251
136 245
136 278
227 365
130 136
136 192
45 275
275 298
212 275
3 271
151 176
176 302
11 368
89 253
186 368
122 218
70 388
13 388
132 285
199 295
17 199
199 200
217 317
40 240
185 394
108 154
175 397
40 121
16 224
16 248
41 48
105 383
154 225
135 279
175 232
175 250
16 171
105 358
99 369
105 143
135 296
36 185
99 137
154 163
317 321
99 202
41 289
185 340
40 336
317 382
41 172
26 104
209 260
223 325
90 158
226 315
116 276
33 226
101 236
158 393
247 310
310 344
100 284
260 364
215 325
72 106
107 249
59 236
24 116
100 337
106 155
325 372
310 328
85 106
158 290
260 392
116 263
96 100
10 107
162 226
236 246
23 381
23 95
141 327
20 307
20 303
207 343
20 110
207 255
207 216
64 198
67 262
67 267
67 288
141 206
97 329
97 366
97 390
64 114
64 389
286 360
182 287
1 192
287 295
21 222
324 360
104 357
104 353
61 286
140 288
308 327
22 273
104 173
26 220
201 229
56 360
14 385
214 258
77 299
214 248
77 179
8 324
164 391
4 334
244 312
211 396
42 201
221 374
84 380
92 324
26 277
104 174
111 391
109 375
173 335
285 379
5 387
14 277
257 396
334 395
204 335
204 352
1 286
4 374
144 256
219 349
46 65
14 326
273 320
199 201
208 370
51 111
259 271
196 367
74 378
61 237
174 221
134 230
109 346
56 305
5 149
144 152
201 325
76 257
244 320
309 368
388 391
21 65
47 376
125 387
74 398
149 330
47 362
363 385
28 220
237 304
160 239
92 211
274 283
361 386
221 308
338 378
145 229
160 197
190 339
87 386
190 234
154 365
219 235
235 355
97 297
293 352
69 283
145 234
37 234
293 311
134 177
140 259
74 185
67 355
51 188
144 207
46 236
317 326
135 196
28 226
106 208
218 341
341 388
20 84
125 177
