2.715777
1
27
0
27762
31 162
85 158
92 147
126 127
65 142
48 55
50 99
50 106
54 157
55 167
57 80
58 136
62 173
64 172
46 104
66 105
67 78
69 91
69 119
70 93
71 152
72 138
76 157
34 171
27 117
28 87
29 66
29 174
30 119
31 109
32 47
32 129
32 147
33 82
46 172
36 109
37 145
38 159
38 173
39 106
41 136
43 172
44 140
80 143
127 177
118 154
119 155
120 160
120 166
121 146
122 138
122 158
123 134
126 170
133 134
139 151
139 172
141 160
163 169
168 177
169 175
170 176
94 170
55 128
83 90
84 152
84 179
85 93
87 119
88 116
90 98
91 125
79 154
99 128
103 169
104 144
104 150
109 145
110 121
113 136
116 178
7 92
5 149
10 17
21 150
21 77
27 94
6 49
9 155
6 165
9 148
7 64
20 135
19 133
13 161
18 61
14 68
17 132
14 108
8 80
17 89
15 53
17 48
16 140
9 52
9 77
15 162
26 146
12 113
1 149
2 6
25 61
25 45
24 133
24 101
22 75
23 54
3 114
11 79
4 5
98 105
97 115
99 116
9 118
99 164
100 115
13 40
84 153
91 111
101 135
9 102
79 166
98 100
13 28
97 109
91 110
96 153
13 63
96 98
95 104
95 98
12 71
114 164
6 131
119 159
6 32
123 140
114 156
130 131
1 25
0 170
0 130
9 86
104 137
107 137
108 151
111 114
112 119
22 23
40 157
42 140
18 80
51 65
51 157
56 73
56 146
33 114
25 124
25 112
17 74
34 60
34 102
35 114
35 133
80 169
81 86
13 72
59 84
67 74
