2.390918
19
15
792
13083
80 104
108 117
11 108
50 104
21 99
56 100
101 118
46 51
23 108
52 60
112 115
6 17
6 114
64 69
29 118
73 74
64 113
73 113
76 113
13 65
44 65
23 42
60 104
18 47
5 99
59 99
66 108
67 116
20 47
15 118
2 5
102 114
9 118
107 118
48 65
48 113
16 115
55 75
75 108
0 104
46 110
65 70
32 106
21 61
52 79
34 79
86 110
13 119
17 119
27 84
82 84
77 84
20 84
4 38
24 57
24 31
107 110
9 94
103 106
84 103
93 110
0 38
25 67
25 100
22 25
25 112
4 71
41 90
36 41
70 110
28 55
45 84
62 71
3 105
85 113
72 85
19 34
19 54
26 97
26 54
63 65
89 95
82 89
36 89
89 92
10 69
10 57
89 93
53 89
8 42
2 8
28 94
3 87
33 40
40 105
58 74
58 97
22 78
78 96
78 98
78 99
109 111
68 109
43 109
77 109
1 113
1 81
1 83
35 88
31 35
7 12
37 91
7 96
37 49
7 14
37 68
37 87
30 39
30 116
