3.990258
21
26
579
5634
8 99
97 133
84 132
127 159
94 132
110 171
138 159
99 123
99 120
33 99
72 133
30 83
24 83
2 83
55 65
63 106
54 63
63 104
105 150
16 157
34 119
101 159
75 79
47 109
137 149
11 114
166 171
51 79
81 150
105 119
46 54
38 150
37 133
133 171
102 119
26 97
119 164
95 150
45 65
43 132
69 132
73 113
76 109
11 26
9 157
88 152
91 167
130 133
8 122
58 177
46 177
88 130
29 65
102 137
76 90
117 150
26 136
26 78
26 93
59 157
39 157
59 152
25 149
21 62
9 87
65 123
125 164
120 125
119 155
154 155
48 153
48 159
41 131
7 41
31 41
35 68
114 162
83 162
23 68
100 169
73 100
40 178
4 40
33 40
40 112
40 62
59 71
52 63
63 158
71 126
91 107
52 83
109 118
103 153
118 171
134 173
14 176
165 176
112 143
69 111
132 142
67 111
66 83
99 145
145 159
93 96
22 96
26 121
13 21
13 84
25 36
36 141
44 122
44 146
65 147
147 151
32 129
32 51
19 151
19 31
56 92
56 113
161 163
55 163
133 163
163 175
23 66
160 170
77 107
64 158
82 138
15 170
53 142
60 135
81 135
134 163
20 92
64 160
116 168
77 82
155 168
14 85
37 85
12 174
12 116
12 108
27 139
24 27
27 179
6 61
6 146
49 127
49 86
12 20
28 150
28 57
18 50
50 140
3 61
3 70
5 42
5 59
50 143
17 89
10 80
17 126
1 124
17 98
17 75
1 144
0 154
10 72
0 128
10 172
0 156
1 53
74 115
74 148
74 155
