4.044740
3
15
15
29087
35 96
54 96
71 96
57 96
1 93
1 44
1 48
1 9
2 66
27 66
49 66
5 78
20 78
55 88
87 88
5 36
14 26
14 79
71 79
84 95
59 95
38 94
62 94
15 94
34 89
60 89
40 50
18 50
25 50
8 72
53 55
6 90
90 93
35 90
67 90
25 47
38 82
31 33
31 86
8 22
32 54
23 99
23 56
23 42
30 41
41 49
16 41
39 64
39 63
12 60
29 81
51 91
43 68
21 43
43 46
61 98
13 61
61 74
4 33
4 30
1 58
97 99
37 77
37 70
37 73
17 42
17 74
22 66
7 92
7 29
10 46
10 87
0 69
0 76
0 65
36 75
45 70
1 61
32 95
52 94
26 39
28 58
51 95
52 75
39 53
83 94
3 94
12 23
41 81
50 80
72 85
19 28
37 47
82 97
11 82
24 82
80 82
11 85
0 83
