1.378773
1
23
0
20782
65 71
95 126
61 67
26 152
66 132
36 153
76 140
68 141
136 167
70 174
52 59
52 67
53 163
54 150
55 131
56 94
57 60
70 110
61 70
70 107
63 82
48 107
69 155
66 176
68 118
69 141
40 161
30 179
31 73
32 127
34 89
35 71
36 151
37 75
38 99
38 132
39 175
51 128
42 113
43 114
44 159
45 89
46 106
47 138
47 171
48 79
72 173
49 54
125 150
108 137
109 120
110 114
112 135
113 174
115 158
117 151
117 162
119 162
121 154
125 135
101 151
127 177
128 134
129 145
133 159
138 159
144 175
145 163
146 159
164 171
166 169
85 119
0 178
73 76
74 92
80 137
81 134
84 106
84 161
84 165
72 124
85 152
86 118
87 111
91 167
92 166
92 172
94 108
98 143
100 130
9 82
25 163
25 48
5 121
5 164
6 32
7 65
23 79
22 62
22 48
7 149
8 103
21 102
21 90
8 134
9 126
20 96
18 178
11 102
11 153
12 69
17 163
17 35
16 83
15 100
14 93
13 143
0 173
1 49
29 84
2 156
27 95
27 86
27 43
4 176
27 28
11 20
147 169
147 150
123 169
84 170
11 98
85 124
124 142
11 45
150 168
10 177
88 178
91 104
10 160
10 69
10 58
148 169
10 57
84 85
151 168
80 158
157 178
13 139
80 124
78 85
123 129
77 109
77 103
122 134
105 157
116 159
3 100
3 80
111 178
16 105
104 150
122 163
97 175
97 100
2 19
10 30
24 135
41 48
46 176
48 116
50 62
33 58
33 73
37 56
19 135
64 80
14 176
55 139
