6.060275
1
20
0
107221
33 71
49 69
32 72
3 19
22 61
34 61
25 62
48 63
46 89
44 45
43 65
41 52
41 45
40 98
36 71
29 68
33 96
51 63
32 91
27 73
31 41
30 72
28 87
30 64
69 90
95 98
94 96
89 93
86 98
85 99
80 84
79 87
78 99
75 91
70 74
49 73
67 90
66 84
65 70
63 83
55 90
55 77
54 95
54 57
51 76
0 97
10 68
11 44
11 68
12 56
9 81
8 96
25 53
14 19
14 23
7 56
14 82
15 84
5 36
17 56
21 81
1 34
3 30
22 36
20 91
24 99
58 63
59 77
59 60
88 89
56 92
88 90
2 74
92 96
60 81
2 81
6 98
6 38
6 36
68 97
6 25
2 84
4 91
4 42
2 87
30 99
35 76
16 50
18 35
18 38
25 26
25 39
26 68
25 77
50 77
13 37
47 87
14 16
37 39
