36.852381
1
85
42
10031
176 217
35 238
24 75
135 312
282 336
152 320
278 336
42 60
246 344
178 312
21 37
240 306
157 344
337 344
2 226
110 312
146 306
111 182
94 226
69 326
60 217
303 342
194 252
84 291
175 217
149 320
317 342
79 342
109 226
184 322
287 326
244 326
128 338
134 290
190 306
308 340
11 182
164 182
16 58
86 336
107 259
53 118
38 320
124 270
124 262
207 293
48 293
28 111
143 343
96 343
21 145
145 334
145 255
145 317
1 137
137 181
133 137
106 216
216 270
200 216
198 250
33 250
250 298
286 345
275 286
69 286
74 210
74 316
74 85
1 74
74 127
147 222
46 147
75 147
37 154
154 277
42 154
127 296
257 296
196 296
61 103
52 332
221 332
47 318
318 346
61 318
291 323
167 323
323 328
120 325
83 235
54 153
113 220
54 274
113 345
120 134
64 120
54 201
148 192
172 192
192 208
95 144
144 169
58 144
78 144
7 148
107 114
18 114
114 184
179 197
197 311
197 335
73 197
232 338
118 232
57 232
97 344
19 105
19 289
236 312
125 315
19 241
125 327
97 175
236 342
125 160
236 333
90 251
223 251
251 308
187 347
187 222
168 187
128 187
65 191
139 191
191 333
43 89
189 217
140 275
140 201
140 230
130 140
145 227
182 199
28 293
185 261
229 252
29 269
247 288
214 247
247 297
26 247
136 170
72 131
131 243
131 340
131 215
102 299
299 339
170 238
3 49
3 228
170 314
3 108
27 93
27 288
27 121
8 27
6 198
100 276
100 234
28 286
70 194
70 209
162 260
66 123
66 213
150 193
132 163
9 115
132 285
162 292
9 112
150 304
126 141
66 307
126 173
13 205
126 331
132 254
13 31
150 273
9 239
162 300
13 258
158 343
224 283
62 84
24 67
206 264
67 68
59 326
16 88
203 233
183 302
231 294
204 272
99 203
283 305
156 267
17 269
101 183
15 17
263 321
245 248
117 245
218 226
55 263
203 290
142 283
165 263
88 171
22 206
44 206
98 280
138 245
202 204
180 183
161 204
62 310
35 62
267 330
67 329
294 349
39 98
212 294
122 267
26 41
23 320
41 166
43 124
92 119
34 91
159 268
92 186
12 87
4 341
159 249
77 348
36 185
36 313
211 219
40 72
0 174
4 83
211 262
34 259
25 77
30 92
211 242
174 281
34 151
12 76
14 159
63 306
12 169
295 336
40 177
174 266
4 129
77 319
36 324
50 220
50 78
97 343
71 124
103 332
100 227
28 29
7 296
235 318
235 284
6 293
81 113
113 192
82 145
250 309
28 100
279 309
32 144
45 124
28 126
71 279
261 296
237 284
81 237
158 170
20 54
120 199
82 147
125 189
74 188
301 323
125 155
137 225
20 251
56 265
271 332
189 256
7 51
3 113
216 218
7 299
19 299
197 271
10 80
154 195
56 229
32 162
9 236
235 245
206 235
7 98
204 265
263 265
104 114
10 295
191 253
36 265
232 295
97 159
34 189
5 98
51 63
80 116
63 247
188 283
77 188
13 225
59 66
45 183
104 132
150 295
23 116
253 294
104 267
92 195
63 174
