32.357688
1
89
13
948
143 387
56 194
148 238
73 238
160 370
109 161
211 316
121 355
90 376
223 387
282 376
149 194
77 284
110 370
195 273
19 391
111 355
243 273
109 302
105 164
93 94
99 224
158 201
280 393
168 309
118 309
4 309
35 166
117 239
52 239
41 166
9 261
170 261
130 168
220 337
16 201
36 124
54 124
37 49
106 168
118 314
18 299
116 299
55 246
164 246
15 172
5 251
208 251
207 380
219 380
146 380
164 337
144 302
277 314
83 314
1 172
100 172
4 94
344 393
217 236
21 236
76 316
70 279
145 279
207 279
63 164
243 279
262 316
157 340
140 391
64 236
352 387
132 391
115 284
320 376
268 273
24 284
242 349
328 380
10 370
21 174
179 229
25 229
69 136
136 236
165 337
323 355
119 251
234 340
239 350
95 102
108 238
47 206
44 92
224 263
81 263
31 39
126 246
40 126
29 283
178 283
7 370
88 171
127 171
71 228
136 228
174 264
22 108
32 87
154 251
94 154
154 340
154 201
43 131
108 308
79 191
142 147
232 256
59 152
64 241
161 241
256 350
7 283
248 316
38 246
218 349
255 337
81 248
7 308
168 198
166 361
239 306
261 294
103 118
118 329
194 388
201 293
124 399
49 291
178 240
153 320
200 224
164 371
204 367
224 250
5 287
211 300
358 393
29 250
270 340
236 374
174 225
174 230
229 300
31 333
127 318
314 386
23 371
66 170
46 375
269 350
206 212
92 245
263 358
206 270
206 285
102 139
92 303
147 264
51 209
51 62
51 252
91 273
91 376
39 72
39 395
126 222
241 334
57 248
302 366
94 289
276 283
49 363
309 345
151 330
23 330
75 190
107 190
86 186
363 391
34 186
62 84
84 396
84 324
123 350
57 338
57 103
22 260
22 163
22 335
191 248
82 263
228 257
42 50
42 259
12 159
159 309
278 340
236 244
87 333
87 129
131 137
131 153
308 321
377 393
152 307
134 200
134 292
152 341
256 258
147 184
134 383
147 369
191 298
191 375
256 305
173 296
173 269
173 367
94 315
48 66
48 343
48 317
7 14
38 326
38 167
7 199
150 264
308 363
20 334
61 98
61 155
61 301
122 196
122 274
122 287
204 205
50 388
172 347
174 197
174 249
152 188
101 226
101 128
101 240
308 319
334 346
384 387
316 384
171 216
224 233
69 85
12 60
34 68
354 379
92 254
102 104
108 197
46 53
55 311
337 368
11 229
11 337
51 347
215 394
246 398
51 368
281 380
345 390
28 169
58 312
58 74
30 339
2 360
345 353
150 202
28 78
133 295
3 156
82 297
82 275
58 362
2 364
133 372
30 210
20 89
82 331
133 365
192 332
345 382
3 378
14 120
30 221
150 327
14 336
150 185
192 381
20 290
3 97
123 265
181 318
181 189
57 104
92 267
248 351
42 348
135 278
81 162
141 393
67 264
112 154
30 363
188 192
3 188
45 334
125 227
125 255
65 266
113 299
261 385
17 124
166 356
26 284
194 271
136 304
355 397
237 302
279 397
26 299
138 313
316 357
304 350
118 325
206 356
17 102
205 373
107 183
49 193
13 322
39 385
123 286
80 238
60 175
68 276
81 96
102 183
53 235
311 389
337 359
22 113
126 177
8 65
6 42
228 313
87 213
202 272
89 266
294 394
61 267
122 281
131 213
33 334
14 254
20 348
123 342
2 253
28 249
192 392
67 188
57 180
42 176
241 310
85 288
33 214
8 203
0 135
182 231
28 114
58 114
180 218
6 133
2 271
187 319
187 216
182 237
247 253
322 342
27 379
0 27
