3.563491
1
27
1
35080
78 101
109 111
84 156
38 146
92 146
3 39
20 34
78 120
105 120
101 136
44 110
26 83
8 127
105 127
62 64
30 127
19 107
29 76
19 152
47 135
32 83
23 103
54 64
90 99
136 153
41 99
40 120
1 41
34 75
34 104
17 156
12 73
73 79
12 81
127 133
12 144
18 40
76 118
68 74
128 152
83 93
7 95
5 154
5 82
51 137
55 98
18 59
55 148
25 124
25 85
48 132
17 88
1 88
99 121
10 80
20 131
47 125
0 131
3 77
13 151
4 125
22 123
24 80
26 56
111 123
113 125
35 126
37 96
117 123
11 58
68 138
55 138
79 129
83 129
7 141
135 140
86 146
36 158
33 112
33 109
46 90
46 150
67 151
46 57
106 157
106 122
16 94
77 114
16 145
96 143
126 139
120 146
39 86
48 86
36 132
77 140
56 142
126 159
49 58
24 53
103 146
21 76
1 152
1 91
21 50
61 110
64 136
14 99
34 68
7 21
60 67
145 155
85 97
89 128
14 51
61 68
11 107
9 12
9 127
97 159
102 121
42 141
1 123
6 136
43 120
21 130
1 96
34 100
17 72
68 134
2 130
50 134
45 52
45 103
5 43
70 91
2 126
108 152
86 116
17 155
31 63
28 99
15 21
27 99
66 120
69 136
72 106
17 60
31 147
71 76
55 69
7 65
103 119
64 115
49 53
106 149
87 119
71 149
115 147
