14.500168
14
55
22
4151
178 267
78 341
240 252
5 24
46 281
152 301
1 137
94 214
72 158
45 264
4 336
213 289
156 291
231 342
23 206
31 206
152 206
216 234
192 234
73 234
78 326
271 326
102 326
223 313
35 313
143 313
56 313
58 330
140 330
283 330
101 288
210 327
297 327
175 296
135 175
175 329
167 251
107 276
3 280
218 280
241 280
242 280
134 280
284 346
230 346
57 238
146 238
202 341
43 202
50 255
16 221
47 64
64 267
314 333
246 314
209 314
71 314
125 304
99 304
59 239
35 265
181 235
4 285
187 285
270 285
77 191
16 77
10 77
62 312
165 236
187 236
17 263
68 118
183 305
59 183
101 183
111 172
215 232
30 232
20 232
232 343
17 65
46 65
65 334
106 288
149 240
26 266
299 340
162 299
63 299
171 178
158 171
171 213
154 171
73 249
102 249
157 295
228 295
92 133
133 166
133 317
256 277
256 260
24 256
163 324
144 324
241 273
1 273
245 311
85 245
180 245
173 347
0 112
84 96
33 61
91 271
81 217
42 47
28 207
99 300
124 204
107 124
170 328
113 328
233 278
89 278
278 303
115 334
2 184
2 186
2 121
39 100
39 297
28 136
136 166
76 136
136 315
128 311
131 316
128 237
131 323
131 169
5 131
48 298
48 292
48 189
48 233
161 326
22 226
226 272
93 176
176 190
176 212
226 290
79 283
20 123
61 123
53 70
83 319
81 83
83 109
114 206
254 264
8 254
15 243
74 112
74 287
75 177
239 251
98 189
67 165
67 250
309 340
3 309
279 308
263 330
37 137
36 345
36 231
37 259
36 308
55 216
168 184
66 210
66 332
164 169
34 126
34 289
224 243
224 316
106 268
238 265
182 237
150 218
150 332
247 302
154 247
88 234
54 313
106 256
236 320
245 280
14 236
172 320
51 77
15 313
222 330
42 155
117 197
32 117
117 349
130 339
119 203
120 188
130 275
27 258
27 246
82 344
119 335
9 49
120 141
12 252
27 284
82 274
12 291
9 26
69 82
130 306
116 120
14 299
257 269
21 139
148 257
104 244
293 337
105 342
60 325
44 219
11 45
72 195
138 322
293 310
94 293
195 205
60 100
44 325
138 230
104 142
105 193
151 257
11 348
127 318
86 104
266 314
98 175
194 197
29 41
40 229
6 40
221 253
84 221
25 38
122 129
122 262
80 248
80 338
80 214
122 145
245 314
131 155
115 255
106 279
147 207
168 175
77 133
200 312
106 174
13 238
77 132
285 300
79 221
304 307
108 232
183 249
18 147
77 328
108 211
18 304
110 133
196 236
198 235
87 175
280 282
7 118
77 227
38 261
110 185
118 300
185 261
90 285
103 217
211 217
51 83
159 217
182 276
118 198
91 200
171 331
173 331
97 220
65 225
208 300
75 268
19 208
114 256
176 256
0 153
201 278
294 328
41 106
80 106
160 307
217 220
149 321
95 306
95 190
199 295
52 159
160 254
321 324
90 226
48 225
52 324
53 254
87 295
174 286
97 293
179 286
127 266
104 161
40 249
19 119
90 117
119 153
13 21
82 88
164 257
122 282
41 120
