5.388302
1
20
9
103222
39 54
34 64
2 54
13 32
34 98
84 98
54 98
58 60
55 60
38 60
23 98
29 87
17 87
52 73
3 73
41 62
14 33
51 62
54 67
30 82
6 67
2 71
41 75
5 32
7 37
50 56
19 23
5 73
64 93
47 93
73 91
15 86
15 20
33 90
22 48
22 59
21 66
21 77
21 92
19 88
52 99
5 56
8 27
56 83
10 40
10 97
8 76
10 75
37 71
8 36
42 54
6 9
25 31
26 57
1 78
24 74
4 65
24 45
4 53
4 95
24 81
21 78
19 78
32 96
48 99
42 62
12 60
32 80
23 70
56 72
37 46
5 11
26 49
9 79
57 82
85 87
61 98
16 19
33 96
15 94
18 23
4 78
33 94
59 69
1 12
23 68
43 80
28 87
49 62
37 85
36 44
31 89
15 28
24 70
21 63
44 46
35 72
63 89
0 35
