1.945200
24
18
3426
8123
58 93
70 152
7 151
67 136
151 157
136 151
7 66
116 151
2 75
9 91
76 131
135 157
65 145
66 122
117 141
11 145
105 122
100 142
90 144
89 93
49 89
43 71
89 149
89 92
2 124
124 132
78 89
12 124
84 91
59 129
49 114
52 131
19 156
39 131
108 152
59 157
32 94
48 129
24 129
58 134
91 159
25 153
40 106
102 114
111 138
53 142
56 143
36 114
135 142
18 112
107 141
0 126
23 26
11 13
95 126
47 91
47 145
35 134
56 153
26 117
81 129
64 108
64 96
32 64
64 68
19 64
60 64
4 20
20 42
77 158
81 158
37 132
37 138
88 133
92 133
83 131
71 98
42 83
51 72
45 97
134 147
60 147
79 85
38 79
113 151
61 95
71 113
114 154
145 154
23 99
99 134
46 96
34 71
77 150
76 121
87 134
124 150
10 87
69 134
34 52
6 138
18 121
16 64
5 116
5 85
54 138
41 43
40 41
82 90
33 82
118 124
86 118
45 46
17 51
54 61
21 104
104 148
70 104
104 144
80 104
53 139
50 139
68 119
3 71
73 119
44 101
101 127
123 128
72 128
120 127
22 120
120 143
31 103
31 44
28 80
28 109
57 88
55 57
3 120
30 137
131 137
13 27
27 29
15 137
69 137
8 125
8 112
1 67
1 115
21 130
130 146
14 155
14 157
62 149
62 123
62 63
62 140
74 110
55 74
