45.550000
1
95
4984
11627
248 319
63 329
118 312
57 311
159 319
296 318
231 301
211 318
120 179
54 312
116 240
90 311
160 240
175 278
6 290
197 241
261 291
286 301
164 312
201 291
336 337
11 299
51 269
208 319
253 271
170 299
143 318
182 319
48 306
0 301
205 325
276 303
37 325
20 278
43 271
106 186
16 299
262 330
279 291
88 208
227 271
36 325
177 211
132 240
21 278
59 329
152 311
216 329
95 121
95 107
68 95
31 218
207 218
218 263
218 334
95 184
47 95
163 317
240 317
214 221
68 214
194 214
1 41
24 41
41 241
35 41
83 176
30 85
176 335
176 215
85 326
85 119
176 189
268 315
216 268
219 308
75 120
61 75
55 75
225 251
128 225
51 225
199 346
104 348
81 348
173 199
131 199
125 348
133 199
111 220
111 332
99 210
111 307
161 271
99 254
161 217
111 345
8 192
99 204
8 98
8 148
74 124
124 307
124 146
103 266
266 305
60 266
3 65
65 186
24 65
282 319
9 291
9 318
62 308
122 202
27 314
140 180
213 297
44 337
100 139
123 294
46 137
79 265
137 229
27 226
89 250
126 260
260 331
130 321
145 223
34 122
193 233
137 242
140 224
260 264
96 140
278 300
193 292
2 27
19 237
134 193
77 299
77 217
165 207
49 325
165 239
165 275
112 131
19 172
112 115
112 136
89 323
89 163
139 245
122 339
71 79
13 130
62 82
44 252
179 238
238 259
238 262
223 304
139 206
213 272
67 123
79 113
223 327
150 213
44 102
62 135
130 309
123 344
178 289
178 306
157 178
91 162
58 274
142 258
142 277
39 64
12 154
5 138
4 244
39 185
4 38
5 222
14 313
28 349
10 257
92 324
4 285
92 288
12 234
10 73
28 84
12 320
76 311
58 86
58 69
10 52
14 269
91 232
76 301
72 188
156 177
156 247
32 312
72 141
142 287
15 87
91 158
39 191
14 316
5 181
28 114
15 147
92 166
15 198
72 183
18 33
33 302
33 290
7 336
7 267
6 7
340 343
273 342
195 200
328 340
196 200
230 236
200 298
203 273
97 273
149 236
236 338
255 340
80 101
17 335
17 29
80 88
80 249
17 66
56 284
56 190
47 56
228 243
108 228
295 329
235 341
235 330
78 235
70 333
53 70
70 303
168 246
48 168
25 50
50 197
50 151
45 209
45 106
45 127
85 218
109 317
187 218
95 153
14 317
15 317
161 199
266 348
65 219
8 99
22 176
19 219
32 85
225 300
23 214
23 41
219 283
32 75
7 219
8 49
79 161
122 144
9 266
169 348
99 322
10 144
144 273
111 310
105 124
94 144
27 187
22 123
22 130
76 109
19 110
112 153
40 161
144 281
280 282
109 293
9 93
89 322
193 347
76 260
58 187
12 49
109 310
200 300
42 300
93 212
142 347
137 295
165 295
155 280
155 293
140 174
212 270
340 347
26 187
94 110
91 169
223 256
22 281
44 117
117 139
167 213
129 238
117 178
92 310
171 270
174 283
28 105
26 347
171 236
80 171
39 256
5 129
4 129
72 167
32 40
171 228
42 256
17 167
56 256
70 310
