13.666097
5
55
6
4147
259 272
184 266
252 315
62 176
130 284
41 308
96 328
44 70
25 34
13 153
38 301
50 117
194 198
208 279
20 214
256 281
84 196
19 26
75 151
75 79
75 288
75 140
5 91
110 215
50 110
86 110
104 111
20 104
104 240
104 232
94 302
84 302
106 135
76 135
135 218
135 277
115 172
115 265
102 119
70 342
162 270
31 125
31 147
31 178
117 182
163 182
158 182
111 137
172 275
224 327
48 327
39 154
77 154
18 291
125 320
68 291
63 336
67 304
29 336
236 242
56 304
66 336
245 304
195 343
40 217
55 343
59 199
199 287
199 251
199 326
126 231
9 231
27 324
27 228
27 259
34 87
87 340
33 43
33 173
224 329
33 157
15 97
297 332
308 332
116 332
151 191
239 345
169 323
123 191
88 306
95 322
41 306
251 345
250 323
286 323
270 322
96 164
38 152
153 271
271 278
133 294
109 331
39 133
303 331
54 331
257 276
82 276
143 170
253 335
3 49
170 290
276 279
227 338
226 293
45 170
49 216
47 253
51 293
49 188
55 253
276 330
44 253
74 237
8 237
176 237
134 145
119 145
145 266
5 113
252 255
255 301
113 296
208 255
113 346
19 318
177 318
181 202
181 328
7 108
166 185
166 347
24 321
98 166
24 106
69 181
144 221
144 317
25 144
124 317
124 192
74 220
93 131
23 128
289 316
16 139
32 207
189 246
22 289
174 289
204 207
63 319
128 130
1 131
73 118
118 195
64 207
30 189
127 131
319 349
61 139
267 326
218 267
222 261
206 261
159 254
104 110
35 135
10 348
10 46
10 78
75 102
211 263
35 115
138 205
36 120
36 64
58 315
71 146
197 324
85 120
129 198
92 325
100 167
85 234
112 300
0 167
205 236
167 280
105 112
101 112
193 213
205 283
6 103
156 282
156 262
58 284
193 210
187 269
80 193
52 204
52 213
13 129
187 256
150 165
141 341
201 298
42 294
150 203
81 180
201 309
57 196
57 225
168 201
42 155
219 307
81 281
141 330
81 194
110 260
16 28
277 313
30 313
94 264
61 334
162 310
238 307
163 238
11 75
107 290
161 272
188 229
249 309
21 177
65 339
186 228
229 287
132 280
12 82
40 175
35 255
90 299
91 145
260 304
15 102
310 332
102 345
35 148
162 243
333 343
7 302
91 230
175 331
212 262
121 269
121 257
310 338
144 310
175 273
302 314
33 320
15 242
329 343
247 343
33 190
231 329
275 293
75 258
175 289
102 171
312 342
162 230
175 241
241 310
182 220
200 291
159 302
113 291
113 333
91 167
162 344
104 292
91 201
137 207
4 104
190 273
197 302
152 179
31 305
142 332
244 323
122 345
181 337
75 161
115 334
149 179
35 183
244 331
89 154
285 336
110 233
91 235
27 285
133 223
302 311
71 329
83 135
114 115
37 342
17 342
99 342
160 162
89 170
53 253
237 268
21 31
31 295
6 337
110 212
53 166
132 154
193 314
131 274
92 223
90 231
258 261
14 15
243 248
10 268
112 292
2 293
99 181
150 274
136 261
209 263
4 209
2 150
72 219
60 72
65 248
