58.076913
1
127
17
16922
35 335
83 221
224 336
3 427
4 100
152 197
123 402
314 323
128 169
109 353
315 316
39 172
104 323
113 288
146 414
162 365
40 180
207 317
147 181
88 414
81 197
127 302
184 204
70 239
239 313
211 376
178 316
284 427
243 377
203 302
220 409
95 260
132 249
27 317
158 348
105 181
142 244
48 205
195 205
15 260
364 409
235 336
181 370
144 296
218 264
242 353
11 196
69 111
164 376
200 221
102 336
370 441
307 370
285 402
296 341
257 341
111 341
126 302
126 258
227 282
180 227
168 227
281 439
46 100
79 261
291 323
41 169
324 326
23 229
11 355
343 355
165 282
246 279
13 244
150 180
54 261
28 288
248 264
270 365
135 257
111 169
16 376
334 430
49 326
273 340
68 326
55 229
222 340
84 377
346 400
74 169
114 324
45 406
55 430
396 441
114 427
283 313
155 259
18 259
14 329
112 148
7 310
22 64
17 329
161 204
133 244
121 413
99 241
187 307
291 406
133 155
233 430
29 210
234 313
33 400
206 210
72 320
408 441
179 400
141 377
209 430
269 287
143 441
51 406
325 413
9 279
34 287
44 210
160 320
438 439
182 307
0 245
39 282
60 82
77 229
170 287
56 115
25 129
50 168
86 320
8 35
128 423
6 423
107 423
91 116
89 277
8 26
240 279
5 188
73 258
175 238
140 163
125 154
256 268
65 230
17 271
216 335
236 413
94 296
212 387
62 117
20 387
111 387
205 266
266 340
163 266
188 363
363 406
260 363
288 374
264 374
117 374
333 400
64 333
238 333
210 299
322 440
115 322
322 348
71 322
31 413
58 402
120 368
120 145
271 442
199 427
31 271
199 376
58 287
297 414
317 368
58 120
306 440
1 102
47 102
32 126
261 300
145 249
297 409
145 316
300 323
306 430
31 268
277 297
26 442
145 230
148 300
154 190
58 116
353 442
100 442
190 221
310 368
75 76
12 76
76 98
231 370
231 309
38 355
38 271
38 244
80 299
103 299
231 374
87 368
31 37
24 306
36 306
57 190
101 199
137 294
196 208
335 337
74 319
169 189
241 292
323 390
355 411
202 348
196 421
296 352
239 276
196 399
259 303
408 421
106 135
150 344
107 134
137 214
414 417
120 202
353 361
288 367
303 340
82 157
249 362
282 379
82 319
180 418
172 289
302 398
181 185
245 410
348 415
221 308
307 371
204 280
402 448
249 380
264 345
197 226
409 412
316 318
336 419
230 378
2 53
59 432
59 131
59 106
64 108
115 305
239 250
188 331
163 321
153 232
116 436
153 156
154 431
230 443
310 349
168 267
116 251
260 381
245 295
188 327
238 392
2 177
26 167
26 61
268 347
277 446
258 388
115 138
100 149
339 439
259 422
257 262
257 275
329 393
122 249
261 354
211 280
317 433
137 263
148 389
154 194
277 332
2 43
64 193
117 278
148 191
163 444
310 372
168 192
153 397
129 424
172 383
258 416
268 328
71 420
71 386
71 293
279 373
196 373
231 297
38 96
253 339
80 166
98 304
75 136
119 394
24 52
12 122
10 93
80 254
21 255
36 198
78 449
21 395
57 174
47 286
47 401
10 67
12 215
36 66
96 385
78 311
119 301
36 426
119 384
32 350
87 405
10 382
1 19
75 403
32 252
103 290
87 428
47 90
98 237
1 344
101 360
37 110
1 351
24 407
96 437
57 118
37 97
57 63
32 159
96 124
24 445
98 272
37 247
103 404
103 173
80 213
101 274
21 139
78 369
12 92
87 223
75 359
101 225
85 271
358 440
76 171
126 151
151 227
171 266
117 338
205 366
309 312
229 447
265 440
206 265
201 329
183 199
183 300
238 391
177 254
137 391
126 434
282 425
329 425
365 434
129 298
232 398
71 298
312 363
59 186
219 241
186 197
341 356
10 42
228 377
357 365
30 326
172 228
82 357
320 429
30 245
129 429
102 330
241 435
396 435
299 342
217 253
21 447
119 201
333 356
78 219
176 313
190 330
130 134
130 375
85 217
42 342
176 338
