34.721429
1
98
7
2766
366 452
90 114
21 288
168 421
179 282
223 302
207 478
285 406
206 245
73 229
19 154
157 264
30 350
99 414
233 408
381 432
11 191
170 191
191 263
157 191
191 274
174 387
106 174
440 456
337 456
164 456
444 456
67 459
302 459
229 459
246 459
0 145
145 431
145 216
30 210
33 210
210 343
254 488
447 488
177 488
169 488
279 398
129 279
52 279
107 279
283 368
365 368
75 368
466 489
119 364
158 364
83 304
284 304
188 304
338 412
211 395
395 415
246 395
27 395
14 26
14 181
311 366
88 365
311 483
261 311
207 499
396 499
467 499
485 498
495 498
237 301
65 498
24 301
9 301
294 296
344 435
82 404
278 404
259 435
119 404
134 441
20 441
356 428
248 298
126 298
242 298
298 455
199 407
168 407
10 297
10 450
259 361
10 421
141 362
2 362
232 362
362 393
361 457
48 361
146 179
200 401
146 249
155 200
200 356
200 452
146 493
263 464
183 464
300 464
387 473
158 429
154 429
34 354
39 354
52 429
194 416
114 416
84 437
104 437
286 437
477 478
406 477
349 477
215 413
197 215
215 256
221 321
17 29
115 221
221 448
17 18
49 288
49 85
317 486
25 185
25 316
25 350
37 103
47 220
37 312
47 471
47 106
47 475
317 414
37 244
92 317
37 58
317 391
110 417
110 248
110 236
292 438
53 292
108 292
277 336
121 277
277 376
150 277
204 442
244 309
309 372
81 320
28 81
43 442
81 223
128 309
442 479
142 309
44 81
258 389
192 389
211 269
120 269
269 282
269 276
233 490
100 490
281 490
247 329
156 247
161 323
206 487
102 198
303 471
131 394
173 465
379 484
378 418
198 295
46 463
242 295
228 439
351 439
255 418
32 439
148 328
203 303
377 487
384 403
7 346
117 161
1 463
116 189
69 239
265 403
267 328
225 394
150 173
222 400
346 422
66 161
89 177
96 346
189 386
164 379
314 328
94 135
19 69
92 102
135 285
118 418
169 189
166 400
460 487
394 399
147 318
360 403
353 400
430 463
71 84
15 306
71 77
71 381
15 284
15 320
71 497
15 275
35 240
35 45
35 96
334 374
51 334
272 480
38 272
334 357
184 334
307 310
252 307
272 496
123 163
436 481
95 186
101 436
116 125
163 402
436 449
34 445
186 479
167 383
167 330
38 167
186 469
167 180
79 186
103 369
264 280
280 335
208 419
170 208
68 208
59 87
201 290
290 432
195 234
162 224
160 337
122 273
176 324
127 342
112 333
22 371
127 184
40 162
122 138
176 408
176 251
76 372
64 230
230 359
22 494
162 491
76 380
57 112
76 165
160 232
127 481
226 235
226 355
3 226
230 358
234 423
234 470
112 339
97 469
97 237
172 193
172 178
78 420
376 482
466 482
24 340
18 243
124 271
124 299
124 370
352 443
36 218
90 213
293 348
202 266
363 409
4 181
91 219
143 305
36 99
111 238
16 313
42 55
78 348
219 405
55 426
313 345
187 352
305 425
308 313
213 468
363 393
55 73
238 458
132 202
327 347
347 454
4 190
70 238
347 398
151 202
136 171
8 153
8 130
62 260
136 411
136 250
62 196
8 253
62 462
193 241
88 456
353 385
174 428
192 341
61 413
214 383
289 450
149 335
332 449
5 321
137 216
72 474
93 338
60 147
20 214
65 149
461 485
77 461
174 416
174 437
287 299
145 362
110 174
191 205
88 296
367 410
10 311
89 145
210 442
105 459
364 416
13 131
54 111
54 117
13 495
105 145
433 488
125 210
361 464
144 354
88 221
133 146
49 311
14 49
6 441
212 279
270 489
110 441
298 424
88 326
364 369
14 35
175 210
23 456
98 499
12 301
221 477
200 291
227 388
152 227
446 464
331 429
231 473
144 307
243 279
163 416
146 472
74 498
144 453
231 277
442 446
112 144
144 162
140 499
189 325
152 434
161 433
86 439
291 390
12 403
325 445
205 318
86 186
395 451
50 292
397 404
354 420
182 453
56 361
50 247
215 476
262 487
22 424
210 392
41 74
109 488
268 317
93 279
113 182
212 375
31 388
31 375
133 322
182 373
139 476
209 400
209 418
389 476
208 262
98 226
319 490
315 368
139 159
6 202
25 427
361 385
87 209
159 436
295 305
56 463
49 241
10 341
217 441
328 382
71 382
367 488
230 476
80 215
234 451
268 313
124 140
389 492
319 352
182 257
219 427
247 287
23 136
62 322
8 397
63 175
122 332
217 352
72 315
