2.101213
1
21
3
49171
17 64
52 115
33 55
114 125
99 127
17 127
95 96
80 96
53 96
12 51
48 74
3 74
62 74
29 74
42 118
64 118
63 118
120 127
50 51
51 85
79 130
67 116
7 128
76 128
16 128
60 103
4 57
96 127
8 25
0 37
67 127
67 72
1 22
1 18
43 91
79 100
94 124
20 31
4 96
4 66
94 135
45 135
37 83
37 56
25 33
21 97
34 97
91 112
96 101
11 68
32 133
15 87
32 67
52 65
24 125
29 132
0 27
110 132
16 27
46 107
10 13
60 75
8 88
98 115
106 113
71 136
2 109
71 114
55 58
106 116
1 4
47 74
4 130
51 91
91 122
68 131
5 123
44 49
44 59
24 41
5 61
68 129
87 93
23 127
77 127
51 73
93 119
77 138
2 66
88 89
58 102
28 126
103 130
32 69
25 47
23 74
24 72
7 108
6 36
48 54
12 82
51 81
40 130
13 67
47 124
37 69
14 130
28 67
70 118
109 111
85 92
4 107
86 120
9 39
121 130
38 47
31 124
30 32
32 78
14 98
104 127
96 117
35 137
26 105
90 138
84 122
9 51
68 73
19 100
84 118
26 118
97 119
101 139
78 97
5 75
19 44
35 128
25 134
36 121
