1.551399
33
14
3465
9025
71 123
31 125
64 125
32 65
21 96
4 92
66 92
8 101
72 130
53 136
108 125
106 139
20 89
4 100
21 137
39 138
16 39
19 39
7 39
62 118
117 131
115 117
45 117
11 117
18 117
13 30
104 118
92 116
130 136
6 17
88 116
41 110
2 82
57 110
99 136
63 120
59 91
47 76
5 76
27 48
13 67
67 89
109 134
37 134
35 134
91 134
23 69
10 109
10 131
24 133
65 133
6 133
129 133
70 133
59 133
37 46
46 90
46 87
26 46
7 46
81 119
40 97
22 47
22 139
80 125
44 107
30 44
29 99
29 103
39 74
74 108
25 73
25 48
78 138
3 34
3 92
1 16
28 93
0 93
93 104
56 110
28 128
60 136
54 102
102 123
36 42
36 69
23 56
44 97
38 43
43 124
9 85
9 49
9 63
8 9
14 42
83 120
83 96
62 113
113 122
86 119
98 124
98 129
80 93
44 60
68 137
68 84
51 94
51 87
15 110
15 73
95 127
5 114
2 95
88 112
112 135
38 132
52 71
75 136
27 52
77 84
77 94
50 81
50 82
50 105
45 50
50 110
61 117
61 126
86 114
75 132
24 33
33 34
33 111
33 55
58 121
44 58
12 121
12 79
