11.083333
1
26
12
45715
50 92
1 16
55 86
58 86
16 86
50 90
29 97
7 90
27 97
10 41
3 41
21 97
39 90
2 41
65 68
1 65
20 65
94 98
30 94
72 94
54 79
77 79
79 91
19 99
37 44
23 44
60 76
4 48
48 64
48 87
47 84
19 47
6 47
38 74
14 38
35 38
9 70
74 85
5 22
22 89
22 57
4 78
40 45
40 51
28 40
53 69
83 96
81 83
43 73
49 69
75 83
69 82
34 43
0 66
15 39
46 59
52 67
17 62
32 52
52 56
17 61
8 17
11 88
11 42
46 63
11 24
46 71
33 45
12 89
9 94
36 94
13 86
0 90
95 97
31 41
78 79
38 99
47 60
93 99
25 44
44 85
13 79
33 79
80 93
83 99
26 36
40 80
18 26
15 60
31 60
17 80
46 80
25 43
12 48
18 95
0 69
0 95
11 31
52 95
