51.497131
1
115
9
13397
148 256
44 201
209 395
225 395
275 395
9 395
60 399
248 399
0 399
29 332
278 334
250 302
260 305
232 302
156 334
97 302
82 334
188 305
123 305
271 317
73 317
34 314
41 314
201 348
311 348
48 348
314 334
256 267
183 267
272 274
237 274
141 353
168 399
278 367
89 227
133 239
120 269
86 390
88 249
163 336
234 249
76 249
206 219
186 315
81 310
194 370
40 310
338 396
279 381
339 378
236 342
167 381
177 342
144 342
46 286
4 286
281 336
195 310
262 286
23 370
153 320
106 259
84 259
39 284
293 315
323 394
104 320
264 392
301 315
226 396
54 219
56 99
141 321
228 394
44 99
332 336
151 284
121 396
91 392
212 219
319 321
59 320
35 321
37 370
38 394
369 378
114 381
61 99
222 284
326 378
198 392
274 302
317 327
174 317
314 316
110 285
86 296
22 296
58 304
200 304
41 361
70 75
29 50
112 175
36 193
133 193
112 347
267 355
107 160
17 213
119 211
64 164
49 117
231 258
52 164
5 344
145 173
357 389
47 230
12 160
181 211
11 216
108 178
6 162
26 162
103 131
110 223
350 389
115 134
176 344
55 216
126 178
89 134
94 258
32 173
28 213
148 230
274 388
19 62
68 263
305 362
314 360
296 380
67 238
7 118
120 241
358 371
137 283
9 95
8 18
74 85
66 78
65 140
87 116
128 169
1 13
2 69
244 273
14 31
43 122
25 189
304 390
208 246
75 210
75 125
50 92
50 179
75 127
347 353
72 334
175 336
210 347
211 383
230 253
162 290
258 300
134 294
131 359
131 269
223 243
344 351
213 365
173 366
389 393
117 204
160 384
164 165
178 224
223 265
216 280
314 385
62 356
285 361
102 399
259 341
175 178
100 317
3 219
172 267
129 267
166 389
274 324
122 349
16 154
140 377
169 391
78 191
140 333
31 397
31 190
85 309
169 297
69 276
13 335
238 289
13 291
78 252
95 147
118 168
122 343
116 266
95 130
283 295
171 298
16 79
171 340
371 386
18 170
18 354
171 174
118 192
238 292
241 375
283 313
273 346
69 218
189 247
189 221
116 368
241 257
146 239
146 379
146 306
288 342
72 249
284 288
50 270
166 325
193 233
109 337
109 367
324 381
129 378
3 361
117 362
372 396
310 372
185 296
246 283
140 246
166 241
50 324
101 138
182 242
80 287
215 328
80 245
57 251
53 322
45 158
101 197
53 152
24 398
215 382
51 263
57 199
15 83
42 203
139 208
80 124
24 159
53 364
15 240
96 155
30 105
15 68
33 207
24 111
96 214
139 307
139 331
182 227
51 98
45 254
45 217
33 180
96 196
101 220
30 63
215 299
161 329
161 255
42 229
51 149
57 308
182 352
33 143
161 345
30 318
132 233
162 185
373 394
102 315
202 370
202 392
321 363
3 77
134 150
164 385
10 395
16 77
85 270
273 360
3 85
3 371
30 246
80 175
305 387
302 387
20 213
258 330
211 261
273 288
173 373
344 374
100 230
160 202
31 150
78 150
62 93
116 129
42 235
118 372
132 202
132 261
100 132
189 330
95 330
157 320
99 113
45 72
187 286
122 374
18 373
100 238
69 374
13 261
57 385
205 361
142 246
90 285
277 285
20 135
135 330
135 374
75 187
175 303
268 361
166 277
10 166
113 193
20 139
20 182
93 215
24 102
93 161
53 261
42 376
15 363
101 376
33 376
216 268
96 363
71 132
27 385
185 312
169 205
172 312
184 285
129 303
62 136
142 373
136 235
90 376
21 102
51 157
21 363
282 341
282 371
