51.370280
1
112
783
23843
326 369
223 262
17 312
9 214
251 329
110 353
245 397
40 353
84 164
185 262
158 247
71 372
138 302
252 278
33 338
52 340
314 350
73 176
253 386
218 256
116 118
183 308
21 203
45 308
38 175
36 111
6 98
11 199
209 215
323 393
292 377
36 88
226 331
63 294
34 319
58 209
47 164
166 186
48 242
184 370
2 24
117 178
74 202
149 172
205 339
81 266
46 209
49 117
1 172
136 260
128 170
183 224
59 372
105 385
41 166
130 248
137 164
74 155
248 356
10 249
366 369
94 331
3 385
126 301
122 155
79 224
300 308
249 312
221 262
200 278
70 155
15 57
200 234
75 393
232 377
11 386
120 334
279 292
64 202
139 225
14 231
27 394
51 329
160 277
180 212
203 356
170 264
13 362
117 163
66 390
125 301
0 302
364 386
222 338
101 264
206 370
236 370
215 319
51 239
294 302
193 256
118 380
270 308
52 338
34 152
91 152
304 359
389 394
102 186
62 282
90 102
37 353
31 58
298 340
152 172
316 334
167 349
235 323
56 394
153 172
160 301
171 292
161 231
339 393
372 380
20 224
12 140
101 362
93 159
268 318
4 71
37 236
43 231
111 147
42 248
28 175
108 213
113 256
99 369
103 385
278 350
29 323
51 264
17 176
23 166
61 340
344 349
210 245
82 353
207 242
7 331
154 173
262 308
4 293
294 349
93 359
211 362
124 204
110 339
97 247
289 301
234 312
145 292
278 331
18 209
39 110
141 204
76 372
123 203
186 363
179 211
133 212
385 397
148 252
54 124
24 397
195 199
52 214
17 140
263 264
27 80
144 334
197 359
32 80
50 159
88 204
135 256
119 225
133 225
363 380
152 173
17 44
188 380
160 202
30 211
107 329
254 263
169 393
141 277
247 356
129 390
11 104
117 181
11 312
201 248
89 91
181 213
339 356
83 170
185 205
35 66
92 214
296 318
87 232
266 362
109 212
22 141
153 210
249 334
110 159
233 350
86 263
213 318
65 163
282 377
249 262
78 186
51 69
139 193
302 369
19 44
131 329
85 140
213 260
26 394
5 113
57 133
27 164
115 160
115 294
100 204
100 377
359 376
242 376
291 369
321 370
231 291
16 321
98 134
245 341
217 340
63 346
40 325
196 380
252 306
174 204
66 95
304 367
173 276
23 391
57 332
18 25
63 271
69 391
239 276
9 237
108 367
55 217
104 237
169 381
84 381
134 141
62 341
38 332
78 95
10 196
57 306
8 346
55 320
80 281
57 112
176 187
18 287
10 143
75 151
199 342
350 360
63 310
39 68
263 354
178 337
69 127
16 121
102 114
175 259
260 371
212 299
199 275
13 106
16 77
129 150
44 241
282 330
66 142
349 387
118 244
58 374
214 313
58 165
91 396
262 311
282 290
232 351
224 378
169 255
216 271
188 198
188 191
176 220
232 383
170 284
202 375
98 229
124 250
75 96
108 285
88 189
108 288
24 60
129 347
178 355
104 295
118 297
211 333
18 243
245 358
239 274
75 388
16 53
277 328
277 395
78 303
24 162
102 157
5 335
159 190
46 72
163 265
69 146
163 322
129 156
277 368
88 272
39 228
46 177
55 194
104 398
5 352
386 399
66 192
49 219
247 286
340 379
293 324
141 227
78 336
80 246
39 357
318 384
266 307
5 373
173 348
49 67
169 305
338 382
359 361
44 261
173 257
302 365
49 269
260 345
141 273
239 267
242 327
91 240
46 168
225 230
203 280
252 309
202 343
323 392
147 238
140 182
266 315
166 258
178 317
188 208
10 283
124 132
