8.103328
1
26
1
80752
24 104
3 15
6 17
48 73
59 72
58 74
42 74
43 74
66 69
78 108
23 96
23 86
51 69
44 69
104 115
1 61
81 86
84 115
60 115
64 96
32 54
10 90
74 87
14 19
46 77
46 95
36 101
36 70
36 85
28 38
54 59
89 96
28 33
61 116
14 83
9 117
78 107
99 107
91 93
72 82
6 56
12 117
11 82
5 30
55 93
3 107
17 18
48 56
16 75
15 75
41 118
24 79
67 82
36 90
86 100
46 109
28 88
61 110
40 88
37 71
65 93
21 112
21 47
49 106
49 89
18 62
18 76
79 105
106 117
2 52
30 53
4 31
4 45
37 73
8 34
4 98
30 50
56 103
21 57
101 118
2 111
102 119
13 119
10 22
29 114
61 114
114 115
108 114
25 65
10 28
40 74
10 86
20 22
74 94
22 29
92 110
35 113
80 111
35 109
97 114
29 46
26 94
22 68
10 18
69 97
4 29
7 26
21 94
25 114
27 114
7 30
22 80
68 82
7 8
14 63
20 39
14 92
0 96
29 119
