28.900000
1
95
1561
2514
369 416
390 408
429 466
90 303
53 351
264 298
35 356
405 427
275 427
52 213
89 427
231 475
298 328
326 342
72 289
393 416
176 435
57 213
154 354
368 495
198 342
460 466
316 439
29 282
35 354
148 435
106 325
209 360
396 408
94 487
442 466
155 360
65 470
184 470
246 359
134 150
320 368
222 435
193 404
102 347
160 375
262 485
31 453
212 459
205 342
475 483
287 399
157 495
404 493
354 494
259 450
128 465
270 354
119 291
116 121
181 278
169 450
53 213
112 392
86 248
174 317
209 489
130 287
288 465
212 485
85 150
117 415
313 485
190 408
247 445
375 422
333 404
452 453
9 282
164 495
296 328
150 246
50 230
148 195
177 453
179 475
184 331
188 463
103 485
33 282
465 473
406 487
251 408
387 487
194 291
421 435
204 303
228 478
21 419
15 411
56 364
369 464
335 415
313 455
101 364
18 465
36 269
72 320
110 375
68 224
82 303
183 415
264 425
10 425
79 425
42 478
366 416
70 465
146 364
100 289
92 476
176 235
211 279
123 408
231 420
161 224
133 161
187 433
351 433
197 433
46 487
64 263
263 281
188 263
365 447
66 447
61 315
211 381
118 255
120 458
327 458
454 458
443 450
71 433
376 406
355 376
139 388
348 388
370 388
388 401
3 20
346 371
216 346
149 213
36 417
68 417
90 417
417 438
253 466
20 272
361 401
241 361
202 364
2 20
39 80
39 44
339 495
20 46
279 339
342 446
3 398
326 398
398 421
398 463
170 263
240 415
330 342
417 482
383 484
343 376
470 472
341 391
297 458
381 388
51 158
15 51
54 420
123 265
192 498
78 192
158 229
19 410
395 482
156 381
200 320
5 200
23 200
192 407
28 347
28 445
229 272
75 113
30 292
247 292
292 348
292 479
353 416
353 453
200 407
458 477
78 214
166 214
274 340
274 476
274 499
274 492
135 400
135 332
201 207
358 413
183 191
88 469
302 477
131 489
102 131
131 344
117 131
382 457
366 382
316 382
382 390
416 430
430 470
41 472
143 240
192 255
149 336
341 343
8 178
178 392
153 178
71 446
1 280
189 280
280 317
280 359
203 443
54 381
244 273
273 277
0 273
210 244
141 210
92 273
161 191
170 202
49 453
49 277
49 67
49 436
20 362
143 199
22 310
40 310
310 419
70 310
281 486
375 486
43 464
43 248
480 493
124 480
59 480
223 441
223 306
167 337
413 480
249 404
249 435
159 345
101 159
185 296
63 185
185 371
76 185
380 465
150 380
336 484
2 227
12 154
88 292
131 315
12 60
22 152
152 206
152 450
232 442
163 307
163 425
130 163
334 428
208 395
61 152
232 471
449 480
11 156
254 284
254 385
145 254
180 254
302 358
245 268
245 299
217 245
181 245
293 403
293 422
24 27
24 86
354 461
175 461
425 461
16 122
95 462
18 95
105 239
105 448
105 444
105 218
74 308
74 379
74 332
74 498
74 300
99 411
99 171
95 196
95 167
95 228
334 433
258 362
38 485
208 410
225 415
137 225
225 268
225 397
45 112
45 69
14 291
14 56
73 141
73 115
352 363
352 470
318 402
98 427
98 303
16 118
322 373
373 491
233 373
58 203
17 360
253 382
105 449
285 435
285 467
162 285
147 474
147 235
39 191
252 468
195 252
221 295
250 323
144 319
77 121
4 394
267 357
221 424
357 423
7 418
242 481
4 236
7 389
242 412
144 439
250 488
243 497
77 294
77 93
357 378
243 269
144 238
243 456
4 474
47 242
274 446
374 385
257 374
374 377
25 140
25 237
87 499
26 312
26 311
87 440
87 350
60 136
207 461
109 178
318 447
91 291
91 261
17 447
301 388
138 206
138 372
226 363
226 325
81 226
104 107
104 261
77 381
215 437
215 256
62 174
62 97
34 114
283 309
19 37
125 409
111 218
142 271
114 120
83 142
286 414
290 434
84 329
13 356
324 459
290 298
108 490
125 331
182 283
129 283
13 48
490 496
367 414
324 432
114 126
32 260
142 278
37 230
37 386
84 165
50 84
414 431
172 324
111 384
260 426
234 349
234 321
186 234
96 282
219 266
27 219
219 304
178 451
55 399
55 168
6 338
6 455
127 173
127 276
127 314
39 220
131 223
151 256
151 360
163 382
41 260
25 201
26 446
330 374
11 87
7 199
132 321
132 279
373 451
38 254
265 305
227 250
109 490
152 373
96 410
75 490
191 414
301 357
220 221
136 242
127 461
283 305
