39.197619
1
102
3658
4046
37 426
70 288
108 219
197 355
63 140
151 372
194 252
200 355
89 412
380 412
61 318
60 446
217 223
9 345
324 424
218 349
12 347
85 215
28 425
11 108
188 318
104 187
1 287
213 225
306 435
122 225
258 394
393 446
72 83
333 392
272 366
85 300
130 412
69 330
230 238
149 366
20 301
100 347
177 415
369 431
355 422
100 305
2 187
199 215
32 215
23 169
139 301
3 448
193 425
72 137
173 187
263 430
372 392
298 431
15 435
162 325
143 345
148 446
429 442
170 394
0 219
325 387
225 269
389 392
224 325
259 349
240 284
175 301
403 427
29 217
219 310
288 338
12 185
371 431
95 425
136 303
189 200
113 424
28 162
14 217
63 240
183 324
303 432
227 349
74 325
247 394
168 431
45 217
164 240
110 432
113 247
181 324
418 434
253 432
134 292
198 287
119 366
280 287
146 181
228 361
190 267
55 228
47 83
45 288
140 267
110 388
174 327
241 448
316 430
318 326
207 427
17 442
347 415
185 427
271 430
143 401
402 435
83 211
16 448
177 401
276 401
246 442
170 266
53 266
266 375
15 195
189 222
222 329
56 222
281 374
129 281
46 281
84 281
263 348
88 317
48 317
367 397
44 367
154 195
118 127
127 209
54 115
115 258
127 213
18 127
76 115
115 157
202 222
289 432
75 289
294 435
274 294
294 394
254 294
27 294
42 273
42 425
117 365
365 386
382 443
50 382
151 382
115 317
66 377
127 144
142 202
293 383
42 319
58 376
58 223
58 157
58 431
81 413
81 243
81 395
81 308
81 182
61 103
42 142
127 339
4 106
4 389
4 273
4 357
236 366
40 104
107 180
9 180
180 201
349 409
353 409
355 409
51 239
194 239
239 368
166 296
131 431
75 121
121 363
125 235
19 71
155 255
19 398
155 265
155 423
19 346
166 441
178 359
105 178
156 286
286 351
287 420
178 242
135 420
286 387
286 384
420 448
178 407
288 420
225 342
156 342
210 292
240 416
318 416
145 386
235 436
293 382
82 95
82 328
224 437
281 342
34 131
150 266
145 436
187 220
232 252
33 232
144 296
99 392
99 159
65 309
65 174
65 305
44 65
24 135
171 279
123 171
319 406
25 103
68 134
68 191
11 68
37 57
57 249
57 238
203 388
282 445
125 282
238 282
282 327
128 410
8 410
410 426
410 411
87 164
133 221
126 199
132 219
132 430
256 291
55 256
256 449
25 409
295 413
69 295
205 238
114 390
180 390
158 161
93 161
161 192
243 245
245 340
41 245
245 332
154 410
105 167
167 250
167 363
34 256
322 427
196 446
42 155
26 211
26 375
126 317
78 96
78 405
5 179
52 270
5 31
5 414
38 307
52 111
78 350
39 116
39 172
38 62
38 336
52 290
39 356
226 230
226 237
79 226
81 124
4 231
103 208
171 339
283 335
182 283
283 321
98 323
244 311
212 248
373 385
90 351
212 313
331 442
141 262
97 379
90 102
35 370
379 400
43 73
94 412
90 163
35 334
324 438
6 330
186 212
43 64
215 331
36 312
6 358
257 341
98 434
35 129
98 169
373 378
141 152
36 112
6 285
257 396
86 373
43 353
244 315
379 381
141 377
165 204
354 404
92 428
304 337
101 268
277 325
352 362
352 418
67 354
204 359
204 229
360 444
344 360
91 147
109 184
101 136
428 433
10 360
22 399
314 354
77 352
49 91
275 299
214 275
302 364
21 101
251 401
302 419
264 304
184 260
137 302
399 408
216 440
30 216
80 184
297 428
251 301
208 236
160 435
13 250
13 343
83 278
138 320
7 138
231 421
153 439
120 153
391 406
236 239
103 178
24 66
231 233
275 348
19 447
421 447
210 420
59 133
94 115
176 239
231 245
103 161
176 417
42 184
58 283
36 231
124 257
114 261
98 236
234 236
87 196
342 379
138 417
150 304
216 233
360 437
59 94
153 220
203 206
153 205
167 244
91 322
38 331
78 94
52 438
39 261
5 160
212 438
277 354
278 428
234 399
206 373
