18.622511
1
69
0
412
77 82
186 190
243 339
172 298
87 136
128 276
11 41
69 317
45 169
6 121
0 32
83 196
87 281
56 141
86 182
192 321
85 337
85 332
84 338
89 194
83 120
83 91
81 269
195 287
80 315
213 261
80 261
197 271
90 96
92 340
55 71
93 294
94 258
95 183
188 220
187 346
97 204
97 251
97 293
98 348
186 248
101 273
54 168
65 285
57 67
59 102
69 194
202 340
67 300
67 103
203 222
203 245
70 96
59 166
64 346
205 242
63 100
208 306
209 348
210 273
212 306
71 112
200 281
72 193
73 199
74 245
75 298
199 252
56 330
76 121
76 229
184 285
77 240
78 102
198 271
137 201
140 323
140 200
163 179
139 254
138 286
138 157
137 314
137 214
140 335
136 284
135 310
135 264
135 156
166 176
133 333
133 328
133 279
145 258
152 253
150 173
153 249
154 229
148 220
147 285
146 211
159 281
133 268
144 341
144 272
159 290
160 185
143 169
143 161
142 185
172 249
173 248
115 234
113 223
110 321
109 330
108 312
116 291
108 115
177 326
179 191
179 232
181 289
183 332
0 294
184 302
166 178
132 325
132 309
131 318
131 316
131 295
129 144
128 194
127 183
104 249
126 147
167 182
167 303
167 322
124 189
122 175
117 307
8 309
9 123
257 321
9 114
23 315
24 250
256 326
256 321
25 142
311 313
255 304
26 262
254 274
253 276
313 317
260 284
246 321
28 138
28 315
29 119
244 322
29 211
243 287
30 264
241 242
32 263
8 109
238 302
237 248
10 130
14 180
14 190
288 304
15 44
287 308
301 309
15 219
305 338
280 281
277 329
12 250
274 347
11 240
310 347
54 75
271 278
10 82
10 61
17 56
18 206
20 96
10 31
20 285
21 72
266 346
21 259
262 315
21 342
9 164
49 345
2 124
225 265
2 118
223 257
43 213
45 302
46 49
47 71
221 284
220 307
219 327
49 162
49 295
315 349
1 328
218 247
218 237
218 228
1 88
217 265
1 61
51 111
1 19
51 336
52 242
53 120
2 270
313 339
7 291
7 41
6 185
34 239
34 320
35 227
35 258
5 289
5 248
233 267
233 259
36 337
37 75
38 343
319 338
3 263
231 349
4 79
231 282
38 81
230 263
4 14
155 299
297 346
151 325
324 331
299 326
165 171
155 235
165 258
321 327
155 183
224 338
236 261
234 275
193 325
194 203
199 207
227 346
226 302
226 294
236 340
223 227
220 334
206 235
208 224
212 283
216 223
212 340
215 287
215 277
261 343
292 344
166 244
167 290
168 290
273 283
170 309
271 275
174 216
258 292
179 207
185 244
185 324
250 331
250 275
248 290
33 158
40 206
40 68
39 51
36 117
34 170
34 74
33 134
33 99
30 265
27 348
27 313
53 304
51 66
50 284
50 265
49 151
48 179
48 51
42 294
42 107
13 33
14 296
14 16
13 334
10 155
9 75
2 227
2 58
1 60
22 134
26 326
25 63
22 97
21 155
16 99
125 297
122 285
116 242
125 304
107 203
106 325
144 149
149 325
146 313
137 244
71 275
66 340
62 171
62 105
60 67
