39.600000
1
82
1364
19725
37 205
271 282
117 264
149 266
46 97
82 294
79 294
246 290
219 290
244 281
210 264
157 180
35 205
177 298
98 298
189 266
72 298
164 257
172 230
96 294
169 180
216 230
4 230
126 180
124 282
42 205
116 287
146 290
0 108
132 287
159 291
74 266
237 291
21 257
144 282
95 287
31 108
24 291
201 257
234 264
81 137
137 243
90 102
259 260
32 259
244 259
252 273
85 252
51 252
231 252
170 232
232 296
97 232
8 207
50 207
207 231
59 207
222 256
185 222
46 222
45 283
87 283
190 283
223 283
14 154
17 111
14 33
71 136
71 227
0 71
111 112
111 184
14 227
71 88
200 247
118 247
23 92
141 272
51 272
52 221
221 261
114 221
68 221
43 240
89 239
193 239
239 251
86 174
21 86
86 243
86 160
33 99
106 269
104 281
49 270
104 225
49 182
49 265
106 217
104 267
106 138
2 128
2 92
2 29
47 66
66 233
66 215
131 139
60 84
19 131
131 203
60 107
146 250
120 298
131 181
34 60
60 233
58 257
20 208
67 266
235 291
158 205
158 287
20 100
20 81
39 110
63 110
110 114
175 188
16 175
175 181
101 167
101 289
90 101
54 218
135 194
76 197
147 194
123 258
69 212
25 62
187 195
62 130
125 133
191 196
161 178
113 197
31 69
109 196
178 228
173 180
168 178
15 211
133 279
140 187
258 292
165 211
69 248
70 258
36 62
196 209
61 133
197 214
211 236
43 54
194 280
91 187
3 94
9 28
5 134
41 171
6 18
9 10
242 282
162 294
41 143
78 152
73 155
73 263
78 115
5 254
3 206
6 121
176 230
41 93
78 163
5 38
3 262
9 145
6 199
73 75
150 290
48 103
44 166
77 183
179 253
64 224
198 275
64 277
166 249
30 156
166 202
122 264
83 105
198 213
186 295
26 119
186 229
179 238
156 293
12 65
27 198
12 299
56 83
55 186
156 268
53 64
103 192
26 129
77 226
77 223
57 286
103 148
22 26
142 179
83 288
102 104
120 259
111 247
158 207
13 164
13 285
80 158
14 239
7 222
57 137
120 283
71 250
111 120
252 284
23 66
1 80
220 232
235 240
204 283
106 274
104 274
99 120
11 99
2 49
7 250
49 58
2 235
67 245
11 60
20 67
23 211
110 250
247 297
1 240
173 240
23 276
99 241
40 240
127 241
23 198
122 221
58 255
153 175
127 278
176 245
64 250
6 235
11 103
12 58
11 156
26 67
101 153
78 204
176 258
176 187
178 242
62 151
151 255
151 196
133 151
194 220
197 297
9 40
5 284
242 276
162 278
41 162
73 220
83 162
166 242
3 297
150 179
122 186
