2.158357
31
18
15
9838
84 146
80 93
32 66
72 128
93 128
82 134
82 90
37 82
122 157
59 157
115 157
40 49
36 40
40 154
80 100
46 95
114 133
129 133
6 48
77 87
14 26
41 99
69 99
60 155
13 155
150 155
63 155
6 155
85 109
74 79
74 114
74 89
88 101
16 101
8 101
41 112
86 145
86 137
17 140
140 144
3 140
25 152
136 152
69 131
64 73
4 73
53 145
1 91
1 14
97 125
22 118
52 132
2 19
2 16
142 149
57 142
119 142
126 135
135 159
10 143
89 105
30 137
10 30
22 56
4 7
34 120
104 115
3 55
103 111
61 72
61 62
61 129
61 106
68 94
94 127
81 94
121 124
124 153
5 78
5 119
70 84
70 71
67 156
25 107
42 153
74 82
113 157
23 43
23 117
131 147
82 140
54 60
54 123
92 126
102 159
20 62
75 85
45 141
11 34
76 87
27 36
27 146
11 148
76 151
12 45
77 101
66 104
44 77
133 142
95 105
35 128
77 125
21 127
24 82
56 83
40 55
101 132
101 142
75 138
77 138
18 113
74 120
28 68
9 48
108 140
67 147
29 118
130 131
35 73
7 143
33 108
9 142
40 107
53 110
73 111
42 82
116 128
96 155
40 158
40 92
65 100
38 83
47 133
77 98
26 50
23 112
15 152
58 152
20 131
51 131
0 44
39 73
33 50
18 47
94 96
24 139
45 130
31 110
31 38
