7.571302
1
31
3
1568
18 32
41 116
29 117
21 62
13 129
30 57
114 139
6 124
9 124
2 58
39 58
58 128
58 72
126 179
0 74
27 74
38 64
124 152
111 143
50 143
18 143
73 106
36 120
97 103
42 103
32 120
21 88
6 88
116 151
167 179
106 109
87 88
14 85
44 105
0 70
41 105
13 70
56 92
5 92
90 121
74 138
74 112
25 26
96 150
64 82
64 168
64 171
96 155
96 174
76 107
68 77
8 178
88 172
45 151
49 120
103 129
151 156
106 176
85 101
92 102
105 157
121 145
154 173
26 30
10 78
10 84
26 93
126 144
46 144
35 144
11 127
70 132
119 169
1 133
38 133
12 94
65 94
91 166
164 166
163 166
69 167
23 136
23 117
110 115
24 115
51 107
22 99
3 51
29 158
25 134
17 158
24 134
70 152
121 174
121 148
68 130
47 98
34 60
40 66
9 83
141 173
136 173
11 53
96 106
133 170
69 148
23 135
23 155
115 122
99 177
99 139
20 118
20 67
20 54
81 142
61 146
61 86
52 63
61 149
66 73
10 58
26 58
83 114
130 140
108 124
19 62
19 43
37 52
162 175
94 169
37 132
11 96
124 144
58 81
115 124
60 131
119 151
70 119
5 113
57 125
104 179
74 178
85 92
3 64
101 153
80 96
31 49
15 45
125 161
54 159
95 141
71 89
61 179
10 77
85 147
16 74
28 179
98 119
100 119
48 135
4 53
95 131
75 88
79 103
123 143
124 165
120 160
105 160
92 123
58 159
26 59
33 104
55 106
59 166
4 64
120 137
28 162
7 11
71 105
