18.133333
1
40
363
35891
39 144
71 105
31 133
43 90
56 133
41 131
4 113
125 148
63 65
67 137
41 153
33 113
81 159
57 113
15 136
130 144
46 90
13 131
117 147
89 113
21 90
4 119
3 137
16 147
55 144
42 159
44 137
151 159
96 159
33 147
105 133
35 74
34 74
74 75
12 74
28 77
75 77
77 124
32 77
103 108
80 103
70 103
111 114
92 114
19 84
58 84
24 84
84 149
82 97
52 82
82 121
54 65
54 148
54 99
43 54
146 159
70 85
5 155
5 125
5 83
5 129
13 95
85 144
94 106
106 143
15 106
74 142
29 36
29 127
29 63
78 98
122 140
98 107
64 102
68 122
30 79
102 110
53 122
138 154
154 158
0 98
79 128
18 79
91 102
100 154
93 134
27 126
17 37
47 50
1 25
1 120
1 153
50 135
10 118
109 132
9 69
10 40
23 34
23 87
17 81
17 72
7 9
123 152
50 51
93 156
109 139
49 115
123 145
9 86
109 119
26 49
6 27
27 88
10 136
49 62
8 93
101 137
23 60
66 133
66 113
38 71
38 129
14 76
14 116
14 59
22 90
45 103
104 114
48 112
84 157
112 142
11 114
77 141
54 104
45 84
45 82
48 61
11 82
20 146
45 61
50 104
85 106
102 146
9 45
79 85
5 150
20 73
95 101
2 123
29 123
98 150
73 122
2 14
10 101
93 101
23 73
49 73
141 154
22 27
