37.283687
1
81
3
45922
5 128
4 190
14 102
9 143
79 249
182 245
196 273
137 272
49 232
253 264
158 198
13 264
10 198
194 264
98 264
99 198
3 198
239 256
162 256
73 96
85 183
38 256
34 96
139 250
59 96
12 250
47 250
69 183
17 183
60 144
130 144
7 19
41 177
35 252
28 298
154 197
144 150
19 174
19 191
177 208
177 210
6 281
87 167
87 125
197 293
6 219
6 49
119 248
56 242
169 242
4 221
50 221
100 221
29 147
37 297
37 262
37 61
29 200
107 278
29 104
107 133
29 106
157 195
158 283
159 265
160 222
163 203
164 171
168 223
81 171
22 222
176 287
71 124
220 274
156 282
173 280
136 284
1 124
20 265
46 284
45 223
44 229
48 229
54 203
52 274
170 287
213 274
78 265
83 195
28 280
275 284
35 124
42 282
2 282
5 43
15 43
21 203
26 287
190 286
155 286
113 280
199 283
179 286
134 229
194 222
79 171
122 195
128 223
182 205
188 205
90 238
51 103
9 251
8 238
138 217
204 234
193 217
0 225
181 234
95 97
77 225
88 97
120 251
18 76
57 109
177 214
80 141
67 132
14 23
30 65
197 266
147 242
107 214
37 266
283 295
43 233
103 235
103 249
97 146
251 288
217 245
225 273
234 269
238 255
76 232
76 148
109 189
109 143
65 212
65 89
141 260
141 207
23 231
58 224
58 268
23 153
132 211
132 178
74 196
64 230
64 102
64 263
74 86
74 180
115 137
115 299
115 276
92 244
62 241
62 116
131 140
75 237
66 70
11 84
185 291
32 82
185 289
27 166
27 187
24 40
111 114
63 240
63 192
92 145
135 246
62 270
111 259
66 175
11 16
135 257
135 254
31 105
11 184
31 165
31 218
24 161
32 108
185 227
32 272
75 296
27 209
66 258
68 112
24 294
131 151
63 215
68 149
75 129
92 127
68 118
205 248
131 285
111 267
19 250
6 96
33 198
36 202
36 201
33 183
107 144
87 290
29 33
65 119
236 264
24 119
119 185
110 285
228 267
223 252
195 252
265 298
119 292
119 126
144 243
141 252
225 290
123 250
172 183
94 96
33 132
93 298
121 197
121 298
186 298
107 152
11 290
19 261
131 290
123 177
101 252
33 277
72 290
37 226
236 287
121 203
279 284
222 279
152 282
171 243
142 274
186 221
217 271
186 242
117 251
142 234
53 124
94 280
43 226
247 286
55 229
23 279
32 271
92 117
31 117
62 271
27 236
97 172
93 142
63 243
66 121
75 142
238 261
109 247
58 206
53 68
91 117
64 206
25 243
91 236
135 226
55 111
72 279
39 292
39 277
25 216
110 256
126 216
197 228
36 186
