2.053111
1
16
0
110423
88 96
39 89
47 72
14 41
61 77
28 79
19 46
38 74
37 87
36 92
35 83
34 74
33 85
1 42
33 67
28 96
21 41
27 98
26 95
25 73
19 84
20 27
25 26
24 93
24 45
23 68
56 58
82 95
76 80
76 79
74 75
73 94
70 78
69 93
65 69
63 76
61 65
60 90
56 89
54 87
54 84
54 72
52 57
48 70
45 53
43 76
42 97
42 80
42 66
4 67
11 77
11 36
10 17
9 81
9 62
8 99
8 32
6 37
6 21
8 30
3 94
3 29
3 23
2 44
2 34
2 31
1 68
0 86
15 65
17 53
13 86
14 35
60 82
3 51
59 65
59 62
57 71
57 65
4 12
56 71
4 22
55 64
4 27
22 35
5 11
54 57
51 86
16 55
49 76
3 7
2 81
2 7
18 50
35 64
8 91
12 70
40 50
40 70
8 11
