43.535714
1
111
3
5160
71 443
305 388
62 228
6 239
229 274
222 318
119 193
310 397
4 194
219 422
182 342
121 483
126 471
129 462
258 296
78 346
294 456
289 307
262 266
348 472
280 381
39 192
351 491
63 174
109 246
187 479
205 415
95 205
94 205
205 247
182 479
347 479
220 479
1 138
136 449
136 476
136 180
136 208
123 426
475 476
475 488
50 475
228 475
79 199
199 370
199 266
64 358
99 199
3 369
93 199
222 369
146 358
117 358
369 415
188 369
202 414
178 414
382 414
307 414
110 156
382 464
399 464
41 110
455 464
12 110
408 464
60 110
246 374
337 374
181 275
189 263
149 460
114 283
28 135
27 135
44 263
402 420
400 441
395 400
445 474
356 458
44 275
452 466
236 356
275 443
67 460
387 444
258 299
4 36
32 114
263 300
36 486
169 460
79 445
280 356
21 36
325 466
299 482
309 420
36 309
42 444
40 299
65 405
37 420
157 466
140 400
203 400
286 405
200 444
193 405
135 147
349 445
52 223
223 234
183 223
20 499
248 387
68 459
225 232
175 262
175 247
260 383
260 303
290 473
175 488
361 438
20 297
20 227
335 455
173 186
87 260
88 175
68 144
68 77
68 202
384 403
35 391
308 391
391 398
300 328
391 413
232 384
217 463
57 195
384 472
245 394
368 485
166 290
336 368
394 421
265 290
312 384
277 394
39 57
198 368
260 392
348 407
123 386
316 465
360 465
397 465
58 407
66 407
85 386
56 493
126 434
432 434
281 493
75 291
71 291
371 434
63 493
61 291
192 256
212 437
43 359
186 498
24 359
331 435
31 259
240 498
121 343
147 359
433 437
293 343
129 343
230 256
340 362
379 393
334 367
333 477
332 362
446 477
215 341
282 393
278 372
74 419
350 367
98 362
341 351
91 372
106 419
323 372
119 341
242 489
128 367
164 419
306 320
81 491
53 117
108 235
73 81
1 122
15 235
122 456
54 81
305 306
218 306
235 408
38 122
115 255
330 357
120 366
274 330
366 381
125 366
257 330
436 495
145 403
145 311
338 365
209 480
49 365
191 327
9 103
102 209
179 206
9 302
0 145
107 250
345 418
365 487
25 168
154 155
261 345
170 179
168 342
168 310
163 253
155 211
410 448
93 191
100 436
80 107
76 179
18 163
87 345
90 176
10 353
177 219
176 422
177 318
33 177
82 252
82 417
10 229
176 213
62 82
152 197
7 10
6 152
152 423
46 140
276 424
69 158
29 329
132 454
118 398
243 451
29 450
29 167
118 439
14 45
22 376
141 143
243 298
47 461
47 294
105 284
364 412
14 188
314 409
118 239
86 133
141 438
276 471
141 344
276 447
69 339
132 304
105 165
105 321
34 352
34 322
34 319
396 496
112 326
112 428
112 160
30 285
86 354
86 373
30 385
30 442
132 268
69 83
314 380
131 196
96 251
204 254
92 271
113 453
5 470
113 324
237 390
46 313
364 401
5 142
5 331
238 317
16 204
314 346
2 190
2 388
201 427
201 355
23 201
22 187
131 467
131 289
22 210
375 396
317 497
14 264
153 161
153 296
153 484
46 494
204 231
396 404
271 406
271 378
237 411
113 483
317 490
13 139
47 315
13 115
96 272
13 185
130 214
390 478
272 481
337 481
227 492
350 389
95 287
99 440
251 430
212 440
198 269
355 469
138 205
369 479
416 470
80 184
49 416
97 104
184 185
172 302
172 190
205 374
299 479
358 475
374 426
358 460
420 429
429 466
275 426
111 199
267 479
248 464
159 368
57 444
55 420
173 400
377 426
136 457
367 426
468 475
429 431
110 457
20 288
288 361
384 463
159 242
159 425
159 306
171 369
138 345
270 358
225 493
124 414
36 216
216 405
138 276
89 429
72 429
122 249
288 343
159 177
19 335
207 225
248 372
362 463
134 328
55 363
116 444
135 273
249 365
48 356
11 223
279 361
148 460
26 248
116 361
59 466
57 70
225 410
8 361
290 295
173 176
152 335
105 335
68 224
118 173
69 288
86 463
225 314
89 463
101 391
72 173
111 396
292 394
175 221
137 425
11 434
48 291
426 469
70 359
151 259
84 363
124 127
162 279
127 151
235 295
364 435
224 393
292 477
233 419
138 301
81 233
53 243
84 255
114 287
8 179
209 270
10 151
163 226
150 436
29 171
57 478
30 151
51 374
132 221
150 271
148 317
34 101
204 226
112 221
97 445
244 263
241 394
17 290
155 430
244 477
17 163
301 436
214 241
