12.799890
1
61
10
8269
150 271
204 300
181 300
108 190
190 311
115 251
174 251
28 125
170 269
71 337
58 271
17 210
90 210
176 210
50 73
52 300
82 125
19 244
148 267
78 267
115 267
293 311
77 311
74 214
119 222
72 222
118 157
66 77
29 107
86 107
132 222
192 300
128 255
164 255
50 103
49 103
43 168
82 168
103 168
102 168
127 202
172 226
162 202
244 328
190 328
228 251
236 271
19 84
99 228
137 236
134 236
107 260
212 260
91 126
126 190
39 126
45 126
216 299
22 299
34 339
252 337
102 199
67 222
67 73
68 136
197 315
55 69
196 303
94 303
152 189
56 255
28 320
238 269
120 121
70 82
199 299
249 275
101 275
52 305
111 337
214 241
7 335
54 102
38 324
186 324
68 260
151 281
42 205
246 281
13 168
214 254
178 311
164 213
14 187
313 337
73 87
73 206
77 169
210 245
125 156
125 307
77 207
214 294
73 321
121 219
36 199
67 211
98 163
7 23
154 202
92 130
92 280
112 226
154 260
89 116
236 279
84 122
84 105
291 299
2 67
16 240
34 295
182 197
108 310
157 310
67 112
62 189
1 190
37 117
26 173
76 93
33 68
209 282
129 198
69 218
69 234
190 338
189 227
36 165
36 221
56 259
56 322
82 283
92 185
233 306
275 318
256 332
117 199
13 123
13 292
2 314
182 258
2 142
13 313
2 248
166 223
61 97
204 297
193 319
107 242
77 297
41 188
188 311
205 323
109 333
109 287
251 326
165 218
311 344
33 147
33 235
33 230
226 285
68 93
163 166
163 209
118 327
134 191
96 175
60 175
99 265
60 232
6 345
79 265
315 345
217 329
93 282
98 232
158 329
35 327
97 168
241 250
15 190
15 222
136 167
103 229
23 278
23 289
77 286
83 141
92 319
226 326
116 143
116 237
88 264
88 146
328 348
84 290
228 270
104 125
106 136
109 336
75 154
240 263
240 276
236 349
219 295
31 121
107 272
251 272
136 302
0 121
171 242
173 257
117 153
75 277
1 135
93 332
75 100
117 301
173 194
1 139
33 185
69 334
67 161
64 73
59 304
90 224
9 95
57 298
149 274
65 121
57 114
203 226
12 214
27 103
10 102
241 325
24 102
306 346
182 290
5 222
205 229
114 260
53 214
124 136
155 255
184 340
184 343
184 215
87 349
39 243
83 262
3 271
3 269
47 136
203 275
180 261
101 110
68 316
58 225
284 337
4 303
281 302
85 182
46 241
154 330
304 335
51 187
32 178
0 195
198 334
95 131
224 247
298 347
5 56
145 214
136 159
30 251
177 271
113 269
82 140
17 140
8 77
158 288
179 266
107 331
266 267
9 317
107 317
64 296
53 303
220 255
155 189
12 163
199 341
92 183
23 316
202 273
202 342
80 328
81 228
32 173
208 260
180 231
48 324
138 223
63 344
237 243
156 262
138 200
11 133
40 213
40 308
146 309
36 239
21 36
109 225
268 286
124 240
48 116
20 171
144 253
31 161
274 348
281 288
276 312
44 56
18 33
11 144
25 324
106 160
25 346
47 184
46 253
220 231
141 309
167 201
51 312
