15.683333
1
35
12
57570
56 59
52 85
2 44
86 138
22 46
125 128
67 115
52 115
35 115
68 115
44 129
49 101
102 129
53 101
38 129
30 101
19 79
0 79
127 133
63 133
65 113
62 113
33 100
69 79
86 113
58 133
42 100
9 100
13 120
57 97
6 97
53 97
117 123
118 123
75 82
82 94
45 82
71 116
84 109
109 138
70 109
26 60
60 64
4 60
88 137
45 88
67 88
81 139
112 139
73 139
114 135
32 76
76 85
76 90
40 47
21 48
21 99
1 21
20 40
40 49
95 117
40 132
71 115
7 91
3 14
7 66
7 8
3 110
3 126
37 79
18 56
18 105
2 18
107 131
34 55
17 107
55 120
55 136
31 107
59 106
106 122
50 93
93 114
93 103
106 121
27 108
12 28
11 25
54 74
25 83
12 92
15 116
29 119
25 61
27 134
43 111
12 128
27 46
15 80
15 104
54 96
5 43
43 87
41 54
29 98
22 29
71 113
13 37
37 97
16 129
16 100
13 36
89 124
82 130
37 76
72 101
97 135
72 133
13 39
60 139
24 71
21 130
95 130
13 51
39 60
29 37
36 77
78 97
23 109
25 71
16 77
10 139
12 130
3 51
16 54
7 78
10 43
23 107
89 130
