4.757844
1
41
2
20498
0 17
82 229
166 234
140 248
221 246
60 181
66 69
18 205
118 180
99 205
127 180
128 180
122 205
57 228
123 186
71 135
122 135
30 73
32 131
181 212
224 232
7 214
159 232
9 232
69 218
108 112
86 112
44 187
65 158
27 50
74 243
240 243
45 158
4 70
20 126
114 117
54 115
180 231
207 228
135 167
164 186
203 228
76 171
37 241
151 154
10 21
4 201
44 77
19 190
73 170
181 195
113 187
198 214
129 185
61 185
69 172
133 174
121 174
142 239
177 239
2 174
23 191
1 191
15 225
50 145
50 196
42 107
100 178
5 209
126 219
158 236
126 175
115 226
115 229
117 193
117 234
13 163
5 143
70 244
70 130
147 149
49 79
25 188
120 216
66 188
52 78
43 233
128 216
93 220
6 105
10 78
0 105
241 248
55 75
25 132
17 90
58 59
33 155
9 87
93 217
88 198
68 102
55 103
161 230
132 140
94 161
15 181
79 185
187 208
137 191
158 189
107 247
15 228
178 222
13 195
72 189
5 172
72 136
15 96
36 235
36 197
22 95
92 199
22 206
103 233
171 208
87 165
63 147
155 173
59 124
80 136
88 210
68 210
63 168
35 150
94 176
53 192
12 221
135 162
181 214
69 187
15 50
49 249
154 249
69 84
58 184
2 169
100 242
76 184
33 34
32 109
69 110
15 16
49 96
3 125
40 115
40 70
12 213
64 225
162 201
40 49
21 162
40 91
81 232
112 117
75 98
124 179
35 249
26 164
11 203
134 137
109 207
39 42
175 215
139 236
14 138
107 211
205 245
135 188
119 126
84 190
117 119
135 217
204 228
51 180
36 162
49 101
29 186
46 96
152 228
91 138
21 55
131 200
131 230
96 106
131 227
40 90
73 227
112 245
22 81
97 247
160 213
62 182
14 157
72 202
110 239
174 211
152 243
14 53
72 146
13 85
149 188
3 115
38 77
28 89
21 146
101 141
28 51
83 249
111 181
153 181
62 249
69 116
191 202
11 186
34 186
31 205
96 104
56 131
29 178
47 73
8 131
73 156
40 67
89 141
169 232
41 107
148 243
223 243
112 238
5 41
13 183
48 70
126 144
80 237
92 183
64 194
160 215
24 144
