-0.330211
1
30
2
1057
24 27
82 121
94 151
110 167
137 161
64 161
78 161
98 139
10 139
8 141
64 163
1 77
97 191
46 112
98 193
169 191
73 112
27 194
52 194
69 118
26 60
140 151
121 181
9 57
18 109
83 109
49 57
0 59
85 160
12 101
37 111
7 31
177 187
77 80
77 190
112 196
56 164
56 125
29 157
54 63
20 63
87 107
106 107
146 157
86 157
170 194
2 66
39 175
167 168
57 113
22 84
48 100
24 136
12 42
85 178
4 162
11 42
110 150
10 162
129 136
0 100
5 68
109 180
5 170
117 165
117 140
117 144
73 93
15 28
8 70
23 154
7 108
142 160
31 33
111 127
33 176
41 122
122 186
173 185
112 188
16 188
121 139
151 191
35 167
66 132
53 62
53 148
53 123
28 39
80 150
47 84
77 193
141 177
70 119
127 197
93 142
35 141
16 177
166 181
126 128
43 47
75 138
51 135
30 191
59 121
104 130
17 99
72 172
30 35
112 198
121 131
48 92
52 183
46 102
1 3
22 90
18 55
118 177
60 173
14 182
57 173
57 193
147 161
5 141
40 49
101 139
13 193
77 152
56 131
56 72
17 30
126 185
75 172
104 114
76 151
58 167
167 199
109 176
65 167
44 74
156 184
34 156
153 180
50 125
105 130
16 25
6 112
56 89
143 163
38 147
35 71
35 81
16 155
30 197
30 195
59 157
59 63
60 145
79 175
71 109
5 143
45 120
61 99
133 192
13 79
53 189
40 114
149 189
151 171
134 151
124 151
74 167
19 161
139 174
173 184
95 163
67 173
88 163
182 191
77 158
141 159
66 89
107 155
16 115
133 191
45 193
51 178
145 154
103 198
76 149
179 194
5 91
21 117
32 186
116 152
28 96
90 96
32 179
36 105
