56.100000
1
124
114
5708
189 466
365 477
46 389
141 413
257 476
241 453
13 247
91 333
57 497
156 292
302 466
84 247
283 401
173 488
46 361
48 470
45 160
271 499
262 389
163 310
47 451
7 422
242 293
270 451
85 90
390 450
98 192
22 292
208 480
139 480
207 449
77 451
346 464
264 388
88 130
56 411
399 426
119 248
112 453
202 450
430 466
384 497
383 422
227 401
256 487
117 310
152 426
432 444
397 476
1 30
174 450
33 90
373 444
135 247
356 470
21 388
34 497
220 455
81 90
43 422
191 444
255 299
63 499
200 334
353 476
372 477
58 485
94 207
85 310
88 487
277 426
305 455
8 464
56 292
198 453
324 470
180 488
325 401
299 310
442 450
198 449
345 488
37 477
277 490
314 464
45 499
75 388
114 480
269 455
335 487
255 265
265 412
164 265
366 408
217 408
14 408
105 435
137 435
123 435
111 395
190 395
131 395
199 387
136 199
66 199
13 79
403 472
228 403
218 403
27 362
362 424
288 362
215 438
474 499
138 389
138 465
138 310
315 337
35 337
337 370
167 303
69 303
303 350
303 344
4 420
250 420
18 172
172 467
40 172
141 172
14 267
11 165
55 253
73 347
55 157
17 55
72 108
165 371
73 263
73 244
66 273
273 425
273 287
273 382
99 439
99 266
83 99
99 489
128 165
108 336
165 355
108 471
36 55
42 219
219 349
188 219
144 184
87 184
16 184
184 216
184 253
82 351
82 221
82 297
279 347
264 279
28 476
28 366
52 488
52 144
28 388
342 424
12 330
2 12
12 448
12 377
106 453
179 433
179 259
179 312
179 301
161 447
95 161
91 161
233 409
233 344
233 234
159 367
246 367
280 367
367 475
81 394
103 486
426 428
4 201
201 268
174 201
201 364
358 423
200 358
358 378
162 380
162 484
162 274
171 176
171 181
171 271
195 434
166 290
166 289
44 338
38 195
26 146
195 417
166 278
26 101
44 370
44 357
44 130
47 166
17 26
282 387
282 485
178 282
229 445
3 53
3 261
226 401
3 445
119 209
209 374
102 248
102 483
82 435
275 451
129 464
107 175
107 293
107 298
192 331
97 490
97 203
97 498
286 450
70 334
70 215
1 452
452 481
92 452
415 478
415 489
296 415
151 413
51 151
151 421
31 422
247 306
402 458
281 469
260 321
291 313
458 495
224 317
222 320
313 332
238 295
210 482
133 458
155 363
321 410
224 465
320 441
249 321
32 87
145 475
482 492
109 313
143 281
240 363
328 400
232 295
363 491
272 496
127 145
89 328
104 272
86 183
214 328
183 379
67 183
295 429
193 224
145 235
398 482
64 272
32 58
213 320
19 463
19 307
19 242
50 121
15 116
182 187
0 140
0 437
182 323
49 78
391 468
6 443
15 185
50 340
158 285
6 294
15 419
158 360
6 169
326 477
118 376
118 150
49 142
182 392
391 405
391 493
0 369
158 206
50 276
49 113
118 212
122 292
59 497
236 453
236 487
76 359
30 76
76 170
62 65
148 352
177 411
148 494
126 396
177 225
125 245
211 461
245 348
96 480
39 148
124 134
115 322
96 455
211 304
204 473
41 80
339 431
60 160
319 407
90 231
80 454
126 333
343 427
134 436
381 406
115 354
427 460
5 211
71 115
68 237
68 418
60 385
134 457
204 329
319 404
61 128
61 168
61 284
339 368
93 339
381 440
245 446
126 341
177 196
223 470
427 459
381 433
230 319
80 393
308 466
149 204
68 486
62 243
254 444
60 462
303 438
28 456
26 408
279 316
20 395
10 132
414 435
82 420
172 309
331 395
153 252
154 408
25 438
318 456
73 219
52 165
79 209
197 289
197 225
106 108
199 275
367 474
226 403
205 474
138 205
120 153
74 337
147 316
26 132
23 135
23 167
138 282
327 420
106 120
226 300
110 442
110 266
129 362
12 251
20 252
416 474
52 375
327 342
19 438
3 309
204 438
96 300
251 358
25 428
25 100
96 420
161 226
24 273
162 394
62 267
55 311
99 308
10 308
162 194
279 328
54 103
28 482
100 258
106 458
9 179
115 279
279 339
229 282
52 148
106 182
54 318
195 416
103 107
106 177
25 31
233 254
74 313
321 428
186 194
9 195
50 428
0 103
386 428
239 326
29 258
103 134
223 239
166 479
363 414
286 295
29 320
59 186
49 306
254 452
15 24
118 154
281 386
272 479
122 183
231 391
319 326
6 223
326 427
158 311
80 308
211 231
245 311
68 223
