49.000000
1
114
6
5549
417 435
197 271
37 259
26 191
192 322
202 268
43 108
184 378
177 429
297 433
304 416
115 387
9 331
377 409
62 159
69 321
210 415
234 423
86 413
285 413
348 413
388 413
66 139
66 422
173 184
117 198
66 308
66 104
117 292
66 331
117 436
117 390
173 398
173 337
117 367
33 339
49 365
368 385
112 385
127 385
206 309
267 313
104 313
65 309
289 313
133 309
76 85
76 400
19 200
29 213
75 356
81 354
254 327
34 351
14 76
16 249
16 187
76 444
75 88
29 41
29 152
34 443
75 167
29 433
20 75
16 296
16 202
327 359
327 342
34 214
34 263
15 310
92 193
157 193
131 193
119 333
360 420
6 420
367 420
59 407
98 374
45 301
45 375
45 419
45 265
22 282
98 194
98 402
130 203
15 130
130 397
177 349
259 349
216 349
27 424
409 424
411 424
114 298
129 298
185 298
382 412
243 261
401 431
211 431
111 243
114 382
145 243
366 382
303 431
148 382
236 243
393 449
361 393
226 393
46 330
10 447
229 357
255 432
239 357
62 447
253 357
175 437
1 183
341 429
21 183
144 410
302 410
35 105
276 418
311 319
159 205
183 234
140 246
94 205
93 319
189 341
126 246
205 280
14 410
37 246
282 352
80 105
381 432
380 437
316 447
352 438
329 418
0 432
191 352
208 418
30 83
19 404
250 341
83 446
237 319
26 46
92 306
135 306
69 87
306 322
306 343
84 87
87 217
65 283
286 422
137 286
138 286
226 241
38 323
40 344
344 387
155 344
74 179
179 417
179 362
67 345
345 377
295 345
3 285
3 340
3 149
89 209
128 221
128 260
128 321
89 273
89 268
17 163
17 68
326 365
261 326
108 347
347 415
297 347
24 56
56 441
56 245
199 442
31 103
228 346
31 195
13 426
147 172
71 154
71 72
50 182
23 219
372 392
199 287
50 116
44 373
143 445
147 170
228 270
23 335
23 405
50 320
372 421
31 232
44 64
143 256
143 207
147 224
71 165
372 435
228 389
44 369
13 164
13 266
199 244
123 334
70 123
115 123
99 274
281 427
271 274
273 439
21 391
42 136
171 350
132 384
60 142
58 160
8 212
5 97
212 269
7 171
264 338
4 171
90 315
201 212
364 370
42 240
53 142
174 364
160 238
315 396
288 315
384 414
142 284
158 160
97 419
242 364
33 42
97 227
63 384
294 408
408 434
223 292
54 262
109 403
96 277
109 222
204 272
77 395
61 230
168 233
299 394
36 220
150 275
95 281
277 376
79 248
317 358
102 178
113 151
109 407
121 317
153 225
79 356
77 106
91 118
61 354
73 150
252 353
39 146
36 197
168 180
168 213
156 299
28 77
150 425
151 181
79 371
299 363
39 43
39 82
32 231
54 406
61 307
52 54
2 134
2 378
2 386
151 293
102 247
12 91
57 153
204 251
277 305
231 257
95 428
36 192
188 252
153 290
204 304
91 416
231 291
317 448
223 324
223 325
252 379
245 332
187 399
399 446
25 215
310 423
117 200
162 215
25 333
210 431
98 173
59 66
210 246
283 423
162 327
45 49
323 423
49 349
22 166
22 75
130 162
210 300
279 339
49 286
49 124
243 310
190 215
210 372
200 447
162 418
393 420
34 283
87 327
122 339
110 423
166 241
100 166
339 440
13 25
413 430
78 423
313 440
107 215
258 385
11 25
166 190
141 339
235 310
81 347
25 125
283 410
105 279
120 166
81 143
23 162
200 278
25 151
18 352
98 120
31 59
22 71
200 315
81 364
160 310
81 312
258 432
161 309
173 332
16 48
3 323
76 336
51 298
22 384
186 404
196 300
141 319
78 424
169 382
355 393
105 427
169 341
215 328
336 357
318 437
283 299
100 318
150 241
91 323
102 241
54 323
11 258
314 344
50 141
18 77
235 383
107 123
44 176
142 186
17 336
153 258
89 101
141 212
264 391
101 147
161 199
101 228
176 408
101 278
47 124
171 383
36 430
196 218
125 408
317 355
48 252
17 55
277 314
231 318
