1.639533
1
22
0
7362
19 124
44 133
39 83
39 109
40 120
41 128
42 56
43 56
43 102
37 91
45 92
45 107
46 53
48 67
48 106
49 60
49 103
50 120
29 90
23 121
24 63
24 73
26 54
26 92
27 122
28 58
28 134
0 102
30 78
32 78
33 68
35 86
35 128
36 119
51 119
101 118
82 129
85 117
89 137
90 128
92 113
95 116
97 120
80 92
107 138
108 123
109 130
117 124
117 139
118 127
126 136
71 96
52 63
52 99
52 111
57 73
64 97
64 135
64 139
66 107
37 94
71 103
72 108
74 77
75 136
77 128
78 98
80 82
20 96
17 136
16 94
9 79
18 49
18 74
9 12
19 46
8 53
2 10
1 135
1 131
5 122
5 115
9 137
20 100
7 127
1 93
3 16
10 52
3 87
15 132
15 49
14 72
23 33
1 22
81 110
5 88
72 101
72 76
69 105
70 83
5 87
69 70
68 117
68 81
65 114
65 76
6 38
6 84
64 65
62 125
62 104
59 92
95 109
0 132
1 21
112 136
110 128
1 25
1 78
107 112
104 136
4 125
2 47
2 48
2 72
84 136
2 119
4 109
28 68
16 34
16 86
34 133
31 107
28 61
27 105
9 88
55 57
11 65
13 117
