5.100860
13
19
258
18825
50 66
26 96
19 83
12 48
6 66
44 69
84 116
76 114
42 50
63 66
95 119
13 83
67 82
28 77
2 51
22 83
83 91
57 96
25 27
49 90
20 90
6 114
24 90
47 89
65 100
14 97
68 90
57 68
67 97
2 85
85 98
45 90
7 45
80 89
81 86
83 86
80 97
53 97
66 109
96 109
8 99
19 99
99 106
21 32
21 81
21 116
3 21
65 99
40 98
11 43
11 28
3 11
11 47
74 111
88 111
92 111
70 111
4 111
9 51
1 88
1 56
39 60
25 39
41 118
32 41
36 56
5 36
29 84
12 29
100 111
79 101
64 79
79 107
73 79
38 79
35 94
59 94
94 95
90 117
27 117
9 34
61 118
61 101
34 94
16 112
16 96
17 105
17 24
79 103
102 105
102 115
69 102
18 108
18 112
15 37
37 62
37 66
54 72
54 82
10 42
10 58
54 119
54 78
10 110
10 48
87 104
7 87
52 73
52 75
23 55
33 55
30 87
55 113
31 52
0 4
0 93
0 46
40 71
55 71
