65.411128
1
144
14
11186
65 489
252 335
90 482
109 434
304 460
54 434
298 482
360 434
448 489
269 489
356 489
24 404
237 331
319 331
14 369
129 176
286 440
82 436
464 483
76 483
99 476
72 444
380 444
121 222
282 343
363 482
31 461
235 436
267 337
223 337
27 466
111 466
53 176
34 342
414 493
265 394
21 457
120 461
20 343
32 178
242 342
423 479
8 369
182 440
38 451
169 404
263 389
284 449
6 126
88 292
52 326
88 179
71 222
16 326
261 449
46 308
75 389
458 461
175 326
249 457
32 331
301 394
406 479
198 444
112 493
179 440
96 308
113 469
386 479
356 369
81 493
392 416
268 308
178 460
218 416
184 404
303 387
39 347
185 335
281 343
298 497
358 457
10 449
207 387
40 258
28 116
285 320
136 174
206 209
383 395
323 389
204 460
245 342
119 451
93 497
160 497
101 451
77 347
268 354
368 394
78 333
113 365
115 148
145 365
130 239
153 167
105 174
26 221
66 266
114 148
128 194
110 209
190 320
0 395
183 296
279 333
21 483
469 482
118 221
2 116
280 296
51 167
187 194
87 158
203 266
44 374
104 374
58 275
141 155
193 312
222 312
330 416
191 239
107 212
42 48
159 424
137 325
84 147
253 262
257 260
195 398
1 36
50 125
123 254
95 296
68 305
211 297
18 205
92 180
25 33
156 166
4 7
83 225
135 316
30 138
197 350
250 429
95 297
139 444
127 482
127 342
127 449
227 394
312 379
167 214
214 369
436 471
80 337
80 476
100 227
7 379
180 214
236 374
236 460
174 418
365 418
418 451
240 308
340 343
150 461
209 345
340 444
266 402
89 239
276 497
331 422
142 326
367 416
314 320
289 387
194 367
333 397
116 314
155 314
402 493
60 440
56 176
73 335
56 434
56 389
289 404
320 454
158 234
126 442
224 229
126 246
275 359
266 456
365 399
148 412
292 346
333 381
174 310
239 495
373 466
483 499
54 229
168 434
319 428
476 487
258 492
244 258
221 294
312 498
312 324
296 344
155 477
155 480
194 202
224 357
275 445
176 417
395 439
158 472
374 405
387 419
167 287
116 199
209 217
76 452
357 476
335 496
291 335
144 476
114 219
222 372
159 388
195 359
11 238
11 186
11 248
222 299
117 462
117 173
117 151
11 299
250 373
100 230
100 144
100 108
100 352
166 236
150 325
345 398
150 424
86 240
36 340
316 345
117 299
196 262
17 95
254 321
205 422
33 321
321 350
60 147
138 196
225 276
142 260
325 390
166 465
297 468
262 329
48 49
33 200
33 161
7 467
138 228
205 241
260 288
297 441
424 491
316 443
424 437
36 488
212 420
36 277
254 353
147 484
86 102
48 291
7 401
325 453
86 408
398 494
166 427
305 481
262 421
125 388
398 428
212 385
305 315
180 361
254 327
225 259
350 366
138 382
350 407
316 332
180 189
225 231
260 274
205 317
125 431
67 410
67 334
48 311
73 171
171 283
171 273
13 210
13 244
13 341
41 397
139 293
41 192
41 103
139 233
41 378
139 452
63 227
292 432
35 379
295 367
89 295
276 295
213 415
213 307
213 318
73 485
321 485
60 485
5 471
57 471
212 328
143 264
143 216
143 219
19 80
224 375
143 311
337 450
69 240
250 375
13 370
139 328
69 409
69 349
149 479
148 149
74 89
45 60
133 397
61 196
177 289
70 367
47 289
73 134
177 422
85 276
124 142
9 422
220 402
62 89
70 172
220 463
63 162
19 29
70 164
62 478
57 247
124 362
62 446
61 79
61 154
43 384
5 455
74 438
35 351
43 255
45 152
57 309
134 278
74 157
9 490
63 201
15 22
5 403
17 23
85 131
47 146
62 132
85 91
47 391
106 208
134 272
17 435
124 393
45 270
134 377
133 376
74 188
61 226
45 290
63 411
106 336
106 322
43 425
124 348
133 302
35 473
220 251
15 98
35 165
9 12
9 215
15 413
17 168
133 433
57 355
70 170
85 94
5 430
19 243
220 371
47 55
19 163
224 338
176 300
347 475
131 234
181 345
292 339
181 402
106 311
100 475
181 299
147 470
171 426
185 313
250 396
13 338
250 271
221 474
41 470
15 370
140 258
3 395
3 466
37 457
67 313
125 474
213 339
95 306
11 97
122 429
37 305
240 400
227 256
59 397
86 97
64 181
295 396
256 471
271 485
69 300
246 426
232 436
155 232
236 447
214 306
80 364
418 486
340 486
122 150
196 459
43 140
142 364
56 459
