4.523464
1
30
0
1110
140 154
12 38
40 170
48 145
103 198
3 139
102 146
46 135
8 121
28 67
55 59
51 74
52 75
52 136
113 184
53 80
54 126
54 128
58 142
113 175
113 169
55 164
56 120
57 76
58 89
112 168
58 109
58 127
35 188
43 47
0 118
36 98
37 90
38 153
39 90
40 193
117 133
42 92
50 136
115 166
114 197
43 171
43 198
45 93
48 126
49 193
50 66
80 181
72 93
102 134
74 190
77 115
77 172
101 138
100 143
79 130
80 142
71 152
99 174
94 98
84 146
92 96
84 190
91 176
65 180
110 177
107 193
107 152
106 170
106 108
62 119
62 143
63 189
105 199
111 143
65 187
66 158
67 131
68 131
68 162
69 80
105 160
70 154
70 163
148 155
156 185
13 103
13 139
155 185
14 45
15 188
16 44
16 46
16 57
147 157
145 196
144 177
18 189
19 20
140 153
19 110
20 131
5 183
1 63
189 192
1 186
180 194
168 173
2 116
3 153
4 99
5 120
34 99
6 156
7 41
165 196
8 64
158 182
158 179
10 55
11 64
137 179
35 120
34 78
33 64
117 168
121 177
31 105
122 147
123 196
29 137
29 118
28 96
125 178
125 181
25 168
23 134
21 37
21 151
132 178
99 191
113 172
134 159
120 167
98 129
97 189
120 133
101 120
95 156
95 101
119 159
90 191
90 176
90 150
193 195
88 156
129 193
105 172
128 183
150 195
153 172
114 195
104 143
141 157
130 156
104 131
131 194
101 162
161 172
124 132
22 168
24 65
24 98
26 42
26 55
27 118
27 149
30 65
32 83
2 55
7 177
9 50
9 61
14 97
16 73
17 58
17 93
82 158
76 93
78 141
81 93
81 118
82 161
83 88
85 87
85 122
86 98
60 177
50 193
