58.091929
1
127
4
14258
40 233
61 391
99 360
1 103
26 84
275 412
271 272
63 369
171 211
59 405
176 339
246 448
178 236
88 132
75 132
14 152
2 152
35 240
56 240
113 240
95 240
28 435
365 435
428 435
205 435
363 402
253 402
175 215
180 215
69 248
48 139
30 248
41 139
91 139
242 248
132 264
132 410
152 177
152 218
152 156
136 214
40 347
44 214
221 297
96 297
95 347
264 402
127 285
212 449
283 437
215 236
139 237
248 313
347 367
297 445
214 228
214 320
205 372
302 372
245 372
193 265
197 222
251 329
271 441
273 300
275 441
280 291
233 423
149 427
8 390
42 430
150 399
23 219
7 323
115 429
6 300
239 265
226 312
3 291
98 265
122 312
158 329
309 356
169 222
314 399
102 430
76 219
154 430
74 356
73 222
72 323
26 131
31 260
195 390
27 329
295 424
206 291
172 260
173 429
212 441
108 260
360 424
324 399
349 416
357 427
10 427
294 401
120 424
283 390
393 416
184 416
32 401
198 423
192 401
20 300
135 429
51 219
243 323
63 312
373 423
127 131
142 356
59 145
2 145
17 66
17 105
17 246
18 293
168 293
99 274
241 274
215 229
25 235
114 263
151 201
310 392
97 263
332 354
87 128
133 201
186 375
136 304
117 269
231 327
0 354
190 358
208 321
103 327
340 392
107 157
24 269
43 277
155 321
124 277
4 375
91 157
311 366
53 128
54 358
204 304
163 366
29 272
318 382
318 364
318 333
29 234
29 160
84 134
5 49
297 348
60 67
191 209
79 220
68 244
93 112
57 123
71 146
247 259
1 167
298 337
61 64
141 305
62 121
242 353
34 110
83 210
13 249
183 359
131 408
145 185
92 171
308 396
274 389
327 447
321 322
277 351
269 343
235 411
358 409
392 415
201 286
128 317
354 419
263 279
157 276
304 439
366 385
375 433
15 420
318 338
29 196
134 153
49 100
134 330
259 284
249 412
121 202
146 270
167 407
359 413
353 432
249 316
353 444
244 266
359 394
121 230
64 336
64 339
67 116
67 224
307 369
220 361
244 282
112 331
305 334
259 355
337 442
337 397
209 250
209 315
210 267
210 342
220 370
123 174
146 345
305 418
123 287
112 232
92 398
110 217
110 289
167 182
38 181
22 438
22 387
38 425
148 179
148 405
148 207
45 335
45 261
45 448
47 143
37 188
37 137
37 223
203 395
125 262
16 446
39 162
126 161
33 252
46 400
138 377
16 189
46 380
9 159
144 296
33 225
86 403
65 70
47 350
47 106
46 434
16 81
86 200
86 379
65 290
65 109
52 227
11 301
80 90
11 292
203 440
138 281
9 50
9 118
125 254
126 268
80 421
126 255
138 176
80 303
144 376
144 319
52 352
52 55
11 368
33 89
218 396
77 404
77 384
77 101
111 346
111 328
203 288
111 388
39 417
39 178
293 348
49 229
22 196
38 338
347 402
12 306
85 306
125 420
132 378
285 437
15 347
152 326
89 94
435 436
285 304
285 327
15 260
213 248
139 383
15 390
265 378
132 299
199 240
165 214
123 378
36 437
165 449
194 437
17 165
52 285
58 449
344 449
77 378
194 318
297 443
371 449
21 430
21 219
238 423
401 436
238 416
344 372
194 323
300 362
19 441
356 406
424 431
213 427
222 256
258 399
19 329
291 383
422 437
269 426
145 344
358 436
238 277
341 378
259 307
321 362
36 354
58 157
366 383
375 406
36 235
258 392
19 201
263 278
128 431
15 130
67 170
140 210
64 140
121 140
36 305
249 278
110 165
209 406
164 359
58 244
256 353
82 312
386 429
112 344
125 426
203 426
144 326
119 134
138 170
37 170
21 39
274 386
147 362
147 406
19 147
80 258
16 278
47 431
58 126
86 256
33 164
9 194
111 164
11 213
65 362
129 258
129 278
381 426
49 443
46 119
104 146
199 337
104 307
167 325
92 299
220 325
21 257
170 341
22 82
147 414
140 374
256 257
17 94
213 374
164 166
130 431
187 414
78 166
306 307
216 371
