46.400000
1
96
3225
12334
318 342
9 232
239 319
218 295
6 143
162 232
155 312
45 291
65 164
151 236
55 319
213 295
165 325
199 331
163 256
259 326
171 256
0 312
109 331
127 250
14 316
277 319
116 325
197 278
22 316
62 236
343 347
156 316
168 295
64 256
84 325
148 342
183 326
274 342
180 291
159 291
76 236
254 331
210 318
308 314
243 326
231 257
252 347
100 312
135 314
77 232
66 278
197 252
194 314
86 347
125 278
3 227
212 227
195 302
149 302
200 302
10 339
10 54
10 129
10 264
13 48
13 284
45 202
202 345
46 202
153 202
134 284
134 222
49 134
223 270
203 223
186 223
43 61
61 126
87 118
175 344
175 333
87 225
23 24
24 111
166 230
230 281
83 87
61 128
230 338
87 296
61 304
175 249
101 160
24 253
160 330
75 175
160 310
143 241
241 347
206 241
130 233
205 233
233 268
52 233
5 271
5 57
5 270
5 216
247 304
244 247
74 247
106 267
251 267
267 334
119 280
342 349
2 122
70 161
121 331
121 243
70 94
2 248
70 158
2 317
2 185
280 349
278 349
78 178
78 245
30 78
78 255
59 119
26 119
224 307
108 295
201 224
224 257
146 172
146 287
65 146
192 268
97 303
82 249
97 127
82 215
219 316
82 336
141 291
142 192
192 335
27 48
18 80
27 92
27 50
102 232
18 164
18 117
97 313
28 123
56 88
47 53
56 305
4 152
25 319
99 269
147 306
47 297
181 184
56 114
7 288
28 322
42 283
181 309
99 189
7 209
16 236
147 150
99 207
42 190
181 229
47 169
28 131
4 348
147 234
4 34
7 41
42 221
93 314
8 228
105 300
71 231
105 210
177 315
71 85
71 137
8 237
177 296
177 311
8 298
95 256
104 312
105 346
1 220
211 214
144 217
98 132
276 292
63 120
72 136
220 242
33 246
193 246
96 120
120 301
36 179
20 214
67 72
214 290
90 179
276 317
11 98
19 217
179 188
246 285
217 261
32 220
29 173
263 324
21 124
37 198
51 133
238 273
174 286
173 328
69 235
60 69
133 196
44 263
208 275
112 139
273 293
31 174
133 341
187 208
124 182
263 282
81 113
208 265
174 204
112 337
124 191
173 262
37 272
81 260
273 320
12 112
69 167
35 37
39 81
68 325
170 339
170 323
145 170
176 326
89 240
89 250
40 89
157 228
24 202
17 116
17 86
230 247
134 267
13 110
140 302
134 349
70 160
108 223
227 299
141 266
7 13
13 147
61 141
202 329
10 58
107 266
87 226
13 133
93 160
227 289
2 115
70 115
102 247
104 175
10 289
157 302
78 108
5 104
73 241
108 327
24 58
233 279
121 258
42 121
226 340
138 154
146 294
27 219
103 119
97 226
82 140
110 138
267 332
25 327
38 154
79 104
93 340
38 79
81 121
140 258
28 226
95 192
224 279
179 219
141 246
102 217
15 47
15 99
4 16
105 294
140 220
214 294
91 219
8 93
102 321
15 208
25 273
16 73
16 124
56 73
25 69
95 98
73 107
181 299
174 329
15 321
103 263
91 95
120 332
68 72
37 68
112 332
173 176
