20.663095
1
71
21
2319
188 211
312 322
0 322
108 145
58 343
64 201
79 280
258 274
146 286
235 311
72 211
282 311
51 211
272 311
123 364
304 364
159 364
272 377
112 345
99 239
145 381
240 381
92 381
224 393
104 393
151 393
337 399
281 399
64 322
120 296
90 238
123 322
293 399
154 241
274 399
47 132
346 380
17 309
45 309
185 216
52 216
158 216
226 316
124 226
226 379
35 171
120 171
96 171
146 222
222 233
93 222
203 222
306 384
354 384
11 384
56 173
79 378
206 378
55 260
84 290
285 290
49 86
36 41
86 309
45 387
55 216
126 242
20 332
17 391
231 391
67 391
221 325
147 325
280 325
6 361
252 361
323 361
282 361
175 296
99 376
337 376
376 389
87 166
166 372
69 166
7 166
53 253
149 253
186 253
37 315
184 315
193 318
154 318
172 340
90 172
254 397
395 397
58 397
160 277
88 277
56 277
277 331
160 365
326 335
112 326
124 374
212 317
139 317
192 366
111 366
30 366
343 370
249 370
368 370
233 344
344 347
232 327
32 327
327 349
117 133
338 355
302 338
47 338
29 288
135 381
31 155
155 163
140 155
315 384
144 176
176 245
176 182
176 286
176 269
55 325
25 136
136 278
108 136
27 136
5 375
12 247
126 162
118 162
162 238
96 98
46 390
215 390
22 390
31 342
55 376
352 383
134 184
107 388
364 388
104 297
28 284
228 284
137 284
226 313
55 365
139 320
284 380
330 377
39 330
330 369
167 330
266 330
261 311
220 329
267 275
59 299
299 324
16 299
74 168
157 210
171 342
55 191
75 211
10 225
105 353
105 301
26 74
10 271
26 367
26 298
105 114
308 349
187 189
382 393
76 279
29 76
171 297
48 341
115 131
131 256
242 317
138 208
20 138
141 363
262 363
85 143
85 245
85 334
68 273
179 220
15 322
78 361
134 290
41 98
61 351
246 268
268 304
61 213
61 198
268 316
174 268
284 290
142 226
313 391
187 226
55 398
222 382
77 110
77 189
77 271
77 339
218 293
218 292
255 361
165 203
40 66
89 244
244 267
244 248
200 256
391 392
38 345
38 258
106 206
106 150
8 128
8 281
5 8
8 107
276 365
165 309
227 318
152 346
152 195
205 270
205 394
201 205
34 43
315 371
19 24
24 199
24 129
100 236
100 295
310 396
310 352
44 310
207 243
14 207
207 300
109 202
132 202
202 307
113 121
81 113
317 321
63 73
289 373
91 289
289 336
73 130
73 369
73 331
277 350
247 374
325 356
78 116
55 61
183 294
155 333
370 392
54 276
4 301
153 226
183 333
255 328
194 253
57 284
95 228
95 341
182 219
219 259
50 223
50 72
94 214
94 144
315 356
261 318
176 385
162 227
57 194
75 253
164 365
3 265
3 198
70 191
23 70
178 397
299 370
204 371
131 166
162 303
42 204
21 284
190 365
264 283
97 251
102 148
127 287
103 287
1 125
177 358
287 319
13 250
169 260
119 177
148 180
62 399
83 125
101 148
169 209
125 291
80 169
33 65
33 36
34 41
4 173
230 237
18 60
18 82
230 357
156 197
156 263
70 122
327 386
105 181
142 288
299 383
136 386
161 359
196 234
178 390
202 387
131 321
360 397
117 138
138 385
234 363
273 288
210 320
9 303
161 210
168 329
179 350
200 366
170 210
275 348
170 257
217 275
71 366
40 338
135 244
85 275
113 370
229 252
229 236
268 314
207 359
305 314
9 24
24 363
18 375
2 360
264 398
97 164
289 305
48 148
156 348
13 217
362 363
15 177
153 230
287 362
62 125
