9.120448
1
27
8362
49574
73 89
79 95
46 55
95 133
35 131
32 45
42 120
66 123
34 107
22 62
20 130
70 118
16 46
26 98
53 107
58 108
38 108
62 117
23 116
2 133
5 12
11 66
59 105
25 42
40 94
96 118
81 95
102 133
76 95
37 135
107 132
83 120
92 107
132 136
13 131
13 64
84 118
20 67
27 44
36 108
17 77
54 138
3 6
37 94
52 119
9 62
76 130
15 44
5 6
98 109
60 133
1 4
45 89
85 89
96 116
61 138
4 66
129 131
34 114
41 116
31 115
5 7
99 131
51 120
71 108
50 130
21 131
35 130
47 49
14 16
40 109
91 138
47 115
8 107
0 115
113 118
18 42
2 77
5 135
10 49
6 10
42 64
30 130
30 138
58 95
89 119
106 136
21 68
105 111
70 74
103 114
18 28
120 127
106 134
7 122
14 57
89 121
25 86
63 118
19 65
44 93
6 65
62 69
6 101
69 77
52 103
17 111
131 134
110 123
7 63
56 124
12 110
57 133
93 131
97 127
14 124
55 82
56 100
19 48
67 88
7 33
66 104
95 137
114 126
6 39
12 72
86 101
105 139
49 90
14 24
116 128
25 112
18 87
77 78
25 75
12 29
18 80
7 43
114 125
