15.853147
3
56
14
4258
36 141
63 108
98 112
54 185
106 176
31 253
71 225
87 214
26 254
139 250
154 182
75 182
12 182
3 295
119 295
139 295
58 294
290 294
23 294
36 294
252 266
141 266
76 245
122 245
11 245
168 265
178 278
190 278
154 179
42 179
6 212
161 212
159 212
226 244
74 203
159 255
123 189
26 279
192 213
168 213
213 225
213 215
53 246
8 256
132 173
7 284
121 232
31 173
181 256
196 246
41 84
173 270
84 86
103 275
174 275
163 256
156 284
42 84
206 275
101 242
229 271
71 271
60 148
98 148
83 148
100 186
133 186
144 186
186 214
83 261
250 261
261 272
165 180
17 155
152 155
13 37
37 217
61 231
40 231
231 277
289 292
199 268
15 153
2 187
51 172
14 112
14 297
14 104
210 217
200 210
165 210
6 129
243 259
54 145
80 145
145 150
81 145
107 216
1 107
33 90
90 243
59 90
64 91
30 233
89 233
134 233
182 259
178 209
2 209
126 209
56 257
50 227
164 238
4 149
228 268
124 228
87 228
228 247
131 297
4 131
35 68
1 68
68 293
18 22
48 118
48 70
22 27
47 48
22 269
185 205
205 277
72 108
62 182
251 288
176 251
110 117
110 280
56 110
105 158
105 190
234 267
53 234
234 283
121 234
63 77
77 124
89 298
218 298
79 291
21 79
34 135
34 177
34 296
101 171
55 82
183 223
223 273
95 198
137 198
82 100
171 211
82 222
198 224
111 171
67 223
140 166
140 290
28 76
28 125
28 52
38 160
38 254
38 146
38 58
73 299
73 260
73 221
79 182
97 166
219 235
237 262
170 237
235 237
128 266
187 244
85 287
44 85
194 266
96 238
162 216
19 102
9 23
92 218
92 282
9 157
16 151
151 236
102 258
49 123
162 197
49 80
96 106
182 276
50 66
66 99
66 220
0 294
232 261
257 278
5 39
5 188
169 286
169 195
169 263
5 127
10 204
204 241
114 201
20 226
20 264
25 114
204 281
114 184
14 189
240 265
203 227
91 213
186 193
129 199
113 212
202 212
129 172
193 208
249 278
62 279
29 128
148 167
164 261
32 210
32 145
43 242
68 208
107 285
120 295
24 91
43 208
155 191
240 292
173 249
48 172
78 110
172 191
97 278
94 167
284 298
90 147
129 130
48 209
175 208
115 147
130 233
88 213
145 298
93 207
198 210
46 148
109 208
142 245
138 292
29 116
153 248
14 45
0 22
143 231
115 136
73 91
172 230
65 292
28 149
73 228
34 72
113 223
120 275
57 194
66 78
239 256
69 93
69 79
107 239
116 248
171 274
57 219
5 175
136 169
85 109
102 274
151 230
142 204
114 239
