1.762996
24
15
16171
20518
63 68
44 82
52 82
94 115
42 95
37 115
60 102
94 117
82 117
76 82
59 98
35 119
45 112
38 60
90 119
58 104
39 100
33 67
62 106
27 74
81 106
52 106
91 106
26 106
46 108
33 54
2 33
16 24
24 32
24 106
33 106
43 118
25 108
18 58
39 108
38 41
34 80
23 108
21 60
46 112
17 80
16 86
50 93
15 69
79 113
59 82
72 119
29 34
6 118
92 95
6 15
80 99
55 113
109 113
69 86
1 112
1 80
24 83
83 93
85 111
57 111
111 114
28 70
7 98
5 106
64 108
8 74
89 110
60 110
77 103
13 53
22 62
22 89
5 107
10 28
14 82
0 14
41 97
63 97
12 50
19 107
10 116
84 105
103 105
8 19
4 47
47 76
47 48
3 104
3 84
20 27
65 87
87 112
13 47
20 111
30 35
36 113
36 85
30 77
51 106
51 101
11 17
11 61
9 31
9 56
9 65
9 96
78 95
78 119
29 78
75 78
24 78
70 78
73 88
73 75
40 49
24 40
66 81
66 71
