21.567688
1
89
6
1635
54 289
79 114
116 215
35 82
12 136
90 212
28 371
120 170
88 193
5 111
121 211
200 497
77 249
315 469
233 491
300 430
52 336
165 446
207 231
75 404
359 440
191 366
118 463
257 463
47 463
211 474
430 474
289 474
233 269
143 327
159 327
8 205
31 205
176 209
331 389
232 363
317 363
249 466
164 249
203 269
420 492
2 322
14 458
159 322
90 494
156 458
309 458
37 458
63 292
304 318
219 321
53 321
88 321
299 318
172 318
249 250
319 403
153 401
129 341
220 387
122 488
96 488
143 462
152 462
196 462
147 245
21 438
352 438
91 463
231 297
73 297
222 297
267 338
120 243
315 434
316 434
262 338
60 434
439 494
178 314
212 314
125 332
71 269
269 366
249 458
100 103
327 386
205 216
209 446
209 301
45 72
162 345
51 72
35 135
11 135
294 389
353 389
389 477
180 363
102 161
229 340
105 134
17 340
116 208
41 208
66 230
250 474
269 325
389 474
243 249
262 291
99 249
162 442
466 494
283 322
192 322
40 337
215 481
193 337
247 481
312 481
112 337
77 124
93 107
28 320
292 296
182 429
163 429
178 429
326 356
186 478
47 478
166 478
142 367
82 367
12 367
27 390
179 279
200 279
93 279
391 488
245 358
344 438
241 378
273 378
111 378
64 474
243 266
87 243
338 351
39 89
4 476
148 347
398 498
276 498
374 476
428 468
10 86
151 498
84 468
423 443
126 443
270 479
54 86
114 347
342 476
80 89
226 479
124 203
314 384
314 487
327 421
16 91
16 275
332 404
332 482
103 164
103 154
426 463
64 327
285 475
416 475
371 456
359 456
209 287
135 223
246 345
72 217
297 496
434 493
134 319
161 334
161 207
230 413
340 391
131 174
251 254
52 174
27 153
189 449
436 449
291 341
197 465
219 370
249 498
291 414
170 394
48 298
24 439
64 311
124 444
320 409
128 185
44 284
34 132
292 424
150 288
150 485
356 457
42 452
150 373
356 387
73 95
175 293
94 355
64 480
195 258
33 382
309 382
27 209
462 473
46 389
390 441
250 291
19 183
19 180
19 234
375 473
338 471
137 347
86 484
16 263
199 206
199 246
16 330
332 445
20 323
31 76
197 303
177 303
41 76
121 323
150 250
250 478
195 493
261 302
157 187
5 130
146 381
134 173
134 330
230 377
254 353
254 407
46 350
27 194
124 321
108 329
136 272
165 343
69 167
365 415
191 227
53 435
18 49
255 277
97 360
64 442
394 440
320 333
27 99
185 280
185 361
284 402
132 451
284 492
278 283
195 437
42 308
42 412
139 424
106 336
155 362
293 335
13 372
106 397
13 138
155 281
305 408
95 290
106 228
355 393
95 349
305 448
97 425
29 401
107 434
6 87
297 392
46 208
443 450
32 395
119 400
32 427
181 235
188 265
188 310
32 306
181 368
181 376
119 379
119 369
70 497
313 496
72 139
43 354
426 468
83 375
187 220
130 454
363 383
174 308
190 344
227 406
343 380
171 190
201 245
438 441
132 480
24 135
113 129
426 465
293 453
70 346
1 210
1 168
298 426
128 239
326 483
96 472
107 479
56 300
264 461
225 295
57 140
56 339
242 418
59 237
55 470
307 433
26 141
26 68
0 209
149 425
189 221
155 426
50 463
205 271
218 388
25 36
99 499
78 205
59 325
248 260
174 392
250 464
43 367
61 322
202 208
85 292
27 383
213 239
277 385
329 350
43 476
98 462
245 435
132 139
95 107
133 245
3 42
293 392
62 494
184 249
107 202
99 415
292 455
318 455
321 490
236 249
313 356
123 432
141 472
265 486
55 263
274 488
351 411
248 445
242 287
15 81
15 238
46 381
109 375
375 399
378 499
16 396
46 495
99 286
332 399
168 419
252 340
115 294
104 137
101 192
13 43
110 320
345 489
135 431
50 230
357 392
195 204
58 71
252 429
447 467
65 144
74 171
209 364
268 320
256 422
6 256
305 422
139 225
30 83
83 405
83 244
198 260
19 38
286 443
62 89
347 489
3 32
9 318
149 475
158 238
145 194
23 453
253 377
410 412
92 173
78 475
332 348
3 49
224 302
57 370
328 385
74 81
67 471
72 419
282 438
214 345
185 396
127 208
340 417
284 490
46 117
38 355
7 224
22 29
307 499
345 460
392 447
161 169
160 356
181 431
109 119
83 259
324 464
167 268
22 264
240 355
298 459
7 58
65 272
483 486
67 221
36 282
388 459
432 460
169 328
