9.355671
17
46
2
3529
69 114
97 190
80 86
65 294
141 207
194 296
10 50
41 235
255 292
173 292
105 292
19 292
237 292
63 240
134 240
170 244
228 244
238 244
244 295
155 270
155 261
155 194
96 182
87 192
133 182
181 182
182 249
142 182
173 191
64 191
186 273
113 191
235 273
116 273
92 129
49 191
103 134
160 231
44 160
27 100
103 126
100 164
67 136
100 178
1 103
238 293
132 160
251 254
136 216
45 160
139 251
30 265
34 251
40 136
71 136
84 293
30 257
157 222
123 157
157 162
95 128
43 217
43 152
258 271
114 225
223 225
11 271
168 271
200 271
187 225
41 73
85 241
82 176
143 183
13 290
206 215
112 287
181 215
37 287
252 282
110 252
35 290
108 241
11 252
204 215
65 77
72 234
3 140
77 143
25 58
202 279
0 117
58 277
180 202
201 202
64 90
77 260
15 202
242 262
90 135
87 140
117 142
140 297
239 270
141 239
23 279
36 37
153 166
208 296
9 212
15 268
153 243
208 278
61 107
9 121
61 82
10 208
9 146
19 153
154 197
44 154
154 172
154 280
135 144
128 289
233 269
207 210
48 289
86 109
12 210
96 269
198 288
169 298
124 298
175 177
75 175
81 105
80 189
159 278
69 145
98 174
76 298
218 219
16 280
89 219
150 189
8 283
161 275
149 175
145 228
6 275
74 243
74 168
127 231
68 193
60 94
68 205
62 83
83 211
63 106
20 264
17 212
17 91
24 60
163 256
32 188
163 221
125 213
4 28
125 266
79 190
32 267
42 163
102 125
7 245
7 39
18 230
79 165
79 283
158 291
18 185
66 281
66 151
66 227
273 292
171 292
171 240
36 292
196 244
155 251
155 209
224 240
119 240
38 191
171 182
103 293
136 196
30 171
43 293
43 100
95 196
110 115
27 156
211 285
177 248
255 272
25 248
13 130
35 274
121 286
102 120
22 282
5 247
195 245
26 281
51 92
51 193
136 299
38 268
157 299
140 209
148 209
46 95
131 240
214 240
236 244
176 252
72 225
183 199
77 246
220 241
77 148
119 154
9 268
14 273
60 192
38 175
33 38
56 293
29 129
53 196
32 293
209 275
33 209
79 171
95 284
43 118
29 95
246 253
138 215
52 208
47 153
54 298
57 199
54 232
125 220
66 88
59 240
137 155
52 109
101 191
103 274
30 285
14 232
184 236
8 174
103 147
38 250
99 251
70 160
16 20
47 288
138 219
31 157
43 167
78 95
18 57
29 163
22 241
73 122
104 241
2 46
259 262
55 268
268 276
88 263
179 275
184 229
21 159
93 131
5 127
106 203
28 229
18 195
158 226
120 263
111 272
111 259
55 226
