14.750000
1
37
2
18859
1 35
126 140
89 174
70 148
136 150
31 42
38 178
23 178
104 178
0 47
47 80
47 99
14 99
86 112
37 112
7 112
109 112
9 149
97 128
24 69
19 97
125 147
45 97
51 97
31 147
33 149
22 69
69 139
117 138
60 72
62 177
68 138
72 103
72 111
35 72
48 122
49 156
49 163
122 158
122 160
126 131
53 131
86 122
4 62
131 135
138 159
65 84
85 154
88 150
88 107
154 171
154 177
66 88
65 121
65 116
29 65
108 124
39 89
39 58
136 169
148 176
161 172
79 176
76 141
51 176
1 146
12 172
151 168
123 174
57 170
55 106
106 111
15 16
118 123
96 151
28 123
16 110
52 142
4 151
7 41
20 170
73 106
10 16
11 41
40 142
67 142
26 64
64 119
50 162
27 61
74 165
63 100
92 162
113 130
162 179
29 63
95 113
6 27
3 27
18 64
113 140
17 36
21 152
78 173
32 137
21 101
32 43
78 133
59 115
115 155
115 164
2 34
2 145
2 166
21 42
8 91
56 129
56 143
56 157
8 93
8 132
47 178
24 77
110 175
129 167
25 173
82 168
81 161
10 25
45 81
13 36
13 34
88 178
14 138
47 154
46 97
49 131
108 138
65 108
127 178
14 90
14 71
90 112
46 151
16 54
46 134
44 49
54 64
75 88
98 147
149 153
72 98
69 120
27 108
71 131
105 108
75 123
74 176
90 146
106 114
127 144
87 170
2 44
114 115
120 142
153 162
83 105
120 144
32 87
56 90
8 120
30 46
69 94
102 149
30 149
77 170
5 141
17 175
5 102
