3.252726
36
15
3804
14891
10 67
66 133
6 25
18 124
11 25
19 25
23 105
22 117
117 122
109 122
95 122
63 126
100 126
23 126
114 126
62 122
49 102
56 95
56 114
8 31
18 97
74 124
1 74
28 74
53 62
52 77
22 84
37 84
24 84
38 87
47 72
49 113
82 84
38 96
80 93
60 93
59 134
51 60
14 86
15 100
15 47
73 91
9 126
46 98
51 82
21 102
5 39
31 73
68 74
33 97
27 127
121 127
105 131
68 84
69 93
83 87
70 94
91 127
33 134
61 135
21 106
30 131
54 72
12 88
79 81
79 88
5 9
83 84
75 130
52 81
70 86
2 30
98 127
40 106
40 93
0 66
0 14
50 112
25 125
2 61
13 57
13 120
13 109
35 137
35 75
43 90
16 110
12 16
16 20
43 67
43 133
43 76
44 80
44 78
29 138
65 128
41 85
41 119
58 104
104 120
55 92
43 96
13 139
16 123
39 55
108 138
108 119
78 108
108 112
17 135
17 64
50 89
89 125
36 64
36 132
3 65
16 127
25 45
48 136
48 92
32 99
99 111
71 76
71 118
59 99
7 115
7 121
107 116
101 107
99 127
93 107
3 107
107 130
4 129
4 42
4 77
34 103
26 34
34 123
