20.946853
1
57
9
10573
222 240
126 240
10 52
65 100
87 100
12 236
40 123
218 240
71 213
230 235
110 235
116 238
197 238
28 125
34 221
56 221
5 224
138 224
49 175
124 175
141 175
53 191
15 191
127 240
86 231
45 199
121 199
52 199
216 229
226 229
77 229
13 142
98 133
55 133
112 142
163 181
49 246
31 113
8 167
7 93
100 146
76 100
123 227
123 243
115 123
80 213
99 235
236 241
202 241
73 117
36 54
14 83
64 145
46 123
238 244
68 96
2 189
152 220
86 104
62 155
103 155
89 220
58 105
9 104
43 186
7 186
29 105
125 207
125 156
60 125
219 224
164 228
15 132
12 39
84 158
117 221
191 195
191 233
47 175
104 221
1 159
145 199
17 50
19 160
181 248
95 168
177 178
148 162
27 148
27 41
27 164
213 247
25 134
25 246
25 214
54 99
54 95
117 128
47 80
188 219
30 46
46 225
83 170
117 149
54 111
118 172
64 119
27 47
145 241
104 113
96 162
186 234
220 245
155 215
88 96
105 185
189 209
3 127
21 127
188 189
132 184
39 205
39 69
132 153
18 181
158 193
158 177
42 136
42 212
42 239
119 228
179 191
21 187
21 90
3 4
3 37
3 85
21 167
81 190
10 190
31 120
3 27
159 210
50 51
160 200
50 176
11 83
6 35
6 242
6 93
118 147
46 92
83 114
0 229
11 18
54 179
82 133
32 123
33 182
101 139
165 196
33 151
165 232
131 194
16 169
26 140
165 211
131 137
23 60
33 94
101 178
38 63
26 115
23 237
23 97
38 44
26 143
16 203
38 108
131 183
16 201
101 166
32 235
42 92
101 188
82 109
23 145
26 188
100 208
11 67
14 48
21 114
82 186
0 105
120 129
204 238
208 224
47 157
11 38
11 33
240 249
0 159
57 127
82 160
154 213
142 223
154 238
74 76
74 78
22 75
181 206
24 135
66 107
66 171
75 91
117 150
57 188
118 174
91 241
96 198
198 220
155 161
39 150
132 161
72 133
18 130
18 217
20 30
27 72
102 109
50 223
25 70
70 118
24 247
59 88
142 192
106 181
106 107
79 180
83 192
16 174
165 206
131 217
0 173
61 160
79 159
122 130
144 173
102 144
