-0.530382
1
25
3
1312
4 73
63 72
0 157
30 50
6 50
60 136
149 171
73 165
10 165
62 165
81 165
28 89
76 89
39 107
39 139
23 139
81 107
55 129
3 129
11 164
134 164
127 164
13 97
47 97
50 91
50 175
5 101
11 24
89 111
67 88
17 29
22 176
8 96
6 57
32 122
3 153
19 40
108 143
86 145
26 82
26 87
83 164
54 85
51 85
66 130
116 132
91 116
24 42
116 149
41 138
88 113
8 174
29 120
1 63
1 49
29 75
9 60
9 117
9 118
1 123
139 173
4 172
69 172
55 168
8 27
119 160
151 160
110 122
45 57
46 107
89 176
50 86
117 167
14 25
34 48
52 177
17 44
87 125
49 121
31 178
89 108
26 142
26 27
158 165
15 83
92 95
16 66
15 74
53 159
16 163
56 68
92 141
97 99
24 112
130 173
46 137
116 173
138 144
88 179
46 101
31 158
9 99
1 173
74 102
90 102
50 70
58 90
44 140
48 171
80 176
40 178
98 142
2 22
84 89
103 157
36 38
37 45
2 59
31 135
155 176
21 124
7 80
21 173
37 141
46 65
134 166
23 170
30 71
62 152
135 164
29 158
8 153
47 154
65 129
28 106
151 162
138 169
26 84
108 114
88 155
35 173
97 114
105 169
25 46
42 100
38 115
59 79
33 93
147 176
31 94
31 64
61 110
43 78
56 70
105 108
53 125
85 121
155 177
36 155
12 50
146 179
93 173
43 112
107 131
77 139
129 150
128 129
8 162
8 133
20 46
8 148
18 108
158 161
26 104
7 126
109 137
29 156
103 146
20 61
