13.100000
1
30
6
69871
35 99
42 45
104 116
11 92
52 119
0 10
104 109
12 109
90 102
71 102
52 102
14 53
14 87
14 99
24 118
58 118
7 72
62 72
19 91
39 78
0 84
83 103
84 112
16 78
51 118
59 103
47 72
64 84
98 103
8 91
25 78
23 32
32 46
20 32
27 32
41 69
37 41
11 41
75 82
54 116
40 75
54 107
6 75
45 54
35 65
65 97
15 65
3 86
80 86
3 66
66 110
4 31
4 38
29 94
30 108
30 100
30 96
29 63
4 28
29 77
57 67
93 114
92 93
33 93
50 67
67 89
79 105
105 117
105 111
18 43
9 43
42 74
74 106
43 70
74 80
44 113
13 46
13 81
44 101
2 76
1 44
2 60
13 56
22 88
48 88
85 89
73 111
54 119
49 119
10 32
95 119
5 119
61 78
61 103
10 29
10 93
26 119
10 55
49 72
55 61
14 21
17 41
14 68
44 61
95 118
49 67
68 91
21 75
5 75
30 36
36 115
61 85
34 65
4 34
2 17
49 88
73 91
43 68
26 115
