6.283333
1
21
9
16943
84 94
15 126
75 129
11 35
43 120
35 36
33 128
74 138
137 138
93 138
80 138
96 108
97 108
22 108
38 63
38 88
38 96
26 41
1 89
26 61
26 120
17 26
1 73
15 100
36 100
78 100
72 100
60 95
54 95
53 95
75 112
109 112
31 82
27 82
82 110
11 82
81 119
106 114
105 114
69 114
7 107
34 107
24 56
45 91
5 91
43 91
91 132
91 93
51 67
28 111
12 111
87 111
92 127
52 71
39 92
0 64
103 117
103 130
81 103
14 40
40 88
40 85
62 98
33 102
62 74
13 27
48 118
77 110
18 77
6 10
49 76
76 132
76 83
6 39
76 109
127 131
70 131
42 129
42 55
38 58
25 59
1 58
113 115
68 125
16 128
20 44
44 68
16 66
20 49
64 138
23 30
23 70
19 57
23 94
3 90
3 29
57 123
57 122
32 84
32 79
32 65
4 108
8 78
46 136
82 107
59 138
21 58
26 40
26 124
47 58
100 104
50 100
95 124
82 135
24 103
8 108
46 108
99 119
101 114
64 133
99 114
121 133
38 116
91 101
102 135
2 38
37 58
9 58
38 86
47 71
1 139
64 113
111 116
57 64
21 32
67 134
13 134
48 139
3 86
