21.166667
1
65
995
6530
76 286
19 279
118 264
149 251
224 316
169 321
218 349
101 251
146 162
49 246
67 213
217 283
25 349
1 286
197 233
178 215
227 259
199 340
59 284
154 162
61 220
36 208
254 339
180 293
153 293
271 293
212 324
327 339
139 162
29 213
157 279
10 240
141 246
172 324
57 321
107 233
240 248
109 251
247 286
27 214
87 348
68 116
99 162
314 316
39 255
208 244
155 259
220 248
47 332
13 279
21 339
117 295
75 259
112 275
149 216
10 316
60 319
333 340
176 284
250 296
196 264
290 324
40 319
93 117
37 259
95 244
134 184
221 340
233 304
67 266
33 233
31 117
84 264
76 154
317 319
80 220
243 255
283 321
184 273
62 244
226 284
207 314
2 349
213 291
120 348
254 346
189 222
100 182
206 303
42 182
308 330
292 341
41 292
8 20
142 203
194 203
261 320
171 261
250 261
53 71
132 168
14 118
130 210
104 336
79 336
297 336
222 336
204 290
122 191
137 299
48 137
110 349
173 194
325 347
82 325
147 263
103 147
15 147
52 332
52 189
52 179
228 313
228 287
192 228
135 228
56 147
159 323
40 335
52 308
311 344
116 311
119 311
145 284
145 264
72 145
209 235
166 209
96 152
96 201
258 277
217 258
64 258
228 309
11 334
11 214
0 11
38 46
11 188
105 275
105 193
105 124
101 105
36 89
89 113
38 53
161 258
309 335
4 27
71 145
32 265
246 265
15 131
24 131
131 219
105 315
115 211
153 211
150 269
41 150
150 253
282 331
30 65
65 302
78 82
78 243
185 293
230 338
94 326
98 321
98 293
238 307
92 200
4 132
236 339
203 265
244 310
220 310
44 345
28 345
329 345
11 309
7 251
121 188
9 293
98 230
191 345
86 134
86 306
75 86
330 345
182 236
23 329
23 294
23 247
181 233
181 255
208 288
7 303
45 216
45 120
56 338
14 131
130 131
174 186
3 174
174 239
174 299
174 223
123 304
123 195
43 316
43 259
203 205
174 346
161 307
83 240
83 328
127 287
205 261
323 335
102 168
102 252
94 203
35 239
26 35
35 301
150 309
92 159
73 249
24 73
8 9
187 298
187 255
16 331
16 262
16 197
17 286
17 324
198 315
241 246
77 263
77 97
32 58
58 267
58 175
108 279
108 117
81 201
111 326
111 126
38 204
198 300
268 311
164 340
6 151
151 225
151 349
129 242
129 195
133 245
245 318
148 245
245 343
256 295
143 256
256 266
256 297
158 196
74 158
158 270
34 296
34 276
272 305
272 278
272 277
215 272
54 317
54 281
165 167
167 183
167 281
18 87
18 202
22 202
22 163
256 300
110 345
145 335
211 268
50 178
50 138
69 213
55 234
55 139
128 285
91 231
125 128
144 160
260 322
156 301
85 144
260 334
91 112
144 273
88 162
156 280
136 207
136 177
122 164
52 282
5 66
5 68
51 106
12 190
12 140
12 342
51 63
90 289
70 114
114 170
90 232
114 237
51 257
127 209
209 337
265 274
35 38
65 121
65 288
229 312
58 98
23 81
245 337
38 128
90 185
114 241
209 229
51 69
12 88
