61.366667
1
128
3137
7319
113 390
203 419
159 228
103 240
235 422
119 193
173 292
331 365
69 158
26 419
280 295
321 328
205 394
45 221
38 352
254 333
251 267
322 352
153 267
171 218
164 422
173 414
109 354
179 406
259 343
375 421
208 441
144 158
147 354
124 442
291 448
339 438
62 406
249 395
135 410
39 438
307 342
349 433
180 228
138 390
301 419
199 365
101 352
323 422
363 394
93 441
87 390
6 218
63 399
341 438
18 228
75 343
191 427
229 318
123 343
376 414
107 286
372 433
177 395
401 429
198 394
307 410
426 442
325 406
104 295
356 433
112 399
209 241
122 395
24 410
259 425
181 354
321 333
20 441
116 228
110 448
351 410
56 442
89 158
112 303
357 414
105 267
16 333
252 399
382 419
23 295
300 427
48 427
140 328
296 328
154 221
119 218
174 386
37 365
278 448
335 421
18 328
245 421
154 297
297 417
294 297
380 435
342 435
3 51
2 51
51 289
128 149
149 223
149 434
8 149
7 402
5 402
190 353
353 371
350 353
242 318
143 242
57 242
252 256
256 403
166 256
161 256
344 361
286 344
146 344
314 423
188 423
24 423
2 358
358 365
19 308
308 338
308 418
358 394
227 310
310 320
174 310
329 348
129 329
4 417
111 148
111 407
111 377
4 410
28 327
327 384
209 327
175 429
175 396
26 175
219 275
275 290
88 275
275 371
136 193
107 136
19 136
129 136
137 287
137 213
137 409
305 347
228 436
1 91
1 83
1 385
61 223
61 270
61 241
330 427
305 440
334 343
220 230
74 359
74 258
74 170
74 385
220 236
117 220
99 311
212 295
0 184
14 76
34 207
71 225
131 430
32 415
35 379
0 108
232 267
27 437
131 362
360 412
244 352
360 424
9 121
131 432
60 233
34 55
29 313
32 77
114 395
99 253
99 367
29 120
212 390
71 186
32 127
27 72
0 364
27 271
60 192
360 428
34 78
9 200
35 416
71 237
29 282
35 373
232 442
9 269
14 142
14 374
422 431
244 421
45 160
160 326
160 387
243 247
92 210
268 391
12 317
157 288
265 288
50 319
279 393
293 446
272 293
172 261
306 404
312 398
210 211
97 279
36 266
370 397
288 383
17 49
215 281
64 215
30 155
319 324
106 279
13 54
95 319
79 155
391 400
15 49
168 370
162 273
125 210
248 293
182 306
81 176
44 54
150 172
98 273
68 306
273 284
189 398
126 247
165 317
167 370
266 369
169 176
133 172
317 368
141 215
345 391
196 266
155 214
247 304
54 115
176 257
398 411
49 66
185 262
262 292
262 425
226 444
178 381
65 134
130 204
53 118
42 389
80 234
250 443
187 392
204 231
151 178
187 413
42 70
250 420
118 163
134 206
67 187
204 264
195 388
178 276
238 250
80 260
226 277
118 283
73 80
102 195
41 42
134 194
195 299
132 226
82 183
82 303
47 82
366 414
43 216
139 396
84 139
139 239
328 405
405 438
46 419
197 229
145 448
158 445
218 274
145 406
333 449
354 445
10 433
22 216
22 90
152 240
31 348
31 309
263 441
103 197
197 355
52 315
22 408
152 378
152 222
285 308
40 51
4 285
334 402
242 436
46 297
96 256
340 358
40 285
336 353
111 137
60 423
305 329
25 114
100 111
202 327
285 336
25 346
21 136
96 137
344 447
195 358
330 340
25 246
246 285
1 202
10 423
212 337
220 330
263 308
25 58
96 224
4 215
310 445
4 250
33 298
217 302
14 436
27 100
35 40
100 201
61 336
298 302
11 275
9 212
85 337
145 337
337 445
0 316
244 360
34 316
29 255
21 306
330 370
33 273
21 391
40 317
96 172
33 262
33 204
100 187
156 202
197 202
59 436
85 217
21 439
224 447
279 431
176 255
114 293
232 266
49 114
255 398
255 332
42 431
134 316
316 332
59 232
210 336
156 244
11 71
431 439
58 131
60 315
32 447
99 449
288 346
94 201
178 366
54 449
86 155
319 447
58 247
86 332
226 274
94 332
80 315
118 263
22 58
145 315
