45.414286
1
111
1702
4458
165 172
181 371
232 475
126 419
242 313
398 458
475 476
88 476
147 450
335 336
140 479
26 172
119 300
118 300
82 403
427 499
118 479
304 450
209 469
120 267
135 225
105 294
209 278
407 424
36 61
165 484
5 458
95 356
96 372
220 481
412 477
401 489
75 300
47 172
390 493
135 144
378 460
65 316
34 61
128 249
419 443
228 476
6 399
20 362
99 189
339 493
296 472
159 344
208 481
125 410
168 225
7 341
46 372
279 410
258 424
87 120
339 411
184 341
169 245
311 460
404 419
89 223
17 253
151 245
163 344
226 489
323 371
257 274
92 424
179 357
59 489
314 403
80 245
121 194
2 225
412 469
379 403
188 405
140 323
253 371
322 336
20 426
56 450
45 357
58 489
234 353
232 481
388 410
263 477
42 479
307 427
33 415
187 205
35 469
275 415
269 458
405 484
63 120
89 493
181 248
99 477
129 300
1 281
261 344
162 357
182 341
285 316
327 341
393 405
349 372
256 316
348 426
394 427
17 460
36 476
18 302
13 469
242 336
260 426
213 295
1 213
19 213
26 420
299 420
257 420
174 420
41 172
258 451
50 481
161 376
376 396
198 376
199 306
43 197
197 265
189 197
126 237
437 489
83 491
461 491
78 491
260 421
223 359
249 359
137 359
426 478
289 478
206 305
131 305
302 305
250 292
292 356
217 292
84 130
216 359
143 292
321 413
184 413
413 442
164 394
164 289
105 164
164 196
164 453
90 420
122 338
121 122
122 266
122 449
22 129
226 375
245 375
186 375
237 254
345 396
345 473
187 345
6 156
143 156
61 160
18 235
235 387
167 235
216 375
141 376
141 197
64 362
64 342
21 193
21 149
21 219
199 345
312 419
466 493
195 392
308 371
308 427
41 235
211 456
60 211
211 290
196 211
218 312
90 485
195 485
102 250
11 102
54 102
102 146
462 477
460 462
233 426
49 61
49 77
32 277
3 32
32 274
32 425
133 444
87 133
283 297
77 133
297 328
297 476
133 173
171 297
297 370
133 337
145 479
145 476
41 117
153 390
112 153
153 317
139 153
153 497
23 297
451 462
368 381
381 434
350 381
106 445
106 273
60 106
381 488
303 332
204 207
27 158
207 409
110 472
94 134
27 171
303 385
27 397
27 256
94 490
94 459
303 365
110 446
110 280
207 498
207 435
109 449
109 433
109 146
51 109
233 437
241 346
190 241
170 241
241 326
292 319
244 406
406 416
294 406
331 395
25 200
200 429
97 221
95 97
200 309
97 239
2 271
150 247
287 392
154 218
52 93
93 380
329 491
101 263
100 248
98 100
100 428
373 465
108 417
108 238
116 148
108 366
116 464
210 373
55 108
373 418
116 130
27 41
329 359
23 200
178 397
178 343
178 252
178 431
150 420
91 229
14 91
91 438
24 91
201 224
103 203
203 369
203 389
201 268
201 346
71 479
71 415
48 415
48 458
157 227
157 400
225 391
391 450
276 324
251 318
251 353
31 128
354 471
354 369
31 234
31 68
74 340
354 382
340 400
340 399
340 457
259 403
21 413
164 282
120 284
39 72
183 364
246 386
70 177
70 175
183 448
246 298
70 367
246 430
39 288
30 440
183 276
39 315
30 111
30 104
94 491
142 495
142 461
381 395
41 340
259 347
413 462
107 424
0 229
0 73
62 281
62 350
8 66
66 272
66 313
16 192
84 406
38 149
38 52
191 432
69 262
127 205
194 383
176 270
360 436
85 202
10 191
270 351
333 452
441 480
53 67
113 333
330 441
383 463
293 495
180 405
255 310
291 355
293 320
114 236
132 436
4 53
185 447
236 483
264 293
202 492
81 144
310 486
262 474
15 191
123 291
286 441
240 270
76 202
127 422
40 185
53 337
214 300
278 291
436 439
316 468
155 469
44 333
81 467
236 455
231 383
29 81
152 497
9 152
152 482
124 455
124 370
222 357
222 245
57 410
57 213
301 408
73 301
301 487
215 363
37 243
37 358
37 417
166 402
230 352
344 384
230 334
115 230
215 361
212 215
12 86
166 494
325 372
12 496
28 166
136 409
136 414
12 296
136 377
246 421
259 292
110 374
154 374
16 201
117 138
301 421
37 421
305 384
287 454
138 241
303 462
211 373
203 466
183 282
22 423
79 271
310 319
12 160
325 331
32 325
185 454
70 324
39 259
207 325
79 470
101 436
406 470
66 324
324 441
262 284
30 470
107 215
202 468
155 270
333 423
166 180
191 470
214 230
