10.425532
1
43
10
17871
122 241
78 241
159 225
218 225
203 225
101 238
196 238
215 219
75 219
40 219
214 233
91 233
173 243
23 241
168 191
194 243
143 191
54 191
233 241
160 246
210 246
35 130
111 185
23 130
24 185
3 130
73 90
36 90
62 182
142 182
120 182
11 20
137 176
92 176
13 163
117 163
64 68
26 68
18 22
32 140
35 230
133 188
188 233
124 188
90 170
15 25
19 25
80 87
66 87
83 241
61 191
45 179
83 185
179 246
179 182
68 170
45 213
135 213
192 213
16 238
204 234
195 238
109 198
17 155
44 69
129 243
60 199
90 155
240 248
51 248
109 248
53 171
17 171
20 106
20 148
20 171
170 179
58 179
41 170
43 63
68 180
68 132
7 12
178 232
76 232
82 165
60 165
61 83
140 242
103 140
58 79
58 81
25 175
87 103
87 200
61 65
8 225
152 231
61 169
61 151
63 230
28 193
183 227
126 193
112 227
16 145
16 55
65 131
65 147
86 180
219 228
44 239
115 239
188 245
130 222
171 235
165 179
58 153
20 249
108 241
114 165
52 70
12 57
12 37
12 34
83 99
157 238
201 239
188 202
197 223
57 197
25 222
157 182
8 118
8 49
8 236
160 189
19 209
193 234
65 228
33 184
33 152
33 98
107 216
32 166
204 216
144 172
21 166
85 108
3 134
16 108
108 248
70 84
70 220
46 219
146 191
146 225
6 90
42 74
42 212
2 67
2 39
2 86
29 89
26 71
4 225
136 177
89 233
31 176
93 163
163 247
211 243
27 94
27 50
27 69
209 221
113 199
33 205
31 140
5 12
56 83
42 153
158 172
208 243
164 170
48 96
22 217
171 224
176 206
135 186
82 226
73 181
15 128
59 198
59 139
120 162
53 138
161 229
71 97
123 161
101 102
188 206
9 231
16 156
102 163
176 187
54 127
174 238
105 246
30 213
20 77
68 237
14 38
72 154
0 150
9 125
95 129
121 176
6 227
93 193
224 239
38 226
70 247
88 246
30 232
177 244
1 249
110 149
125 187
10 201
47 108
100 195
74 119
119 158
95 227
208 244
16 116
0 202
72 207
14 149
5 167
88 123
46 167
127 207
56 190
1 217
141 189
48 104
47 104
