24.960714
1
78
9
4145
114 295
280 374
135 343
36 302
329 342
175 366
303 373
296 361
291 298
94 203
132 209
24 53
108 235
15 165
16 115
239 369
197 336
269 278
188 388
188 324
62 188
23 188
14 117
169 375
375 392
42 307
307 312
24 283
234 283
210 283
169 357
124 233
17 233
220 233
4 161
4 334
4 299
4 256
4 328
94 313
329 387
15 313
12 387
167 387
110 387
49 313
25 100
79 100
85 226
173 226
202 226
48 100
174 226
103 157
91 218
39 91
103 253
105 173
97 105
105 336
105 275
29 103
103 266
91 369
103 280
44 359
293 359
342 359
104 397
176 397
42 397
253 260
116 260
18 245
165 321
321 376
12 273
273 356
69 204
69 287
69 178
69 148
69 320
374 382
378 382
65 382
88 346
138 346
70 327
168 327
16 327
350 386
77 386
343 386
149 205
205 395
57 255
108 255
200 255
0 385
99 385
159 385
298 304
66 330
326 330
83 330
129 338
93 129
95 129
129 172
78 309
89 212
212 361
212 278
90 311
47 311
236 311
237 319
237 306
197 237
2 390
2 182
2 171
64 177
177 235
177 244
177 338
151 268
114 151
36 151
32 88
32 132
249 328
122 309
122 131
86 122
52 112
52 221
52 153
264 281
264 393
264 301
56 146
146 175
146 158
146 340
3 179
119 179
179 297
211 317
134 211
207 211
162 185
353 389
160 251
142 323
213 323
135 383
137 355
339 396
277 339
292 355
61 371
239 251
133 355
315 353
75 323
195 272
63 371
252 339
154 332
272 395
81 371
159 185
352 353
163 231
325 332
185 279
191 332
181 231
35 383
187 230
13 230
380 383
183 230
6 286
286 319
234 286
223 356
286 308
223 368
316 326
79 316
37 45
45 267
45 219
170 198
170 215
167 243
8 186
8 37
143 277
17 72
72 269
147 189
72 347
72 136
147 261
9 46
46 294
46 148
73 349
73 258
95 341
89 274
275 314
80 344
64 290
241 246
5 246
246 399
19 384
218 289
241 259
196 238
111 337
76 121
125 242
76 305
196 345
111 370
111 364
76 107
125 310
196 227
125 206
21 62
21 152
28 209
106 140
92 367
128 164
96 126
38 271
126 366
98 224
67 229
27 270
139 248
140 240
84 271
248 312
140 373
381 394
271 285
248 360
120 381
113 128
126 232
67 204
98 302
270 372
56 128
53 92
92 180
28 33
31 82
82 214
222 331
222 284
58 322
26 256
58 276
11 288
263 282
87 363
60 201
11 145
222 388
87 225
87 392
263 362
26 80
58 110
60 303
10 199
10 377
91 357
109 307
4 260
59 266
41 112
30 149
217 324
254 261
273 313
127 359
123 389
31 123
237 375
69 91
1 105
71 188
354 377
311 357
156 375
231 307
307 371
188 358
14 55
255 273
40 127
14 348
51 228
265 357
357 383
243 307
311 359
100 122
14 318
130 233
78 255
228 262
216 228
127 230
150 311
283 348
68 226
257 359
156 260
264 327
7 14
233 348
185 273
335 397
375 384
34 129
103 379
150 192
109 118
40 155
333 385
55 327
102 346
188 208
151 155
125 357
274 346
128 307
170 212
22 387
358 386
190 228
304 379
14 30
260 351
216 257
51 74
4 54
188 354
184 382
211 333
50 91
73 179
127 263
166 330
259 385
102 353
144 273
339 348
2 184
4 20
127 250
105 141
101 318
43 245
22 179
101 194
1 254
177 247
255 365
54 332
50 323
247 355
68 140
74 111
2 43
130 271
249 391
52 141
270 290
314 381
45 300
46 300
11 289
144 196
76 247
351 398
190 193
