5.869048
1
18
85
24911
12 64
53 91
61 91
91 119
15 29
22 107
18 39
54 64
105 107
88 113
24 111
15 64
8 90
68 107
56 82
36 37
87 102
36 74
32 111
39 42
108 111
44 62
17 61
35 100
28 74
17 44
91 103
64 106
65 101
63 65
4 65
19 47
101 110
110 116
51 110
59 110
96 111
11 90
11 58
11 83
11 72
72 97
97 119
75 100
13 52
57 80
48 88
48 107
52 110
48 86
34 104
33 66
66 80
67 93
93 102
71 93
1 8
1 113
76 107
55 114
46 99
46 95
46 60
20 46
5 78
29 78
77 91
77 82
65 75
9 58
11 117
34 47
27 114
57 65
56 81
81 98
25 28
9 27
25 103
13 48
38 49
38 45
31 38
48 84
0 26
0 19
38 106
2 7
2 18
2 41
79 89
50 89
89 92
93 96
10 40
40 69
40 109
85 109
3 85
85 112
21 85
23 43
23 55
46 96
6 37
6 30
40 104
14 73
73 115
70 73
16 94
16 118
16 86
84 89
2 96
73 117
46 89
40 76
2 38
