48.150000
1
110
330
6142
125 416
253 312
191 244
76 433
154 285
269 343
275 298
212 343
274 345
310 398
350 368
355 432
167 299
226 287
45 363
19 415
294 416
159 366
306 440
402 408
85 389
292 343
238 313
80 440
157 279
353 364
241 279
148 391
74 391
236 278
181 205
161 310
42 224
143 236
15 208
12 449
412 440
101 243
285 401
163 398
39 278
22 416
269 315
162 287
106 427
190 287
224 316
319 368
93 408
332 339
253 385
328 393
288 385
172 299
384 444
120 416
138 298
203 243
110 374
291 448
143 208
313 421
34 181
295 398
203 385
109 366
100 285
284 317
35 247
237 415
238 427
82 279
57 427
366 437
92 224
239 385
6 30
232 360
171 181
124 408
133 159
15 27
31 356
118 368
304 389
7 356
46 440
354 396
134 298
110 278
43 208
113 389
81 313
188 415
329 396
263 299
27 356
152 445
127 152
117 152
33 107
1 254
166 254
254 390
67 221
221 390
12 221
146 221
193 375
291 375
2 375
154 271
98 170
105 170
90 170
252 340
14 258
192 258
255 258
258 286
52 325
249 325
325 363
170 375
44 396
334 353
59 334
65 334
217 387
72 217
372 383
383 430
189 383
283 308
144 283
244 283
119 224
119 299
344 417
307 417
192 333
331 333
333 431
47 338
47 418
47 108
191 361
239 361
246 342
151 246
175 246
36 243
145 309
23 425
149 205
145 376
301 372
149 411
149 185
123 149
145 303
23 281
0 23
102 117
341 435
404 449
290 404
151 419
336 419
85 187
187 358
16 187
13 389
13 313
47 258
107 187
170 301
48 301
10 89
89 106
89 369
11 89
149 340
210 268
261 345
88 261
261 276
219 419
207 248
68 201
68 76
169 360
169 395
169 394
68 297
335 380
335 407
248 335
235 423
131 235
259 332
259 272
235 260
200 259
254 268
129 416
320 384
320 330
10 320
42 320
168 222
29 185
29 368
77 424
77 378
77 126
95 202
168 267
164 168
168 432
318 333
206 433
206 381
79 206
32 218
9 296
32 51
115 371
58 183
136 196
26 195
8 78
99 349
115 130
58 245
99 211
4 257
96 359
115 240
26 317
136 153
4 293
9 406
4 75
177 279
9 348
96 229
8 94
32 61
96 410
99 114
26 370
58 399
8 442
136 228
383 435
50 285
50 208
235 271
246 414
49 448
49 71
44 187
70 142
36 414
48 413
176 355
336 409
409 438
176 179
173 176
409 447
219 413
86 152
55 398
55 396
30 103
103 148
103 174
204 352
204 294
178 204
37 278
112 356
112 366
135 284
135 446
87 135
132 137
132 328
73 132
69 262
21 362
264 265
35 56
160 347
57 69
69 247
216 357
397 403
24 214
362 439
214 231
256 266
40 415
155 214
264 315
357 444
33 264
83 256
56 314
324 362
38 256
53 397
40 343
160 209
17 397
357 405
72 160
56 186
29 258
225 443
225 374
116 225
84 121
121 282
121 436
41 199
199 393
199 210
20 165
104 220
140 392
165 323
230 422
104 156
141 287
230 400
182 346
5 45
270 277
139 215
91 339
3 365
270 326
180 230
147 428
18 104
182 234
298 321
91 223
64 147
215 302
62 311
150 242
182 202
165 198
215 289
62 161
5 387
242 426
3 46
140 382
62 63
242 273
140 441
91 233
147 213
322 341
128 197
74 128
300 408
420 440
54 164
122 379
54 434
158 327
54 351
97 243
158 274
158 312
122 364
122 250
29 70
221 377
207 334
60 318
373 375
95 367
325 377
119 184
119 235
227 419
111 436
102 280
177 417
145 261
207 227
25 283
23 77
26 301
28 419
47 388
89 207
23 386
251 259
184 251
102 256
199 301
177 337
102 270
169 429
54 102
322 337
95 168
187 300
77 194
32 429
95 136
9 177
60 66
141 280
142 305
37 68
111 417
129 409
147 207
176 194
4 86
3 95
29 182
104 429
99 386
305 429
25 115
28 321
58 321
8 420
96 97
103 321
66 204
37 242
215 388
66 214
141 397
362 373
66 230
165 377
140 141
