35.502381
1
101
16
2836
282 441
391 415
65 332
235 293
178 403
38 265
88 402
19 443
88 211
9 211
204 417
78 285
370 477
107 177
445 480
102 159
94 216
10 467
120 142
75 226
98 260
46 492
175 488
185 488
475 488
444 488
336 488
12 275
71 275
182 317
218 317
45 317
284 499
366 499
477 499
49 499
273 339
44 339
112 339
148 339
166 438
103 438
307 438
100 409
238 409
221 409
267 494
138 494
330 494
104 210
150 259
29 150
150 456
131 210
210 483
210 335
197 455
319 414
142 319
219 408
59 319
233 352
77 352
57 352
295 455
0 455
173 408
134 408
392 451
224 451
225 424
390 434
113 280
38 280
66 280
280 347
4 367
29 367
367 487
272 324
252 324
83 324
156 324
15 248
155 248
248 378
248 497
241 402
67 241
34 241
18 241
93 498
93 383
93 139
40 380
316 380
192 380
83 406
81 406
406 496
11 450
162 263
179 263
149 263
263 318
30 457
236 457
208 446
33 168
21 221
21 216
21 357
21 214
18 489
76 489
386 397
174 386
386 471
70 386
266 427
285 355
204 355
109 355
70 340
334 399
304 358
200 358
34 360
360 373
55 360
417 452
246 452
46 452
11 115
5 115
115 135
39 338
208 344
344 448
43 344
230 344
196 407
259 476
153 476
128 429
74 429
277 440
196 440
94 440
321 459
178 321
229 328
229 309
229 234
341 421
421 487
78 294
56 294
294 425
26 198
127 198
3 198
331 447
266 331
207 453
187 207
54 207
17 163
101 163
97 163
163 347
274 449
145 274
234 274
323 416
416 445
121 416
32 107
32 75
32 322
32 249
80 369
369 467
195 484
195 404
51 195
98 195
131 170
136 170
227 311
184 359
184 442
13 223
223 293
223 404
184 202
192 227
227 291
223 307
227 363
24 60
60 148
60 465
60 430
251 362
177 251
225 251
215 251
203 393
276 393
393 479
271 413
42 271
271 357
158 384
159 384
384 493
9 160
140 333
333 376
260 333
206 287
64 454
454 475
120 454
132 383
186 281
123 255
45 348
90 242
26 242
242 297
31 278
24 31
31 156
31 390
8 153
8 472
356 382
300 382
382 428
180 441
180 262
180 337
110 129
110 240
110 289
1 276
1 48
1 314
1 174
150 248
137 377
244 296
213 351
213 302
213 480
119 473
119 392
119 181
119 415
244 327
183 431
118 183
183 282
244 443
137 189
137 370
286 306
84 118
76 143
143 435
350 361
144 361
210 263
14 128
93 367
116 187
108 154
201 389
36 398
117 169
201 395
86 95
36 258
86 154
117 353
86 464
28 161
117 437
28 268
28 105
36 222
201 250
348 499
339 348
400 481
400 403
367 427
294 409
303 422
133 256
25 62
20 247
193 220
190 387
303 315
20 281
231 401
20 375
165 306
124 470
164 318
164 194
82 190
133 191
165 254
231 237
124 436
303 322
164 478
37 65
37 102
25 468
37 217
25 385
133 444
190 485
193 433
367 407
61 87
10 61
61 332
426 488
68 126
68 419
68 412
16 123
16 374
16 474
58 362
228 342
58 343
283 354
35 96
167 305
368 491
283 396
152 368
122 228
364 378
96 462
171 346
79 284
301 312
130 312
79 279
6 79
151 228
312 381
364 388
368 391
92 265
99 226
99 326
92 269
199 346
7 89
346 460
22 99
97 283
167 418
71 167
96 235
53 419
52 206
261 466
261 363
52 365
43 52
367 458
188 349
188 253
146 150
21 168
60 150
160 494
93 482
320 434
299 409
313 452
184 367
367 393
229 450
141 280
248 420
47 455
114 248
93 325
32 313
14 438
251 450
111 371
111 179
146 446
147 344
41 223
321 461
212 450
163 482
324 410
245 386
411 440
207 461
355 495
227 399
325 329
132 457
41 423
263 310
310 457
73 489
198 416
85 324
72 446
63 360
23 438
242 340
91 147
141 399
157 451
423 458
244 457
186 440
2 292
372 421
27 352
298 446
27 451
308 330
308 385
176 446
209 411
198 432
287 379
21 239
242 292
106 386
157 248
84 399
290 408
394 463
257 320
452 486
172 338
384 420
73 223
172 463
205 329
288 358
184 255
114 439
209 264
47 91
439 454
108 358
232 432
270 380
229 243
212 382
167 450
290 489
232 394
288 393
379 469
53 163
193 245
106 110
63 490
36 299
110 116
125 405
50 243
361 405
69 264
124 410
201 286
28 286
205 361
188 348
79 286
7 125
231 490
190 469
23 117
346 426
69 345
228 270
312 345
