20.326006
1
49
1
3883
42 119
139 155
117 141
92 130
30 39
55 93
55 62
39 94
55 83
7 144
7 96
7 81
11 118
75 118
18 57
84 100
69 114
101 114
63 114
55 142
55 60
121 166
100 117
114 154
100 156
14 177
14 35
14 85
57 97
57 106
41 135
70 76
34 125
5 173
161 173
87 147
90 103
16 68
15 36
64 102
79 158
66 113
69 89
47 168
22 45
13 38
108 153
111 158
12 113
72 150
10 98
8 28
26 125
24 103
141 150
42 68
1 147
2 158
128 168
115 125
51 78
119 151
82 98
122 137
122 173
123 171
124 168
126 151
48 147
3 45
143 153
131 171
139 153
9 31
9 37
9 155
4 159
32 77
76 95
23 71
23 59
0 21
32 174
33 68
38 157
19 136
4 73
36 133
4 53
78 152
89 116
38 160
52 163
113 175
150 167
151 165
171 176
80 134
0 140
89 146
52 149
98 164
80 109
52 58
78 86
102 179
103 105
104 112
104 130
104 138
23 88
102 145
27 44
28 129
28 92
27 65
27 54
32 166
0 142
45 60
36 120
19 110
25 29
55 121
6 33
29 56
7 14
39 57
7 41
7 118
41 121
50 120
91 110
28 121
39 137
121 151
39 107
121 170
14 49
57 148
41 43
118 132
99 169
19 74
17 170
89 148
74 113
39 50
20 127
38 132
0 178
78 162
9 107
20 148
74 169
74 102
23 127
68 162
67 158
67 80
147 162
27 132
40 162
125 148
104 127
4 99
132 169
171 178
76 99
52 127
46 153
46 103
43 168
98 99
29 41
118 172
100 172
40 61
6 80
