29.638095
1
72
4611
11137
18 298
170 236
211 283
75 288
94 222
51 282
198 259
87 265
68 236
76 84
115 236
36 214
64 84
1 265
141 282
16 59
97 220
73 288
201 238
60 181
248 273
218 244
52 283
78 103
90 181
11 22
84 97
167 214
89 185
181 224
40 238
31 214
166 291
43 259
230 288
0 254
153 296
174 288
11 238
77 103
93 288
258 294
103 267
62 282
49 273
93 254
114 123
184 283
153 259
192 222
149 265
119 273
49 266
219 222
131 161
161 237
59 138
80 138
147 215
27 215
215 278
240 277
25 240
139 240
8 79
171 226
8 171
44 171
15 257
133 257
257 294
210 279
279 281
123 279
179 255
32 179
174 179
30 231
231 267
96 260
96 162
74 181
74 133
14 265
171 202
42 280
280 293
143 213
213 247
114 213
102 272
245 263
7 78
102 206
102 186
7 50
7 249
21 79
120 293
120 236
120 259
10 251
10 274
10 285
239 272
57 168
168 270
168 234
76 168
139 168
13 16
13 101
13 227
13 173
71 124
71 159
70 71
71 295
20 110
110 256
110 173
110 237
6 110
34 253
169 253
253 298
111 268
111 203
111 165
111 191
129 290
129 252
129 223
39 193
193 200
14 257
54 132
132 271
91 132
79 213
57 142
142 227
2 142
142 235
108 297
69 113
69 75
69 117
69 158
12 155
12 269
12 291
262 284
151 299
151 287
151 229
172 250
250 297
38 250
29 288
105 228
22 105
175 254
175 210
24 48
48 258
135 137
137 278
96 187
178 222
98 120
144 150
79 253
250 275
105 275
14 144
47 148
47 152
47 166
156 207
145 154
145 220
4 145
41 107
160 214
215 284
96 183
177 254
45 112
232 264
130 233
30 33
112 221
88 263
9 232
88 109
199 232
19 126
190 205
3 190
118 182
17 126
81 190
126 246
5 88
33 56
28 130
182 209
99 130
53 112
85 103
84 85
55 238
55 282
146 241
107 146
146 286
58 127
23 35
95 116
58 163
58 65
23 66
95 104
23 46
95 225
100 261
89 100
100 196
122 273
157 268
61 244
157 289
125 266
212 283
72 82
125 276
61 194
67 296
157 243
61 164
63 216
26 63
67 204
82 188
82 140
63 176
67 292
125 135
136 179
92 128
41 138
21 37
128 183
106 138
92 245
7 195
13 14
102 197
120 239
120 134
79 146
187 193
86 217
86 189
212 240
102 253
71 197
121 279
150 250
100 202
129 195
12 14
92 208
10 29
92 137
23 74
37 180
132 136
120 156
132 151
242 245
92 212
61 245
83 134
108 178
111 177
160 180
130 208
137 182
83 112
106 126
190 242
212 232
95 122
58 121
63 242
82 121
86 242
