4.880687
1
33
1
18995
23 39
49 109
70 98
122 185
40 182
82 101
116 118
62 167
92 197
60 199
7 124
77 143
69 143
61 143
143 170
28 190
141 179
54 55
12 95
8 105
13 193
122 153
2 9
182 190
85 153
41 105
39 42
75 179
81 153
33 78
26 44
86 97
124 196
143 161
115 128
49 80
10 171
119 158
6 80
20 32
130 177
75 137
125 177
16 34
14 128
3 171
1 159
98 158
28 171
35 96
106 129
105 166
95 138
84 174
9 91
9 157
84 88
42 82
123 186
44 61
84 100
44 108
55 83
58 95
55 170
100 128
32 87
34 148
15 165
32 150
96 189
96 109
73 162
93 167
19 185
93 111
57 145
32 58
15 126
46 113
19 71
57 70
17 62
53 199
15 121
159 178
159 188
162 197
177 180
44 156
11 149
78 132
105 161
84 194
9 76
124 143
35 154
23 37
24 127
29 79
4 89
7 127
13 184
101 151
139 144
99 184
125 154
50 176
116 175
65 89
81 195
30 124
17 90
17 192
57 132
34 64
51 160
142 195
144 147
51 123
38 94
37 102
129 151
138 198
79 163
38 155
18 92
18 146
22 59
108 175
25 114
25 169
27 103
97 144
0 40
0 173
78 86
86 190
30 186
25 149
47 90
45 64
79 196
124 177
55 193
9 68
140 187
55 136
11 136
54 187
68 84
12 43
119 183
179 186
9 190
17 95
96 106
162 168
32 186
34 84
135 168
11 135
48 107
56 73
63 142
91 134
120 143
27 124
72 86
36 86
74 86
137 159
31 46
191 192
78 112
78 181
67 106
22 106
36 105
110 153
11 176
11 38
15 110
31 89
124 131
21 86
5 68
104 179
52 179
78 117
104 153
68 152
53 66
57 164
48 128
133 162
52 89
38 172
66 172
