22.114479
1
58
16
28597
121 249
84 214
65 215
155 214
28 227
47 249
209 227
35 124
50 174
141 240
7 174
65 75
185 249
95 215
69 240
18 86
145 214
189 225
75 86
10 16
0 163
116 134
14 59
23 122
48 59
120 190
67 199
25 113
96 190
9 199
40 89
12 225
173 199
157 162
55 215
236 247
21 174
92 113
66 160
195 247
76 82
128 163
36 124
35 247
104 244
24 247
102 163
61 246
32 150
151 160
30 160
93 126
10 126
235 247
142 244
233 244
139 246
37 110
105 126
99 150
152 227
54 124
53 211
17 235
68 105
153 240
82 216
105 216
13 105
207 235
64 197
31 106
216 241
169 211
43 148
51 166
1 2
188 211
33 62
22 159
76 176
81 176
78 106
17 212
62 78
149 246
149 241
149 163
149 190
36 191
176 212
33 111
123 188
46 124
41 154
100 166
100 241
3 67
100 240
100 215
80 89
80 227
54 88
59 88
199 201
59 202
190 193
134 156
73 181
89 97
63 73
86 210
54 63
162 229
187 216
225 237
148 161
122 137
126 200
122 204
126 226
110 206
218 246
105 242
235 239
82 230
124 133
43 156
162 196
16 119
166 198
106 144
197 213
74 89
73 238
148 218
16 245
160 187
103 188
2 88
2 108
2 171
83 146
159 234
83 147
159 186
20 222
20 87
20 127
110 118
216 232
56 149
79 80
82 184
44 205
44 91
44 70
125 131
79 85
79 136
123 172
123 135
150 248
62 158
113 224
4 8
4 29
82 112
150 178
54 231
62 183
78 167
170 204
27 148
78 182
186 217
11 88
223 241
54 101
11 109
11 90
126 220
122 220
3 221
56 208
56 143
103 132
3 115
103 117
3 15
56 125
82 194
83 130
160 164
164 197
20 130
26 67
148 168
171 222
150 168
49 174
49 225
6 94
124 203
110 203
165 216
67 165
98 166
44 179
34 249
60 244
177 214
60 113
175 247
38 82
104 107
94 98
140 188
38 159
176 177
7 114
154 219
11 228
114 188
57 162
34 44
5 131
129 191
103 179
6 39
107 123
26 71
52 106
52 67
4 175
45 197
180 211
57 79
80 140
19 138
5 42
129 192
77 223
4 72
72 74
19 243
58 167
180 243
45 219
