41.042454
1
95
2
6508
2 258
11 45
275 373
65 153
211 262
91 243
159 370
15 286
22 330
75 253
133 334
251 371
202 385
78 385
343 385
149 385
257 385
168 386
367 386
164 386
121 230
21 188
207 230
178 188
294 349
202 218
1 218
172 218
242 349
4 349
2 218
188 272
230 320
130 256
14 233
85 254
27 254
113 256
214 233
106 256
177 233
57 233
5 254
188 241
135 328
15 389
11 128
17 128
18 128
199 324
109 205
19 324
120 328
175 205
106 328
91 389
176 389
24 324
12 257
39 315
37 162
39 302
39 132
37 232
12 48
12 86
37 358
36 134
66 187
208 284
173 284
38 110
73 110
13 187
26 101
338 349
256 325
205 370
324 341
328 338
37 237
37 353
12 191
12 368
39 229
110 248
284 344
101 193
101 311
299 380
70 123
90 231
108 337
90 220
90 189
90 118
70 335
70 198
70 245
108 285
108 327
0 144
35 391
0 49
0 360
35 151
6 165
6 122
6 107
6 23
16 143
351 378
291 296
63 399
333 363
33 143
331 378
65 363
115 399
226 378
210 228
84 171
271 316
275 316
92 143
119 146
255 296
104 348
117 363
133 171
102 228
56 146
36 146
22 348
301 399
55 228
187 380
187 229
219 249
139 249
95 295
145 277
211 277
192 197
42 238
41 347
196 352
206 223
19 74
212 317
88 197
89 141
326 347
129 137
158 180
221 238
131 318
222 318
305 394
10 152
154 317
8 74
30 152
29 295
54 394
71 80
34 280
67 223
267 280
93 379
35 61
116 138
75 216
64 81
9 163
60 82
103 261
68 336
44 50
14 174
148 309
159 179
35 169
0 339
201 395
242 297
77 306
72 342
142 306
155 297
46 61
142 387
98 127
25 234
385 386
1 100
316 369
171 329
23 296
295 319
238 244
317 382
277 322
249 398
318 334
352 372
141 252
137 312
347 373
223 384
152 383
180 182
220 352
197 268
74 292
80 240
280 346
80 350
31 262
138 340
82 332
261 392
138 308
163 204
82 243
195 236
163 396
32 160
43 200
174 397
174 273
32 161
50 111
336 364
336 345
81 96
31 79
31 97
179 287
53 298
216 355
50 76
81 150
114 224
114 290
309 375
195 253
309 323
261 330
43 293
53 235
195 359
179 251
215 289
59 140
215 288
215 286
94 282
7 47
94 281
94 184
62 361
7 283
62 136
276 366
59 269
59 167
87 194
87 166
52 125
52 260
52 388
7 105
20 250
276 300
62 265
20 303
20 357
87 377
127 304
69 314
356 365
69 153
100 264
234 241
137 339
180 191
141 368
216 353
32 247
53 237
43 169
276 390
225 385
356 395
186 247
188 386
135 266
71 266
98 203
131 274
230 284
83 254
230 279
83 389
230 354
37 259
83 259
39 201
83 225
134 328
110 279
108 389
93 324
190 390
0 354
134 393
188 278
83 152
209 386
83 310
12 270
170 299
217 299
156 299
181 299
3 205
218 374
213 349
259 352
82 134
225 295
347 354
112 233
203 385
20 279
6 99
101 313
279 342
40 128
174 201
225 336
201 216
101 387
110 124
7 93
58 279
62 93
94 354
3 46
227 259
201 263
51 108
70 270
225 376
227 354
93 362
239 393
99 223
3 141
28 296
99 238
185 249
126 146
246 317
246 318
277 313
50 278
362 378
52 278
81 185
246 261
3 87
51 399
228 374
147 363
143 213
114 313
124 280
185 215
28 276
112 197
74 156
58 99
147 394
40 138
163 217
32 381
179 381
181 309
39 157
185 307
246 321
307 313
59 209
183 263
183 321
128 157
274 394
