28.881086
1
74
1
18774
12 50
16 189
70 182
180 196
104 208
131 238
203 218
220 280
259 280
24 218
125 280
40 260
40 182
218 296
148 279
95 242
17 88
190 287
141 163
82 212
65 242
68 96
70 212
150 179
45 133
46 279
154 242
55 287
54 226
52 176
225 275
14 179
206 226
109 163
33 287
207 226
59 275
28 279
28 133
113 275
116 176
40 119
128 292
43 251
237 274
275 284
128 196
99 233
279 299
43 72
133 273
136 164
96 165
128 248
176 268
179 247
88 239
163 236
96 129
163 232
128 267
133 295
241 258
212 286
12 210
10 149
106 187
11 219
0 71
6 235
89 144
10 194
112 210
8 85
211 216
169 187
91 161
39 254
86 117
83 200
35 285
34 74
32 90
31 142
168 200
257 285
29 78
1 161
1 231
25 110
2 290
23 110
22 210
21 140
3 79
67 76
51 87
97 135
53 174
48 174
47 62
44 77
57 140
58 105
69 219
13 217
197 199
66 288
63 219
193 216
16 254
93 192
98 217
97 103
191 235
15 160
60 76
183 245
102 217
59 160
205 288
41 243
56 115
49 147
41 137
49 145
37 291
49 131
56 108
18 198
164 245
56 249
18 121
194 281
18 172
78 201
5 278
5 101
71 276
142 222
142 265
144 256
85 175
152 253
155 199
122 288
156 216
77 146
76 84
74 238
74 80
73 246
73 181
73 94
37 228
71 264
174 293
77 184
62 269
62 139
92 240
92 189
92 104
90 224
90 100
87 294
78 214
79 186
79 250
260 290
117 252
117 229
114 261
114 237
114 195
85 188
26 120
26 213
110 272
107 208
107 173
159 263
105 277
105 215
233 235
159 271
160 227
107 178
135 180
135 151
103 119
26 267
132 295
41 258
132 255
37 232
218 280
20 124
112 170
148 202
157 206
4 7
19 157
7 156
75 122
143 155
166 269
124 209
136 218
42 218
81 286
9 255
158 221
212 241
176 241
64 96
38 88
136 226
133 289
30 40
40 149
280 283
43 103
64 216
64 210
64 123
64 105
43 283
99 230
99 266
42 200
42 162
99 283
42 85
111 242
74 274
37 241
99 153
38 152
117 274
123 262
96 177
134 287
77 223
76 136
73 223
234 241
167 289
223 231
136 204
138 275
162 223
179 297
288 289
130 135
185 235
107 138
126 138
111 297
110 171
160 244
192 244
130 217
134 140
134 204
134 285
49 171
144 153
79 171
87 103
87 138
167 171
90 177
5 230
40 143
153 187
56 283
61 114
61 142
9 280
18 111
27 126
27 219
27 174
30 78
71 153
36 179
226 298
81 88
282 289
118 176
124 274
127 262
159 202
36 140
127 266
187 270
166 170
158 270
