9.792408
1
46
453
635
179 198
73 234
69 121
159 195
88 130
34 93
21 114
152 190
127 240
167 170
61 207
78 129
5 104
43 104
81 120
14 98
123 211
0 7
100 180
67 243
142 210
139 154
64 187
63 93
103 128
42 204
241 243
166 208
102 136
17 210
42 154
142 172
1 110
46 219
127 139
126 230
61 180
211 230
206 215
170 236
6 65
7 249
73 141
70 161
5 53
45 176
88 190
57 237
79 93
96 136
93 141
76 128
50 177
72 145
40 211
149 191
15 170
10 165
86 244
46 165
129 244
86 230
40 105
149 237
75 198
132 240
27 225
12 31
49 59
144 204
205 211
22 93
181 219
28 185
77 190
134 208
57 238
154 208
1 156
163 186
171 238
56 186
16 25
156 167
26 208
36 106
177 186
143 170
145 168
91 189
41 176
29 121
109 121
98 230
150 161
155 204
43 180
37 154
9 97
122 137
47 177
84 186
8 35
6 31
31 168
182 198
42 146
24 97
120 225
124 215
35 117
30 204
39 211
25 172
190 249
3 86
121 154
71 96
50 195
38 42
130 210
19 147
34 198
85 189
111 129
79 210
76 147
48 154
11 80
114 225
72 104
48 75
135 207
20 159
12 33
97 231
68 231
92 105
90 187
129 201
103 108
95 162
44 170
28 198
89 161
10 137
97 243
47 215
44 234
101 231
181 210
89 142
184 231
13 240
62 176
70 225
91 145
174 231
18 110
14 198
158 172
162 180
60 171
80 249
106 172
138 215
108 249
84 90
24 236
54 146
233 243
173 191
53 96
2 208
119 206
51 65
4 7
96 202
176 202
32 201
214 218
82 85
166 178
87 249
106 160
97 99
122 197
121 228
172 199
185 248
33 164
98 235
74 86
183 191
95 116
59 133
96 125
180 194
94 123
121 140
10 66
23 35
188 191
31 157
122 200
96 183
161 212
115 218
146 193
1 52
35 192
26 133
29 188
7 58
38 83
177 229
145 148
2 115
105 131
142 153
98 151
31 245
145 196
185 232
81 220
1 227
146 169
19 118
86 209
25 113
122 203
122 223
185 239
18 213
189 246
161 226
19 217
98 112
10 107
7 55
104 242
1 222
106 247
19 221
192 193
99 229
208 224
4 216
32 175
