1.458056
1
30
0
1548
26 116
78 160
94 151
80 143
81 171
44 72
84 178
44 68
85 112
86 125
45 71
42 56
88 145
88 170
89 111
90 142
93 177
47 166
46 132
95 128
96 101
31 118
28 196
29 114
30 53
30 175
31 33
31 69
38 83
105 136
100 115
35 133
35 164
99 101
36 76
36 135
97 171
58 65
58 159
71 181
71 137
71 75
60 148
60 149
60 182
61 67
71 191
70 101
62 152
63 66
67 129
66 132
63 168
63 192
64 97
50 144
0 130
82 118
82 83
80 174
49 94
50 68
50 127
51 61
51 104
52 96
52 116
78 98
77 180
56 92
72 108
117 172
17 85
16 198
16 139
4 155
15 49
161 189
15 32
14 196
14 119
115 157
159 191
133 190
117 152
17 184
119 120
119 146
125 134
5 179
125 131
124 126
123 176
152 166
154 188
11 138
10 148
142 168
0 195
110 113
24 128
22 107
22 30
9 45
21 38
1 23
111 199
113 123
1 126
135 194
113 160
2 86
174 178
19 142
2 130
3 180
7 44
7 23
136 184
18 165
4 143
177 193
141 185
150 169
140 196
159 197
108 161
65 105
65 125
177 186
173 188
162 197
76 197
158 197
156 158
73 108
74 87
74 198
97 109
98 183
115 142
114 135
101 129
101 156
102 104
103 163
97 108
106 111
106 138
106 193
106 196
107 185
109 196
140 142
139 187
128 153
84 122
79 187
122 163
121 152
88 113
88 153
91 105
10 138
12 180
12 183
13 55
13 103
18 105
20 41
20 150
25 147
25 159
27 57
27 121
30 167
30 176
31 106
31 169
32 54
6 196
5 87
6 55
34 135
8 34
8 173
9 172
48 65
48 79
54 115
56 73
57 113
59 147
60 141
37 138
39 102
40 186
43 138
43 190
