3.361369
18
18
11424
12847
25 36
71 129
71 102
26 129
44 48
10 72
43 81
34 63
40 88
47 94
84 133
27 124
102 137
2 84
68 103
95 103
44 70
9 70
56 70
70 116
57 70
42 94
105 124
65 123
82 84
13 139
39 123
117 130
10 88
19 139
27 95
118 123
76 123
68 75
75 135
38 75
78 115
115 139
23 108
1 136
50 136
63 120
56 134
90 120
66 134
38 131
45 136
48 101
32 55
46 55
40 114
5 97
0 107
41 123
0 90
3 97
97 106
97 135
8 97
11 103
11 122
101 110
69 94
3 24
103 126
24 52
93 139
108 126
128 136
75 93
46 67
67 139
69 136
83 125
4 28
31 99
49 117
49 100
37 49
49 52
45 85
23 83
41 128
6 66
6 34
74 82
74 99
72 74
74 125
61 73
103 109
12 100
20 84
51 107
51 61
7 94
7 92
105 111
111 121
114 119
15 119
62 70
28 62
18 121
18 77
60 132
60 137
96 127
21 89
16 96
96 98
21 81
21 113
35 104
17 33
33 132
4 33
33 80
33 76
96 114
21 114
30 87
30 112
25 30
33 131
85 91
35 73
36 54
54 79
20 30
59 86
29 64
59 104
14 29
59 138
29 53
22 26
22 58
29 91
