2.822477
37
12
18072
28203
21 92
30 38
16 61
12 67
21 90
55 90
57 76
40 87
47 60
54 60
41 92
23 41
5 77
31 35
8 66
33 97
57 97
64 97
14 22
24 56
0 60
46 90
46 79
69 81
66 86
74 97
0 88
22 74
86 88
68 81
5 39
28 39
39 91
39 40
70 78
29 70
11 17
13 17
7 27
7 91
7 12
7 53
35 39
11 44
14 44
42 44
23 44
44 50
13 98
53 98
25 59
19 72
44 84
45 50
45 63
36 45
31 70
34 59
1 34
34 43
34 65
19 25
4 61
4 43
32 89
24 32
45 60
38 95
48 94
48 65
7 68
9 16
9 49
18 73
18 69
51 82
42 51
6 96
6 20
71 83
71 90
6 77
37 83
37 80
47 52
52 93
52 62
15 26
3 15
56 70
15 84
58 75
58 73
2 99
2 94
10 85
10 29
6 95
15 72
