12.169079
1
35
2
78937
29 53
37 132
102 157
52 128
4 56
67 81
53 81
56 155
56 95
56 105
87 94
33 135
102 135
62 135
14 94
40 94
42 110
59 120
47 110
89 93
87 93
126 145
76 110
84 145
20 133
132 133
0 65
64 111
64 144
9 21
26 112
26 119
26 128
19 88
95 120
17 145
120 150
145 149
93 117
133 137
28 80
15 68
21 103
21 38
15 75
15 50
15 90
28 158
35 88
63 146
44 147
34 114
116 125
30 114
22 114
86 147
29 125
46 147
58 129
10 77
32 127
71 77
7 129
60 96
78 96
94 115
11 13
100 138
25 138
46 113
21 97
0 36
63 115
63 105
81 142
125 148
50 127
129 140
127 141
96 136
3 104
51 66
51 131
16 17
43 154
43 107
23 156
16 159
13 27
16 55
13 108
23 143
3 123
73 121
5 6
73 157
5 98
73 79
31 70
31 99
5 83
41 124
18 82
2 122
36 69
2 37
85 117
77 130
56 133
28 56
31 97
25 72
45 49
26 110
75 139
56 91
24 35
65 93
127 142
81 85
43 142
113 142
92 142
41 142
57 130
26 51
39 64
18 64
106 120
8 147
8 114
31 65
65 152
74 145
133 134
8 73
21 118
16 61
28 54
5 61
63 74
1 8
49 56
57 81
72 142
96 106
13 106
3 39
64 109
12 64
77 151
54 129
12 26
23 118
51 151
91 101
63 153
8 24
48 92
