18.464286
1
49
2725
10407
37 99
40 192
65 137
50 234
68 199
139 237
10 124
169 177
184 225
45 217
153 199
17 178
62 176
88 115
93 139
43 99
157 224
21 127
46 192
21 242
131 137
11 165
165 170
98 165
65 138
128 225
25 99
150 153
206 224
77 146
38 233
13 233
147 192
181 217
209 225
214 225
115 122
57 117
108 177
142 194
67 127
69 122
111 199
163 200
167 194
163 217
18 124
62 137
191 234
17 224
10 204
38 120
35 191
34 115
15 147
177 215
170 175
29 194
171 217
8 154
28 233
97 139
59 234
124 189
60 146
3 124
26 127
42 127
132 234
73 173
203 239
54 141
33 141
94 141
24 29
8 229
212 229
92 244
53 244
0 133
50 133
133 162
11 22
180 244
187 222
70 143
106 143
55 121
95 201
102 143
49 143
71 83
83 186
83 129
83 95
96 211
23 214
23 235
35 110
110 150
55 79
7 199
83 141
160 213
116 205
146 246
182 248
168 182
182 222
182 232
114 120
114 121
114 126
194 226
124 226
74 97
1 113
102 205
32 174
26 174
64 174
174 233
15 174
174 219
22 160
82 226
220 234
137 220
24 158
149 244
155 239
78 155
155 200
82 91
27 149
73 91
23 211
107 137
213 226
74 244
90 242
16 47
16 117
136 192
115 136
140 188
47 140
140 179
113 140
5 123
5 234
5 216
5 130
165 193
193 217
144 155
82 197
19 199
1 133
96 161
139 238
161 218
175 223
9 223
143 158
103 201
104 241
104 159
6 104
14 154
14 173
52 134
134 196
61 134
141 238
105 135
66 105
105 181
12 227
227 240
208 227
85 185
48 185
185 243
2 101
101 245
4 156
156 228
86 146
86 233
20 39
20 176
76 215
151 177
76 204
76 230
51 76
90 187
101 203
221 225
27 101
31 141
72 118
118 164
118 248
81 138
125 198
80 198
30 172
172 190
145 172
231 236
236 249
81 148
198 210
58 81
127 202
99 112
84 100
100 152
100 219
44 87
44 183
109 207
36 44
56 63
109 119
56 166
75 195
75 247
41 56
75 178
49 236
75 144
114 140
79 112
7 134
23 156
103 134
104 246
89 182
107 185
23 100
19 227
109 197
151 172
44 89
31 56
198 202
