6.863823
24
34
26
5406
39 80
168 204
41 100
48 233
187 193
182 193
163 238
141 230
141 217
39 217
148 217
22 193
136 161
166 221
206 212
95 212
157 212
96 216
35 240
11 240
195 240
22 172
145 172
70 231
48 231
231 238
61 231
54 199
103 199
16 199
102 143
129 143
153 210
131 153
61 153
113 150
93 150
121 241
119 121
9 121
25 121
189 237
180 200
111 194
167 194
194 207
42 124
100 125
110 125
128 223
75 223
45 223
223 248
116 133
63 191
140 191
52 191
88 90
32 88
73 88
196 249
136 249
59 248
6 91
91 122
6 146
69 146
160 234
55 160
89 160
128 160
105 123
105 214
105 181
114 227
67 227
97 101
101 106
69 101
93 159
25 184
76 184
80 130
4 130
130 241
8 37
37 119
1 18
197 217
147 246
147 181
57 120
46 57
10 192
49 51
51 193
81 152
149 201
94 162
87 137
137 190
137 201
3 162
3 71
3 112
49 104
104 111
5 126
2 18
0 2
54 169
29 132
42 224
36 224
224 232
8 135
74 204
82 87
218 249
33 62
62 171
109 220
220 239
77 220
171 220
176 229
84 114
84 230
24 154
88 179
5 86
86 182
115 155
108 115
115 166
98 221
29 218
38 67
38 226
184 229
179 184
216 236
158 173
158 206
236 240
78 172
188 244
144 172
137 240
130 188
12 121
198 213
139 249
121 175
56 200
164 199
125 215
212 222
53 79
79 85
99 151
151 186
151 247
79 235
79 202
94 172
58 212
30 185
66 143
117 208
213 249
64 174
175 228
66 170
127 194
160 174
12 56
66 125
66 223
164 185
3 43
118 170
60 225
192 228
68 153
133 149
28 143
59 127
60 147
58 231
13 46
13 71
68 208
138 163
40 138
1 130
31 126
72 124
117 209
137 244
81 225
17 139
65 189
65 219
28 177
47 180
47 203
64 224
7 243
7 145
183 237
118 209
74 237
72 101
17 177
44 96
44 168
107 130
21 242
142 233
34 83
34 41
14 156
19 20
156 165
23 134
20 134
26 142
20 211
50 154
50 92
147 222
21 169
135 178
160 245
107 242
98 105
191 220
82 147
15 62
24 191
159 205
27 31
62 183
79 197
151 245
23 178
156 205
27 156
