22.693766
1
52
2
4174
23 89
24 100
3 44
49 133
128 146
108 160
117 127
17 186
106 145
111 145
100 145
142 198
195 198
120 165
93 165
23 198
69 165
8 39
22 36
70 81
45 144
47 144
81 186
81 157
144 164
144 199
116 122
94 116
116 118
116 127
113 149
43 110
40 128
43 119
7 189
43 147
113 135
7 64
113 126
7 62
25 162
24 56
37 86
50 107
89 107
41 185
12 162
143 173
60 86
61 177
161 190
124 177
35 56
5 192
4 86
174 192
172 190
183 190
169 173
42 173
97 177
98 136
59 148
58 140
13 29
139 166
74 95
77 123
83 166
65 148
26 104
129 152
10 95
28 29
18 152
38 136
66 104
52 73
19 123
6 140
39 101
44 115
22 103
20 48
54 85
102 156
2 55
87 90
113 193
40 101
3 138
2 11
107 151
56 105
152 197
166 181
104 121
95 168
123 141
148 160
73 117
73 175
136 180
140 194
29 137
103 134
115 125
85 155
85 196
90 114
90 154
115 153
48 71
55 92
55 109
103 133
156 167
156 182
48 67
16 179
34 171
34 191
27 80
15 131
51 53
27 188
32 94
16 17
27 31
15 72
32 68
51 99
16 170
51 57
15 163
34 96
32 88
21 108
138 176
21 84
192 193
36 145
7 145
68 91
112 165
39 43
11 145
36 95
75 162
40 190
39 79
75 140
75 136
33 123
33 152
16 36
46 144
40 103
150 165
14 198
33 115
30 113
112 187
46 112
1 36
33 78
116 150
75 130
43 132
0 40
7 178
56 158
79 177
86 158
30 185
104 158
82 173
9 29
30 90
9 156
148 187
46 166
48 187
107 178
9 32
132 192
15 46
27 82
34 82
51 187
130 158
14 85
1 82
78 184
0 184
91 198
81 159
76 112
33 63
