2.653743
31
11
14
30213
8 88
9 96
44 83
43 47
3 10
35 71
66 67
69 97
54 97
32 97
81 95
61 62
40 62
7 77
41 48
77 88
39 77
52 74
26 86
74 83
65 86
17 18
43 74
18 30
1 86
16 78
5 90
11 64
13 47
5 13
13 39
13 15
11 34
11 33
2 46
46 99
9 20
20 50
36 81
22 51
8 22
22 94
10 22
21 42
21 92
60 75
24 37
17 56
24 76
23 24
12 24
56 72
75 96
32 56
56 85
55 59
55 99
55 82
4 55
2 45
49 71
23 49
68 72
54 89
89 93
29 76
42 91
31 79
31 94
53 60
4 53
0 85
35 48
35 98
97 98
25 67
35 80
36 97
6 97
77 78
70 97
58 64
58 61
91 95
74 84
19 35
11 84
57 63
87 97
38 80
25 63
14 38
6 86
22 57
11 70
14 55
28 45
68 73
27 73
