25.192769
1
74
4
12466
14 86
108 195
55 210
78 170
0 51
75 118
279 317
18 49
32 246
93 242
262 338
133 339
163 259
83 286
79 286
26 286
183 306
151 187
243 326
256 268
152 307
169 286
219 344
87 286
79 125
120 125
105 125
55 180
75 214
91 214
53 214
210 249
209 249
82 180
23 182
83 254
218 344
319 344
323 344
280 344
0 11
23 36
293 336
49 212
175 324
115 336
166 324
223 336
16 275
21 275
40 228
171 275
16 202
140 202
69 202
190 228
124 228
125 245
214 218
214 318
180 241
98 297
93 121
59 114
25 267
220 267
1 297
42 276
22 276
48 64
182 227
182 340
182 196
88 110
64 82
36 66
36 193
11 18
11 178
11 258
36 97
11 191
89 319
205 212
207 212
212 222
300 324
202 306
60 325
102 273
260 273
80 325
32 325
134 273
76 285
9 52
128 265
12 265
121 197
114 233
114 348
121 255
276 295
267 291
297 338
98 281
189 261
44 204
195 281
70 179
39 204
84 199
234 261
259 281
149 261
6 301
156 179
150 176
146 176
111 179
85 204
86 199
136 199
35 301
64 187
170 173
74 173
110 169
110 347
62 292
62 296
66 129
2 132
2 126
129 294
129 177
129 168
2 163
2 27
3 50
76 90
108 131
164 263
65 139
230 263
78 334
155 334
51 77
232 326
232 317
232 246
81 289
81 109
81 103
138 154
211 247
17 123
33 47
100 206
159 161
52 87
133 174
144 148
186 345
19 309
279 345
63 148
112 174
116 330
53 216
24 216
258 265
103 122
28 304
94 217
134 185
62 145
311 315
90 235
225 327
139 328
131 200
139 151
132 225
290 311
131 341
50 320
225 257
90 143
50 242
125 282
193 334
77 229
77 181
249 282
206 248
206 299
47 236
137 141
137 215
137 280
154 165
154 329
31 284
161 240
247 283
47 251
10 313
68 333
57 198
10 252
10 256
67 192
67 221
71 160
68 323
68 335
71 152
57 207
123 243
123 343
161 203
57 208
272 286
7 37
95 162
30 309
7 188
8 278
119 239
7 127
38 58
8 72
119 316
99 277
119 298
95 268
296 330
99 172
95 237
135 253
99 224
135 307
135 302
38 339
38 213
36 336
34 194
61 180
13 15
263 288
184 331
13 92
73 183
73 271
11 297
89 297
121 282
71 269
247 337
81 254
64 314
228 267
8 322
61 275
88 96
254 281
63 238
59 310
232 275
36 43
147 344
28 282
61 129
15 244
92 332
312 332
167 180
43 114
184 194
217 254
125 346
254 321
54 214
153 324
274 290
45 300
303 331
184 266
95 314
38 314
135 314
104 226
5 30
130 205
107 282
182 231
153 202
153 228
264 286
270 314
20 89
89 142
201 276
67 226
123 226
47 226
61 119
305 322
238 269
250 267
46 145
46 288
5 337
185 226
110 158
41 62
81 101
201 285
117 232
199 201
8 272
249 349
249 342
184 349
56 265
4 104
29 249
176 231
54 204
161 201
142 261
158 179
250 263
31 185
244 314
77 106
106 247
154 287
206 266
41 99
153 308
7 56
130 276
287 308
301 310
122 157
113 274
45 113
