16.036510
1
71
2
5107
183 315
1 91
28 197
99 207
36 53
82 100
223 261
106 260
312 317
42 265
2 296
40 198
154 182
95 357
283 347
49 248
54 306
128 342
243 251
105 388
124 364
71 364
35 274
186 212
268 399
283 384
323 384
104 384
123 399
26 384
25 158
93 103
320 346
258 346
315 346
60 313
1 172
57 103
52 272
170 334
17 79
86 108
212 226
212 251
106 361
271 309
57 309
303 309
164 361
284 361
289 321
58 266
28 321
25 266
173 280
288 321
134 280
4 280
118 361
234 399
49 322
223 322
74 155
40 398
137 200
204 295
316 396
59 276
50 233
35 396
194 295
88 233
87 200
86 276
9 64
333 398
52 155
312 322
112 295
311 313
172 238
103 150
103 105
158 239
152 172
42 114
81 383
82 358
21 69
29 157
30 269
122 358
39 44
144 336
74 121
79 244
48 94
48 152
48 211
313 352
227 334
174 286
16 215
225 232
125 151
125 381
125 243
290 386
272 352
93 376
170 391
83 391
6 32
6 31
50 78
2 43
59 254
212 229
208 309
266 393
68 138
155 248
64 101
363 398
172 340
79 367
69 116
358 378
27 182
336 349
69 199
114 292
157 234
44 314
44 380
114 338
157 369
157 373
160 330
27 368
138 287
269 387
160 265
27 65
383 388
80 294
272 298
48 177
180 360
215 282
126 147
126 130
215 296
286 324
77 214
232 374
232 343
180 305
180 264
15 395
203 395
183 395
109 278
38 113
368 376
38 187
286 386
38 210
6 355
92 148
153 185
197 253
99 291
95 291
110 148
149 185
90 253
36 291
84 263
20 261
184 191
45 213
19 191
7 246
76 89
136 240
13 213
66 127
206 240
63 227
37 176
20 55
189 311
3 12
132 209
96 129
133 392
100 392
53 146
71 146
54 293
123 293
255 270
21 237
207 371
11 139
10 353
166 394
60 178
164 216
153 318
154 161
120 128
155 201
269 294
114 298
138 175
336 340
69 156
77 344
126 230
38 229
185 281
148 198
253 351
213 375
89 102
127 224
246 307
37 177
140 267
142 300
12 279
12 47
142 242
209 250
129 169
129 245
145 302
145 217
145 337
252 293
14 370
14 365
308 348
22 256
62 98
62 205
22 85
62 218
278 348
158 212
257 389
14 326
216 363
161 163
277 331
371 390
264 277
65 192
192 235
190 252
270 357
108 274
143 306
46 382
97 111
97 257
220 273
120 356
75 347
221 342
75 84
46 208
79 346
191 319
89 156
240 379
209 304
222 346
78 364
121 212
119 319
220 267
119 230
143 241
194 259
255 397
30 329
29 228
323 354
200 399
321 334
125 280
64 334
80 276
334 358
79 336
44 108
189 384
34 383
34 138
222 398
34 126
48 263
34 286
167 334
73 290
6 140
64 266
256 332
282 299
302 335
213 274
331 385
139 364
209 274
318 364
269 398
131 308
135 162
61 326
301 364
109 121
295 350
117 276
290 291
157 350
202 399
0 384
158 341
172 193
249 313
254 328
33 344
41 355
107 175
165 304
8 108
5 108
125 389
196 272
135 379
131 241
72 125
18 34
108 262
6 362
51 361
14 121
168 396
200 310
233 362
179 322
114 366
77 237
336 339
232 249
109 377
180 285
77 193
109 219
215 301
70 231
231 327
63 181
73 327
24 117
56 274
212 385
23 313
41 172
67 290
115 272
240 339
127 179
129 196
142 262
12 195
6 247
0 62
195 293
72 145
178 353
219 236
366 394
51 221
159 396
297 322
295 372
233 325
275 383
77 141
171 215
188 232
328 345
127 332
246 297
142 359
