12.583491
1
55
8
12889
20 124
37 64
0 159
40 173
2 173
54 173
40 94
48 75
71 282
142 282
122 282
20 282
172 180
46 180
25 180
127 180
77 118
90 118
145 196
25 118
112 237
75 237
124 202
12 250
57 202
105 202
148 250
29 228
1 188
86 188
121 226
37 161
159 161
11 226
79 116
44 128
10 116
108 128
96 216
111 222
57 243
26 216
9 243
157 216
0 291
99 250
28 179
94 238
69 290
154 298
175 190
142 255
139 164
118 275
196 295
196 233
62 85
104 136
38 50
45 250
227 275
42 114
42 45
94 225
224 237
18 168
17 223
36 292
87 245
88 285
267 292
14 285
3 245
110 168
259 292
48 223
28 168
147 285
224 250
116 155
128 152
81 89
12 103
78 91
84 177
244 291
171 207
167 251
5 251
59 247
100 247
234 249
173 254
107 141
68 248
146 248
33 263
49 263
135 195
41 176
164 174
140 225
50 137
85 290
50 74
136 162
136 190
138 188
128 199
198 261
198 210
175 231
7 27
111 158
94 158
223 278
161 209
136 257
138 291
140 263
177 217
163 181
52 299
89 213
91 129
103 184
177 281
91 169
52 83
89 133
163 284
103 274
243 262
222 293
247 276
8 131
44 125
51 220
30 197
66 227
71 197
101 220
67 95
177 224
164 286
176 296
263 270
195 298
176 249
235 237
91 280
85 262
72 204
8 50
148 201
231 234
24 228
154 182
61 266
13 266
76 92
29 34
103 215
163 187
113 237
27 203
200 277
66 260
27 253
56 229
4 240
66 207
56 194
4 132
95 99
200 208
52 163
43 140
82 97
131 235
42 70
65 161
64 73
219 226
94 288
126 173
24 107
8 209
185 269
43 150
43 120
43 165
185 212
23 291
23 216
195 297
42 242
27 225
82 193
196 246
118 166
201 243
10 153
30 170
9 183
61 93
105 115
26 93
147 192
125 257
5 21
188 288
158 251
182 294
92 141
53 275
158 279
140 160
170 196
226 239
226 258
161 214
98 199
116 252
15 116
126 128
35 224
236 279
82 218
130 224
101 271
13 31
102 117
100 272
119 291
168 219
73 265
82 225
16 275
258 275
85 273
6 186
144 255
106 189
106 179
160 230
144 149
52 113
205 247
225 268
134 196
118 256
39 202
97 206
63 188
138 151
42 156
15 198
53 251
34 289
80 161
6 225
16 285
166 292
245 252
58 128
60 216
211 256
109 177
103 287
91 287
98 200
47 89
89 119
214 289
178 244
109 248
164 206
164 272
116 232
52 153
32 85
123 143
198 283
47 56
65 241
117 138
55 205
70 221
264 293
19 254
185 239
232 297
123 248
8 22
72 191
4 22
185 271
31 191
