27.263351
1
91
3
7547
1 26
82 101
55 427
157 239
162 358
121 300
69 439
164 309
205 401
107 374
351 443
333 379
281 396
366 368
68 297
103 297
252 297
172 256
29 256
280 297
249 282
16 282
59 218
206 218
76 448
69 448
389 448
194 375
136 375
24 89
36 89
12 204
250 361
219 361
225 353
131 438
147 156
197 438
0 345
234 438
117 345
65 156
37 345
98 156
106 218
218 323
218 420
208 247
58 209
353 361
158 209
62 253
97 253
232 244
207 247
129 247
205 244
97 260
65 193
107 193
44 354
233 260
56 180
13 416
56 370
290 296
34 296
20 102
40 416
42 72
192 262
88 170
115 370
105 395
104 170
335 395
155 183
89 128
89 396
114 196
83 135
358 365
256 413
50 122
115 144
59 80
192 248
13 74
32 407
32 291
256 297
282 367
20 344
94 118
47 99
47 150
94 360
47 163
94 446
47 318
225 364
94 173
361 392
172 391
2 53
345 363
209 227
253 339
244 273
375 413
260 333
354 390
150 354
260 307
19 305
75 430
284 430
48 430
134 305
370 415
179 444
102 386
170 324
416 423
370 440
86 183
296 320
183 325
102 137
72 73
180 269
61 179
262 275
204 294
135 368
196 379
139 174
196 235
139 295
135 348
231 381
316 398
6 398
206 398
14 381
350 365
4 327
220 404
167 308
215 425
157 404
3 404
332 425
111 169
355 432
255 371
271 327
198 432
326 327
96 216
84 371
121 306
108 268
26 169
159 268
60 432
195 308
54 216
52 306
91 169
72 229
74 336
70 130
70 439
122 238
70 186
70 182
122 311
74 149
74 189
32 242
127 330
301 330
225 421
283 419
165 387
214 341
31 419
5 132
49 321
152 246
110 175
15 356
138 321
28 338
27 43
101 175
100 387
9 341
292 435
68 223
349 435
151 362
10 428
226 436
10 61
226 433
226 429
151 352
151 309
149 344
10 366
124 125
176 188
93 190
203 229
156 274
82 200
2 148
171 264
112 372
164 372
140 148
88 264
125 310
109 228
161 424
38 288
182 305
262 357
170 418
180 357
18 23
261 289
55 71
95 222
210 277
135 441
257 381
306 351
216 401
308 402
268 412
371 374
347 403
338 369
223 443
223 337
321 417
246 383
132 177
356 411
175 359
435 447
43 378
387 449
341 384
302 328
314 317
17 199
188 272
17 237
22 187
314 406
90 340
22 394
190 201
125 422
90 224
190 270
142 382
142 281
142 254
200 350
285 376
285 410
285 331
67 297
168 380
289 293
23 106
407 409
118 168
94 448
11 86
46 162
46 259
33 81
414 434
141 287
33 123
120 263
230 400
141 300
256 266
246 328
132 403
43 242
94 154
154 225
10 282
89 247
200 322
80 375
266 448
71 319
277 312
72 154
226 375
95 146
45 393
167 184
12 346
5 431
124 184
9 126
214 385
159 445
114 313
21 209
51 367
230 441
212 418
75 265
6 217
0 7
39 329
310 393
103 145
160 279
196 225
25 334
21 179
212 297
119 204
193 262
144 438
122 253
139 395
209 266
102 347
248 296
293 385
364 445
53 247
203 395
25 180
244 391
347 405
74 266
211 282
81 153
10 248
260 286
63 257
38 296
109 347
30 89
334 397
347 430
25 161
151 286
154 213
32 143
204 377
278 334
241 334
248 327
225 409
245 299
279 294
145 312
47 181
47 303
80 387
169 203
302 404
144 435
41 432
119 221
63 322
92 319
203 419
25 356
17 80
144 190
414 438
156 377
202 345
245 297
22 302
178 183
211 354
170 426
166 193
51 183
240 416
87 370
248 276
8 80
144 442
77 405
243 266
122 185
222 302
116 203
256 258
133 226
25 85
41 408
66 437
66 191
78 282
267 282
67 236
221 304
251 330
175 251
64 448
398 437
113 381
204 343
133 425
334 388
85 330
241 338
240 341
202 321
57 154
32 298
188 278
90 113
125 185
87 314
142 426
120 251
166 285
193 373
191 408
35 395
179 399
79 416
92 354
151 153
146 356
329 419
188 342
303 315
7 217
