-1.012049
1
11
0
3210
93 96
47 67
55 69
3 6
17 72
21 43
12 28
20 64
20 35
50 80
18 48
17 78
16 80
16 65
16 26
14 56
13 34
13 33
12 93
59 64
36 86
25 67
38 61
35 52
34 82
33 42
40 62
31 45
41 43
41 87
30 61
46 75
43 83
25 48
24 25
23 88
23 70
45 87
22 65
22 59
77 91
2 47
2 51
73 98
79 87
2 76
3 46
4 23
70 90
6 85
4 42
5 53
5 40
5 37
5 32
1 88
62 74
87 94
10 73
9 75
9 32
8 55
2 27
8 51
66 79
81 82
43 71
39 66
42 78
87 92
39 44
23 60
68 85
61 84
58 81
63 87
57 97
56 63
54 84
54 73
50 89
71 77
49 95
49 58
7 68
12 92
12 29
11 99
11 73
7 95
2 57
0 43
0 36
31 61
25 99
25 60
19 44
16 87
15 90
