8.520409
1
44
0
1054
81 230
47 204
168 173
29 50
128 231
9 122
87 149
115 116
172 201
161 217
93 148
79 155
92 213
91 124
90 227
90 117
86 205
84 126
83 98
76 236
93 234
94 140
95 248
96 98
96 113
96 121
97 193
97 200
102 119
102 230
106 141
106 147
106 224
107 183
63 184
50 196
53 151
53 170
54 146
56 216
56 245
57 152
58 216
59 99
59 128
59 158
61 106
61 112
62 242
78 223
68 152
68 232
70 141
72 88
72 133
73 171
74 242
75 154
75 174
76 150
76 231
110 218
78 146
173 209
145 164
146 228
149 169
150 222
155 225
157 187
162 218
164 246
165 177
166 238
168 205
169 211
171 237
143 242
176 179
178 181
180 194
181 229
184 247
196 197
201 221
210 225
213 239
215 222
217 234
240 241
130 161
108 203
109 214
0 69
111 222
114 148
115 165
116 139
120 234
124 131
126 198
129 238
108 181
130 167
131 159
131 172
132 175
132 214
133 191
135 176
135 186
136 248
137 196
137 238
35 94
29 36
13 15
12 206
12 123
11 233
32 127
32 209
10 247
9 194
34 180
8 122
28 192
7 240
7 80
36 39
36 160
37 221
7 49
37 243
38 213
6 163
6 145
16 190
19 41
19 188
18 97
17 90
20 152
17 31
21 211
22 104
22 221
23 165
24 138
48 223
16 118
16 47
24 187
25 102
15 144
15 81
26 31
26 207
27 191
28 158
43 82
44 171
42 134
2 153
2 238
42 199
45 153
46 90
42 233
1 191
3 163
43 147
0 227
4 229
5 127
5 247
49 100
6 82
41 219
195 207
15 67
131 207
14 130
14 96
189 234
207 241
16 220
0 60
232 243
223 232
220 223
125 196
126 127
0 244
130 220
127 185
212 238
12 55
16 65
130 179
208 210
181 244
151 249
152 226
156 219
3 222
182 187
151 220
4 66
7 30
6 232
6 175
171 226
187 208
12 58
6 126
185 218
139 203
142 221
189 213
8 235
151 202
42 52
64 83
64 235
65 72
67 94
40 142
71 76
36 101
75 212
51 72
52 66
55 75
77 101
30 242
96 156
100 138
103 207
105 151
107 170
21 191
112 248
85 131
77 103
33 249
89 97
89 223
91 94
