5.298927
1
25
1
48229
90 96
3 9
72 137
44 94
55 94
66 94
13 94
23 95
82 95
11 116
39 116
63 98
36 69
36 117
36 137
68 106
91 121
96 133
83 138
2 65
22 135
78 81
1 53
31 33
22 57
28 60
14 97
42 138
43 52
21 110
21 53
44 138
10 133
20 52
68 114
36 80
63 131
138 139
81 85
81 105
53 124
33 93
57 74
57 103
97 104
97 118
35 76
32 119
25 56
8 107
7 109
26 29
11 134
13 29
24 77
0 109
28 77
31 136
61 107
111 112
111 122
34 84
41 77
42 79
67 136
62 71
82 109
54 84
78 122
49 102
70 114
60 100
35 131
33 123
33 129
81 129
94 95
17 64
46 48
5 40
4 19
4 12
4 9
30 58
30 86
69 71
5 125
17 90
102 130
112 128
84 126
88 119
37 134
17 92
94 116
5 100
122 132
102 132
45 68
68 121
49 99
59 68
61 113
43 101
34 75
16 55
25 89
95 110
35 95
76 101
87 88
6 37
57 59
65 116
59 97
94 122
15 80
27 123
70 138
53 127
35 60
36 51
45 115
120 121
17 121
59 84
30 135
51 133
46 60
4 120
18 77
68 113
47 127
38 108
73 133
57 89
38 115
50 56
50 87
