-1.841695
1
13
5937
92778
4 94
42 43
26 90
15 82
68 87
20 90
3 81
0 44
76 93
8 33
51 88
68 83
30 70
53 69
8 44
42 71
22 47
39 82
9 12
56 58
42 47
27 70
80 89
51 73
45 54
68 93
27 45
38 39
49 96
47 87
50 96
20 68
10 31
8 53
75 89
12 80
39 54
7 28
69 84
31 58
33 50
5 56
16 49
3 11
55 73
22 65
63 76
0 19
46 71
18 81
35 89
14 27
2 92
24 83
25 92
3 65
42 64
61 89
79 97
16 68
19 28
62 92
88 94
30 57
17 27
1 76
40 76
9 86
67 71
29 84
21 47
11 86
39 85
27 59
6 41
23 47
10 85
17 98
39 66
4 74
95 97
57 78
41 90
68 77
90 91
71 98
90 95
43 74
2 37
6 37
30 48
8 34
3 13
30 36
7 72
3 52
76 99
8 32
3 60
