8.935865
1
36
0
26141
93 128
47 164
9 95
51 88
146 149
142 174
63 193
81 162
70 92
80 106
77 188
73 150
72 192
72 122
71 113
0 141
82 99
82 126
84 112
86 87
89 134
90 118
90 176
91 165
91 184
92 138
92 164
58 76
47 86
48 94
49 59
49 139
50 102
51 113
52 106
54 79
54 177
56 190
68 181
59 74
59 98
59 186
60 121
61 141
63 141
64 72
94 115
66 128
66 197
127 144
114 166
116 198
118 148
119 196
121 140
121 145
121 170
123 151
123 180
123 187
112 182
127 149
130 139
136 194
153 169
153 181
156 181
156 182
168 175
179 198
183 199
195 198
100 167
65 162
94 152
94 171
96 110
96 144
96 147
97 113
97 123
99 108
100 148
93 162
102 159
103 187
104 134
105 146
105 173
105 191
108 188
109 150
111 129
111 135
29 119
21 101
22 134
46 145
23 91
24 56
25 74
26 54
27 48
28 166
20 28
30 45
30 92
31 110
31 116
32 83
32 158
32 170
33 133
33 152
8 85
1 188
2 9
2 160
2 189
3 43
4 71
5 27
7 188
8 11
8 57
10 101
12 96
13 20
13 53
14 181
15 26
16 18
17 84
18 34
18 87
39 186
41 150
37 45
37 167
36 136
43 81
43 142
42 55
43 44
42 94
40 136
40 134
45 183
38 192
46 68
8 103
53 143
120 181
120 127
54 131
119 155
119 124
54 155
107 154
117 143
117 126
55 92
113 157
113 143
113 120
56 131
111 132
56 172
107 157
58 127
143 163
182 185
2 161
161 188
45 62
43 137
4 119
150 163
123 132
141 181
137 139
6 15
134 169
6 94
125 185
62 69
38 78
78 125
67 91
75 198
67 198
35 101
69 178
106 175
106 124
35 172
19 120
102 178
59 91
