20.660083
1
47
1
23122
8 35
29 60
144 169
105 117
103 117
117 165
5 133
4 111
38 94
72 127
8 101
97 111
71 127
71 111
77 133
69 111
58 101
13 133
16 48
49 127
36 95
118 127
48 84
95 160
95 125
94 175
78 155
94 112
101 139
52 113
52 104
52 93
48 67
76 147
52 88
48 145
24 128
131 143
7 27
7 34
24 59
23 177
20 44
150 168
11 54
12 167
22 59
22 25
146 168
15 143
82 172
19 63
124 177
2 17
2 34
90 168
3 27
4 59
28 64
37 172
35 51
1 130
126 137
32 57
166 167
6 63
30 129
29 130
26 129
50 98
10 100
116 167
66 73
68 129
39 47
60 98
74 177
40 172
41 54
31 108
31 70
43 123
128 151
43 169
44 106
109 140
109 122
31 107
128 152
56 119
42 64
27 53
130 141
25 157
25 115
79 158
54 81
51 174
51 99
137 138
57 171
56 136
18 176
18 83
18 75
17 179
17 110
56 149
14 118
57 132
47 156
100 144
62 148
47 159
73 86
64 162
79 96
73 142
63 134
62 121
137 154
98 161
100 120
44 88
79 145
143 147
19 65
85 170
85 153
101 117
9 46
52 89
76 127
78 95
78 133
94 133
80 117
33 94
89 178
73 89
78 91
48 91
76 137
76 98
64 89
101 163
55 76
95 114
18 21
0 63
0 129
14 45
87 92
92 163
17 80
80 102
79 135
91 173
91 128
65 117
59 109
57 114
0 62
21 56
54 164
87 167
135 177
164 172
164 178
25 164
45 168
21 55
21 100
31 80
33 47
9 89
78 85
61 173
61 102
