9.449580
16
45
3560
3606
254 296
119 135
19 142
46 253
25 218
73 238
291 293
129 254
234 287
139 259
73 270
54 185
228 250
97 181
33 45
243 278
30 241
95 214
229 290
144 145
74 228
25 88
96 100
70 85
85 105
59 85
100 160
84 100
92 100
45 223
214 223
134 216
60 141
14 110
3 104
77 230
92 157
132 293
162 280
98 290
115 135
122 281
104 156
177 228
99 293
11 254
26 48
9 157
113 273
4 290
137 222
103 104
38 104
9 110
18 235
74 157
110 188
184 270
90 270
124 145
152 281
96 145
222 294
269 271
176 241
125 273
62 216
84 299
5 254
88 248
197 212
64 216
3 216
158 293
141 216
275 281
201 206
6 177
29 196
29 157
239 275
237 290
0 110
146 213
213 230
213 294
119 213
27 213
180 276
192 276
65 276
142 225
108 225
49 225
93 250
265 279
93 131
109 228
147 153
147 238
43 225
1 211
1 273
111 161
47 121
31 76
106 297
134 161
90 263
49 263
230 263
17 76
153 240
40 216
183 236
236 270
200 241
93 237
128 271
23 93
117 223
72 163
72 298
261 264
201 264
51 264
42 264
27 264
6 128
117 239
57 183
57 112
58 79
58 137
21 53
65 193
193 281
169 209
46 169
22 169
159 273
104 159
23 251
60 126
170 276
148 200
28 101
85 179
179 215
56 71
17 28
69 223
86 178
86 185
93 263
21 71
100 227
140 265
140 274
140 289
48 140
39 118
37 118
118 278
89 230
89 295
89 215
89 210
109 220
13 44
44 52
53 169
112 221
32 221
55 68
189 244
189 265
35 210
241 282
85 282
5 61
61 287
211 219
178 219
143 219
155 212
102 256
101 102
40 240
187 254
187 270
68 148
118 276
267 279
203 218
138 252
33 252
249 274
107 249
31 249
120 192
120 295
150 265
150 297
205 293
82 136
224 232
232 268
94 121
15 94
66 181
66 70
47 219
0 203
12 288
12 261
12 258
12 52
171 235
158 171
56 207
173 196
173 245
155 249
227 232
242 260
242 245
7 242
165 242
204 207
12 204
172 208
172 198
136 172
7 172
24 190
24 163
10 82
139 149
149 182
149 154
18 149
149 277
164 268
87 285
87 115
87 231
87 298
114 190
114 217
50 154
50 280
80 223
80 130
123 285
123 246
8 95
8 78
75 197
75 175
149 249
34 186
116 286
34 151
116 191
34 174
116 255
83 195
83 253
67 83
168 194
157 194
194 292
116 276
20 100
20 166
34 126
226 283
133 257
133 199
226 284
91 133
133 251
34 205
69 226
81 202
63 202
127 272
202 247
36 127
233 299
16 262
2 16
127 259
233 266
16 267
41 167
32 41
164 202
