3.377423
17
15
2887
33689
8 61
15 65
54 91
35 43
16 43
24 92
62 91
74 79
36 38
43 87
73 87
51 91
17 99
27 31
11 38
9 93
33 43
64 92
9 47
22 68
17 96
47 96
30 56
26 83
15 83
78 83
61 69
21 69
83 89
18 57
18 31
22 69
48 49
45 57
45 52
21 45
40 45
24 98
41 81
4 41
41 79
28 91
94 98
19 23
0 85
69 70
0 56
45 85
12 70
5 40
5 67
1 19
1 18
41 48
28 69
84 95
84 99
13 14
8 13
13 58
76 93
43 76
18 41
39 66
11 39
39 80
2 90
2 10
2 50
20 55
20 46
20 81
3 71
3 72
39 89
25 80
25 90
7 71
7 30
2 94
23 39
29 65
29 42
6 75
6 67
53 59
34 88
53 82
34 77
34 73
63 75
63 86
32 37
44 60
38 44
37 97
37 49
12 53
18 34
