2.111881
34
12
54
12888
37 56
25 107
27 88
76 113
67 103
43 99
32 116
86 116
102 109
75 102
3 102
13 102
64 65
34 65
34 87
110 111
42 106
50 105
71 79
75 112
54 97
38 61
54 61
61 111
50 61
66 73
73 113
16 64
36 77
2 77
69 77
14 27
101 115
25 115
100 108
70 108
108 118
23 107
3 41
41 106
12 60
29 69
60 82
82 95
71 82
47 66
45 87
22 37
55 119
20 109
21 90
21 63
8 114
7 98
84 114
17 18
17 65
46 116
9 92
5 97
8 61
61 92
43 96
30 45
16 42
96 116
93 94
44 73
46 102
68 110
18 23
77 80
31 100
31 90
24 112
11 88
0 10
10 99
5 73
7 14
84 117
59 93
77 81
11 103
44 108
6 62
6 119
6 89
15 82
85 91
56 85
28 79
47 80
28 98
1 108
55 72
12 59
40 58
29 59
48 104
58 82
20 94
22 30
78 102
33 53
33 78
24 74
35 83
35 52
51 57
26 51
39 49
39 67
6 108
48 81
4 59
4 19
35 74
19 51
