38.754762
1
99
11
256
110 212
74 246
136 349
183 280
277 398
97 393
432 435
15 337
274 328
42 425
130 371
161 413
27 332
69 194
29 369
8 47
104 141
321 331
191 444
333 444
345 444
386 444
27 368
84 368
300 368
209 311
153 311
216 311
154 358
77 358
138 358
228 358
188 231
34 231
30 231
277 310
245 310
79 310
146 434
197 434
229 434
34 256
123 256
256 372
147 256
242 256
92 201
183 201
181 201
114 445
114 391
3 114
114 192
114 429
204 275
29 275
58 275
291 377
141 377
177 377
72 296
72 394
71 72
76 428
296 428
179 428
209 292
69 421
120 421
56 421
109 421
271 347
74 347
288 347
32 237
237 343
51 237
111 237
17 237
138 412
47 412
308 412
381 433
139 381
261 430
349 430
223 430
299 355
53 299
101 426
103 325
149 325
155 306
327 441
348 449
78 379
263 426
375 441
238 441
160 379
330 426
254 325
267 410
221 306
45 427
63 306
43 427
23 299
207 449
269 379
253 410
266 449
335 427
257 410
171 448
211 298
186 298
298 390
176 314
303 314
159 314
95 316
173 185
173 395
169 173
55 173
70 112
112 200
8 112
87 336
336 394
332 336
120 235
235 416
71 235
146 235
205 415
241 415
408 415
206 282
206 246
25 206
88 384
48 195
88 411
148 327
73 270
270 286
14 270
161 270
89 185
15 89
57 273
57 285
57 215
57 389
217 309
42 309
309 419
40 244
40 239
40 110
31 380
40 307
283 371
283 438
39 382
39 62
39 213
39 418
283 304
31 132
31 135
301 397
22 301
301 443
180 372
91 268
91 151
32 91
193 312
273 312
312 378
6 220
60 123
60 159
60 447
5 60
152 367
172 367
326 409
326 376
289 436
167 436
316 352
41 373
100 354
315 431
212 431
251 345
87 251
19 401
124 338
19 218
23 107
104 140
118 140
140 344
140 356
124 210
19 323
124 432
62 420
175 333
100 133
67 133
133 227
11 295
136 295
295 297
252 281
97 281
281 442
201 292
94 317
18 94
399 414
35 162
94 156
7 402
54 166
83 187
13 28
28 98
86 130
86 234
86 265
305 437
187 324
131 178
187 202
7 329
399 403
342 407
305 396
7 14
145 399
178 351
20 244
143 240
54 319
113 143
178 279
143 359
342 343
50 305
28 392
20 126
35 382
424 439
33 439
144 337
439 440
1 38
1 127
1 118
114 347
16 126
346 393
139 346
6 121
121 405
121 198
93 115
21 249
21 66
21 80
93 137
93 362
280 287
142 422
196 365
10 390
64 308
108 158
313 383
125 339
85 446
68 225
203 224
82 364
61 255
128 313
59 217
158 168
9 12
37 59
68 448
65 413
272 318
203 353
276 320
12 174
96 255
243 276
102 134
117 272
52 158
12 433
81 134
339 406
255 370
49 85
85 195
134 184
65 387
82 194
192 203
236 276
4 82
122 302
122 435
75 129
75 328
164 278
41 99
99 321
2 440
232 259
259 278
119 361
259 294
119 274
95 275
180 310
206 292
292 366
90 368
230 434
180 381
258 444
48 171
206 298
256 385
170 421
292 326
72 208
107 428
26 157
230 237
326 412
298 301
36 381
48 88
88 148
311 363
72 295
90 114
334 430
293 347
39 157
293 381
336 350
72 144
180 270
0 116
180 283
248 426
171 374
10 275
226 350
248 314
250 366
57 116
354 415
388 449
292 417
284 314
148 431
95 133
26 189
124 148
290 306
46 379
24 95
95 439
214 298
341 427
190 235
36 116
142 171
163 410
48 399
247 367
64 171
325 423
150 441
88 404
226 357
322 374
48 196
189 233
140 233
400 415
199 283
0 134
388 436
116 290
309 417
148 259
106 220
46 322
31 59
31 182
106 250
28 334
222 301
54 248
143 248
262 352
373 404
105 247
264 431
284 305
44 385
367 423
170 339
260 436
21 107
360 420
281 340
219 357
175 260
24 341
19 164
264 360
44 163
165 287
46 313
94 150
178 222
158 290
272 340
119 190
187 258
93 182
2 105
255 400
276 363
