36.799879
1
83
2
25116
66 105
98 148
38 107
78 79
70 275
201 223
131 156
117 205
37 65
5 39
5 37
5 154
142 259
91 259
214 259
103 236
123 236
71 236
115 236
5 119
73 277
136 277
17 277
5 240
110 161
12 161
44 101
76 88
11 150
225 259
161 294
47 130
20 202
47 298
20 120
101 184
101 288
150 258
47 180
20 45
95 257
35 268
95 99
95 144
95 174
35 226
35 183
196 229
7 281
203 271
9 246
194 261
212 272
8 248
25 291
27 109
28 262
60 293
33 50
61 251
122 261
135 272
221 261
118 248
40 271
124 251
49 246
87 189
200 281
96 293
148 248
72 246
188 271
153 189
19 262
51 251
94 293
244 281
23 189
105 109
13 262
31 50
265 272
4 291
161 260
78 149
41 182
66 217
206 254
68 218
43 58
36 217
84 276
139 186
71 121
74 149
145 181
164 177
48 141
134 141
62 218
158 177
152 181
86 172
26 162
157 168
59 186
92 121
46 58
53 162
107 168
185 254
156 182
150 260
63 147
70 106
21 77
6 127
3 112
2 85
1 64
14 22
55 129
29 93
24 173
42 69
10 16
97 108
81 128
163 210
35 235
231 278
79 274
176 256
76 299
56 111
223 256
30 274
38 274
98 111
109 255
229 291
50 117
254 266
168 191
182 213
218 220
121 178
186 290
177 227
276 282
181 287
141 201
172 285
217 238
58 283
162 279
174 276
149 286
69 243
77 104
69 225
93 289
106 250
93 138
128 170
147 190
85 233
85 241
106 116
22 216
22 209
166 187
129 198
108 193
108 165
147 270
16 269
16 67
52 252
54 263
54 167
54 65
210 245
52 292
52 131
64 132
64 146
210 222
128 247
129 143
112 171
127 197
166 232
112 155
173 205
173 273
127 237
77 239
125 228
179 234
89 267
179 204
34 75
34 169
34 264
125 137
89 280
125 195
166 278
179 240
89 235
15 199
175 199
5 151
164 208
227 284
116 208
101 277
47 88
88 150
101 196
151 231
5 80
236 295
88 182
83 277
231 291
196 281
140 161
168 231
58 231
181 196
0 151
151 211
113 151
18 88
35 230
196 253
57 95
0 293
219 271
159 262
114 189
0 162
261 297
211 246
207 248
83 251
147 296
141 160
140 186
100 219
127 295
114 254
218 242
64 295
177 211
217 242
83 172
85 219
32 276
108 159
32 128
90 114
16 211
219 274
224 272
207 296
159 299
160 173
296 297
50 249
82 106
82 90
80 109
77 82
69 207
22 297
207 210
93 242
112 114
125 140
83 102
34 82
102 140
18 296
166 249
80 129
90 230
90 133
54 57
52 224
192 295
192 242
150 215
20 215
199 297
113 126
