17.364286
1
50
5195
9808
103 230
53 140
55 128
28 187
17 187
20 229
34 52
124 209
12 249
95 220
21 103
0 229
71 243
80 121
34 121
63 165
198 247
65 222
155 240
236 246
118 162
18 126
51 126
88 217
60 217
158 186
118 121
122 229
176 249
38 204
136 140
63 249
181 243
18 209
84 226
20 247
27 33
104 204
122 157
41 187
35 151
17 134
99 103
120 204
91 124
92 246
220 244
15 167
56 212
23 33
2 33
70 92
3 229
226 231
105 231
77 92
140 224
109 231
139 163
128 220
112 147
110 120
138 212
126 202
100 167
153 184
1 184
27 81
87 187
134 193
98 154
115 137
98 161
68 161
41 152
132 152
83 152
90 103
161 202
199 222
66 199
61 229
11 61
110 130
6 130
130 164
143 145
90 152
37 79
37 195
37 55
37 197
102 151
75 102
125 142
69 142
117 142
37 100
172 224
142 143
116 184
172 184
142 152
177 225
225 232
32 72
72 147
72 139
174 221
221 237
65 221
94 144
52 144
144 217
67 144
144 163
169 236
169 240
44 169
113 177
113 150
113 213
113 243
81 191
47 166
121 149
92 149
81 221
137 191
156 175
29 175
165 175
162 175
75 188
220 228
131 195
37 142
126 135
135 223
22 171
22 140
22 204
107 161
47 87
148 194
56 148
148 223
57 123
54 57
36 57
57 71
82 85
154 175
86 218
86 166
78 131
170 180
67 170
107 130
13 48
48 111
48 206
12 48
196 238
75 196
22 58
119 239
238 239
201 239
157 239
239 245
115 210
210 234
97 217
57 58
85 193
130 228
113 160
25 235
25 178
78 239
31 235
31 185
4 31
106 158
66 106
106 200
207 249
10 197
10 211
33 192
73 189
73 241
8 203
8 101
73 96
9 11
9 179
64 129
74 129
129 190
5 219
26 112
7 233
26 50
219 248
7 119
62 219
127 243
127 182
19 141
14 19
45 208
205 215
168 205
205 242
46 171
40 155
30 165
42 231
16 173
30 59
24 183
19 43
45 49
173 216
39 227
40 76
39 108
45 186
24 146
46 159
173 214
40 133
30 114
46 93
24 138
31 160
22 221
42 145
39 116
89 144
8 188
73 207
129 192
8 219
89 205
19 42
42 173
