58.609399
1
127
3
14730
20 422
160 220
55 95
63 156
23 226
66 317
273 359
289 413
151 369
279 363
224 420
182 346
162 314
248 346
89 314
289 314
56 421
385 421
31 296
32 296
258 296
238 421
38 107
106 293
81 107
206 293
44 72
8 203
3 84
3 310
3 215
3 115
324 346
346 432
296 417
293 332
107 369
84 194
194 357
194 308
6 447
61 447
72 159
203 276
72 101
251 428
203 404
72 316
286 426
160 426
80 426
55 250
172 250
126 250
3 326
225 431
239 387
129 166
299 412
393 438
368 437
136 304
142 331
149 350
67 360
232 448
10 396
124 424
284 304
59 304
301 337
305 366
127 366
139 337
302 431
288 356
155 437
178 405
271 405
240 374
359 412
180 438
280 412
263 366
156 166
264 350
265 374
236 396
307 350
353 438
351 374
237 387
88 360
345 387
111 448
292 360
83 370
185 448
183 331
20 331
23 437
230 424
47 187
49 337
384 424
52 187
168 370
167 431
190 356
367 405
121 165
143 207
119 171
13 63
13 268
13 442
121 324
143 430
50 108
143 157
13 148
66 275
103 275
113 272
25 313
27 191
267 377
260 295
221 242
16 147
2 377
131 381
5 376
222 381
32 242
68 163
219 257
51 214
114 257
46 175
227 295
204 214
70 137
19 175
211 272
138 163
65 137
146 315
87 191
173 270
82 330
60 125
122 270
48 358
247 330
294 358
79 125
85 313
144 315
269 281
198 281
354 376
100 147
91 193
132 188
116 141
158 195
77 128
21 92
186 205
99 192
102 297
43 176
74 98
30 196
15 76
0 4
7 130
36 440
35 45
11 29
41 177
18 164
310 447
123 323
101 356
148 396
187 224
166 209
121 380
121 274
411 415
313 425
242 347
376 445
175 449
257 423
281 282
147 317
381 422
315 390
125 436
214 443
191 383
295 391
163 373
358 397
330 409
377 416
272 342
137 339
164 321
164 434
130 181
176 197
28 386
196 291
196 283
92 266
92 256
297 406
54 255
54 226
297 410
54 96
195 446
205 278
205 340
98 105
195 435
98 311
45 109
45 213
76 120
4 110
29 53
176 372
192 300
128 231
76 352
9 361
9 338
29 414
177 261
128 378
141 334
28 233
177 306
9 184
130 402
4 145
28 363
188 220
188 444
193 303
141 322
192 285
104 201
104 420
338 441
75 244
33 290
153 252
33 403
179 392
179 309
179 210
24 371
73 344
153 249
22 327
22 335
71 399
26 86
33 262
14 312
42 118
26 362
24 57
153 243
93 389
40 388
75 154
12 333
73 413
73 394
71 341
24 199
14 259
40 216
40 254
93 170
169 245
189 320
75 348
169 364
64 97
189 212
189 234
14 112
64 133
42 279
93 228
26 34
71 328
12 251
12 407
42 379
64 235
171 323
169 398
69 95
69 395
270 326
193 274
22 415
21 200
107 421
3 355
17 419
34 200
17 418
107 174
203 355
121 428
143 223
412 428
314 343
39 296
174 438
174 437
355 370
150 380
50 366
374 411
223 304
295 428
293 440
275 411
293 441
50 242
72 253
128 355
346 401
130 223
297 411
188 223
62 421
37 174
119 253
174 441
94 119
119 429
33 50
194 329
218 428
134 203
140 411
152 355
13 329
119 408
152 223
135 143
50 298
94 250
208 350
277 337
277 360
427 431
405 429
78 448
424 439
318 387
1 396
175 253
275 441
343 376
39 315
90 147
281 400
90 330
94 125
191 400
313 382
214 349
272 349
377 439
381 427
163 287
257 375
137 202
1 358
39 195
229 426
177 208
4 90
205 287
382 440
141 349
229 331
336 356
193 202
62 187
78 164
45 439
196 382
76 287
192 202
1 54
169 343
26 208
37 58
94 153
12 400
37 78
14 429
24 318
75 318
78 189
42 375
73 429
71 375
58 179
58 93
58 64
22 277
287 319
39 241
37 246
134 176
29 62
98 401
92 135
140 318
208 298
161 400
433 439
202 433
40 336
117 349
319 365
161 375
1 117
241 325
218 325
150 314
17 440
217 246
217 365
