49.264286
1
113
1053
6236
50 183
17 21
237 325
227 351
9 342
142 248
68 430
196 408
355 433
63 178
339 347
154 178
226 270
37 436
235 408
349 411
214 433
67 393
176 335
307 365
44 175
102 430
81 404
244 270
203 412
37 408
35 404
285 375
7 429
7 290
79 398
416 441
360 383
239 413
119 296
163 365
188 397
185 437
229 435
101 138
287 404
47 325
76 305
286 290
3 296
311 371
151 433
0 354
159 288
272 384
61 413
232 384
31 365
164 342
20 248
137 398
207 384
139 351
13 159
142 359
55 296
327 342
275 393
334 354
225 352
285 305
161 386
24 270
22 437
144 352
62 102
74 347
122 413
149 347
62 178
229 441
278 351
181 430
51 214
16 74
327 334
19 441
40 352
223 354
48 398
117 325
183 437
66 393
64 305
200 248
63 122
157 388
219 388
129 417
417 447
110 417
382 417
51 415
415 449
45 415
222 231
15 231
231 276
168 231
356 407
407 436
125 407
263 368
96 368
126 368
18 145
135 145
16 251
251 370
87 251
220 362
216 362
101 362
160 317
12 160
59 160
52 390
50 390
390 406
301 385
179 385
180 385
32 385
167 280
280 318
71 280
75 218
131 303
34 303
303 375
141 373
85 209
202 209
188 209
228 329
123 153
123 224
123 268
18 271
198 271
271 340
44 271
94 305
94 308
24 124
124 416
201 317
262 379
28 262
262 382
143 240
240 247
240 320
176 300
300 349
30 320
108 353
156 325
127 307
12 127
2 127
77 266
266 353
367 418
197 367
245 367
343 367
351 369
26 222
26 295
26 333
212 243
70 243
243 249
86 211
38 422
211 399
38 184
38 425
211 242
111 358
88 111
111 412
410 433
398 442
441 442
109 386
13 109
346 420
420 437
39 114
39 54
187 432
140 361
140 403
116 347
140 394
187 380
39 391
116 352
187 302
100 132
190 292
90 190
14 190
132 383
190 444
132 255
250 401
199 250
97 281
221 332
191 228
83 297
221 311
120 215
83 308
177 274
107 384
6 213
72 92
378 430
93 173
120 364
191 205
191 440
92 291
8 115
1 97
115 395
97 434
4 338
4 75
269 337
177 366
213 265
107 365
177 343
89 414
60 269
250 439
83 258
93 138
93 279
25 120
92 189
213 336
89 316
269 315
115 208
107 342
221 396
329 368
81 152
152 279
130 194
130 288
130 171
378 388
82 232
378 417
56 393
271 362
5 146
146 175
146 254
69 408
298 331
298 359
233 298
413 424
209 385
261 354
158 330
53 158
17 158
178 431
94 390
11 182
182 421
328 428
304 306
260 363
155 273
174 195
344 427
150 322
36 195
217 304
312 372
103 328
322 389
133 141
133 293
58 371
58 319
46 148
148 161
10 80
43 296
80 435
323 377
283 310
236 283
106 322
309 357
165 377
256 260
206 294
195 238
91 312
104 283
112 312
147 260
73 328
80 445
273 381
294 313
99 344
23 172
377 402
267 273
309 335
304 397
172 376
32 58
294 411
65 309
113 133
270 446
290 446
78 90
84 204
84 448
21 84
78 277
57 78
404 423
128 438
41 252
49 259
192 234
128 162
49 105
192 289
95 264
128 443
41 387
49 136
41 324
95 193
95 321
192 409
29 248
69 415
160 369
303 329
299 303
132 368
118 329
123 240
156 373
201 341
266 373
253 262
98 241
30 201
241 282
166 280
156 271
134 218
186 318
186 421
405 442
56 251
26 373
27 348
27 341
243 282
29 407
94 243
350 400
33 350
362 426
94 169
326 378
257 299
116 209
385 419
284 405
94 116
108 116
201 374
201 314
210 253
134 170
367 442
69 326
156 187
156 392
30 269
30 120
170 257
140 367
115 127
111 257
39 211
43 271
124 172
128 329
240 246
177 410
121 169
345 348
30 294
29 118
42 392
93 166
190 210
38 82
230 266
89 121
121 130
211 345
257 260
69 97
42 344
92 424
158 374
322 374
314 328
213 246
195 314
250 345
121 283
261 312
192 419
273 431
133 345
49 426
127 350
29 377
41 230
95 423
