8.412817
8
29
1
8626
44 57
85 145
49 95
51 122
14 162
23 52
73 76
20 70
36 101
36 179
25 171
48 171
28 87
102 158
102 122
91 134
87 125
147 148
15 60
130 134
111 134
59 60
54 102
23 78
25 87
80 102
35 87
38 148
76 78
78 101
78 175
22 83
41 118
7 69
150 172
0 119
13 162
156 164
163 165
95 109
13 136
84 105
17 64
4 178
88 109
32 128
22 85
22 62
69 163
0 57
97 104
97 110
97 136
98 161
98 179
22 61
34 128
0 27
65 73
7 35
75 128
0 168
1 10
1 46
1 40
19 107
7 71
18 99
58 97
77 118
7 157
81 163
65 173
18 80
18 24
8 105
109 115
109 158
75 172
29 118
17 62
16 156
12 156
105 131
129 163
5 56
26 79
14 90
9 56
26 133
2 26
28 166
30 37
31 135
3 120
38 103
37 169
53 106
66 153
67 106
108 111
127 139
56 144
68 139
70 166
114 120
52 151
44 89
42 155
72 74
74 145
21 108
21 42
103 132
103 121
90 170
90 146
89 140
151 167
143 153
141 142
126 141
115 141
36 60
36 100
68 94
34 138
87 174
6 11
53 123
9 113
82 127
86 164
33 81
114 123
112 121
64 116
55 112
54 116
6 83
66 152
41 82
118 171
171 172
7 148
60 154
102 178
78 105
36 177
36 47
36 43
39 171
135 171
100 156
22 107
156 172
93 174
96 134
56 148
102 159
1 92
43 97
0 96
37 100
92 128
100 106
18 160
109 124
149 154
36 63
26 124
103 160
134 176
87 137
50 159
45 90
18 117
1 176
100 152
