3.938477
1
21
2
2880
55 76
59 71
45 56
0 7
4 45
47 109
28 52
46 109
79 109
33 52
10 119
35 100
46 112
90 119
32 100
74 112
71 100
107 112
51 72
2 66
5 116
15 42
85 113
76 91
61 91
7 14
77 99
72 75
72 85
57 66
42 96
22 29
22 57
34 101
36 44
43 54
42 65
77 82
77 111
77 117
26 50
37 104
98 104
17 50
6 40
13 78
13 59
38 95
36 62
21 49
61 81
52 117
34 110
34 82
29 44
43 97
43 111
43 94
50 53
25 31
25 106
11 83
30 114
41 88
30 103
41 56
41 60
39 108
62 86
9 87
4 34
3 94
49 67
9 83
8 92
47 102
16 77
6 113
114 118
100 116
16 116
16 66
4 93
23 65
105 109
52 89
16 42
11 72
104 113
41 113
70 113
7 63
7 81
7 108
7 64
69 110
58 97
23 67
20 100
80 112
12 105
89 95
4 102
4 48
24 104
50 80
25 64
30 93
20 84
19 109
92 112
18 119
18 66
66 73
115 116
42 68
63 118
1 30
12 27
