10.134622
1
28
9
3945
8 92
52 115
102 115
3 58
16 58
53 58
12 68
29 74
99 116
76 129
82 129
118 129
2 125
81 125
65 120
101 115
41 45
30 72
3 97
24 61
61 115
33 61
7 56
38 51
42 46
19 23
74 112
30 112
67 112
27 122
47 122
4 122
88 96
49 54
26 96
44 116
70 116
41 64
15 25
11 50
8 50
29 73
1 73
12 20
14 20
56 108
56 90
10 40
10 107
51 111
46 97
46 133
23 85
23 45
116 139
43 54
54 57
61 121
32 48
64 69
64 114
25 101
25 106
25 44
51 121
50 80
20 31
73 117
125 128
55 125
24 37
115 134
46 55
62 70
48 71
62 93
60 89
60 72
60 105
62 124
48 103
65 100
58 83
34 78
11 83
99 110
21 63
21 104
25 55
6 28
39 123
18 130
18 113
39 79
39 77
6 9
18 136
6 75
58 66
73 128
0 87
56 134
16 36
38 126
78 120
100 119
109 129
116 138
94 125
115 135
17 95
61 131
18 55
35 59
23 86
119 126
22 112
109 122
50 137
66 96
5 64
37 59
55 98
85 91
17 132
127 129
20 131
10 135
13 43
56 84
22 48
91 132
0 110
64 84
5 21
6 138
39 86
13 21
94 127
