3.638174
26
17
7945
10970
75 100
76 122
0 113
62 135
24 104
92 126
10 122
43 122
124 135
41 90
80 113
102 103
13 99
46 120
0 26
90 113
23 99
9 133
55 120
95 120
53 99
73 128
69 122
92 135
91 122
86 110
59 74
61 120
67 113
48 99
60 121
60 134
78 83
45 83
29 51
19 122
38 76
4 53
77 139
47 129
22 47
96 104
56 97
117 123
18 123
123 133
128 136
126 136
14 136
91 97
50 112
19 64
36 112
4 70
81 94
33 35
115 135
115 120
6 110
38 82
15 112
61 127
7 58
58 121
58 89
58 106
55 58
27 58
58 131
22 58
70 136
125 127
6 119
72 82
67 123
112 119
51 98
89 98
98 102
85 98
72 94
30 131
30 68
54 107
88 107
11 106
11 88
26 37
37 135
20 59
20 103
96 112
29 34
34 77
15 57
49 100
36 49
57 64
65 79
65 138
35 65
66 86
66 84
5 85
5 114
5 71
65 125
5 81
2 118
2 137
2 14
2 45
39 132
93 132
108 132
8 32
8 139
48 132
17 84
17 109
17 28
25 41
25 111
1 7
1 21
52 101
52 73
3 75
12 40
16 42
12 116
42 130
42 87
31 32
31 44
12 33
63 105
3 42
63 132
