19.669048
1
57
15
10251
3 216
116 238
119 294
279 291
19 88
168 265
239 274
174 204
5 20
173 200
82 109
28 161
0 40
15 250
162 221
45 91
151 164
223 230
77 234
212 234
104 234
45 234
73 180
180 288
180 220
180 299
7 180
130 180
29 180
218 284
4 284
283 284
157 260
28 260
163 260
134 213
19 213
161 235
34 194
8 297
60 235
6 194
153 297
294 297
142 194
229 235
178 259
232 259
5 31
31 89
31 53
33 123
33 202
217 261
223 261
77 261
261 286
143 150
84 252
101 107
3 74
11 74
26 74
74 278
69 160
29 160
1 160
125 257
17 257
221 257
196 268
83 268
91 268
258 268
212 293
6 246
92 167
34 92
82 92
73 177
75 132
109 192
25 96
96 133
20 96
23 105
16 255
255 298
171 219
182 219
117 199
199 230
231 262
231 289
231 267
2 231
94 135
88 94
80 94
14 63
86 245
14 280
86 210
14 126
56 64
86 148
64 222
13 114
13 39
13 110
79 243
70 155
121 155
155 195
208 279
123 208
18 114
16 146
93 141
90 124
75 90
198 209
66 209
209 282
247 272
174 242
242 275
37 242
183 218
87 183
72 153
72 112
72 151
234 240
157 187
187 269
140 277
52 162
52 173
152 265
152 263
99 152
57 139
44 248
44 166
62 116
35 108
128 251
21 38
12 220
48 165
35 127
44 79
12 296
57 285
76 291
76 262
12 215
38 85
128 269
57 292
48 188
38 201
76 191
48 184
35 42
62 288
233 285
42 233
46 204
46 225
46 264
177 284
138 256
118 159
138 271
118 266
54 179
118 205
138 197
54 186
54 145
33 71
170 238
15 58
115 206
87 158
32 49
103 115
113 228
115 239
58 270
51 278
158 176
169 295
61 249
65 216
49 196
58 207
249 254
50 65
41 51
147 170
95 113
111 249
65 189
170 237
43 281
68 98
98 224
98 286
40 43
43 120
36 59
36 226
31 107
33 154
149 190
81 235
132 259
31 211
150 293
190 203
214 260
31 137
136 257
27 194
240 259
136 203
261 290
190 241
96 154
47 297
64 190
33 244
175 268
180 253
105 211
10 30
10 93
31 144
146 149
27 131
33 185
81 181
102 192
190 193
144 190
72 190
252 287
122 251
122 165
92 243
47 131
94 102
156 177
156 276
55 160
160 172
64 86
246 247
137 209
132 227
58 71
13 146
97 290
9 199
113 190
129 241
155 214
155 209
140 177
64 106
233 268
13 287
18 97
152 276
181 236
22 257
74 100
67 219
54 276
24 276
55 242
115 276
193 273
78 106
65 175
24 219
36 177
14 22
138 244
46 146
118 146
24 141
169 236
43 67
38 100
249 253
