6.128571
1
17
14
87325
51 84
23 66
0 93
14 72
59 72
57 72
79 89
55 89
41 89
5 43
42 43
7 27
6 27
17 27
27 29
16 92
63 92
92 98
53 92
5 65
31 97
49 66
49 60
2 52
48 50
50 98
19 50
39 88
39 96
39 91
9 54
54 82
54 94
37 56
15 37
45 85
45 62
56 83
22 23
2 22
26 36
36 99
29 36
76 78
47 76
68 76
28 84
19 28
30 44
30 59
25 30
30 77
35 74
62 64
69 85
69 90
12 77
21 88
32 75
1 67
4 67
67 86
34 81
24 40
38 73
34 35
38 80
8 24
38 51
24 70
0 49
0 87
72 95
0 30
45 65
83 97
3 46
3 47
0 74
20 49
10 50
10 45
54 76
11 72
61 83
0 24
76 95
20 58
39 64
13 89
36 58
32 49
13 27
33 52
11 39
18 83
18 87
54 71
67 71
