20.464568
1
63
31
17454
136 276
194 243
146 180
50 111
184 281
44 153
12 256
139 231
8 150
97 279
66 252
60 139
17 25
32 168
202 206
145 231
26 127
152 168
37 142
121 150
135 225
5 168
159 278
23 32
130 153
42 74
75 276
231 255
31 71
27 238
105 248
26 73
44 145
87 180
179 236
185 272
52 192
124 128
34 289
44 247
67 232
25 231
55 103
73 103
206 288
186 255
70 192
128 272
208 281
180 231
111 128
47 278
195 199
96 289
92 251
21 48
3 48
139 203
164 244
30 276
95 247
38 210
13 20
133 153
270 288
63 192
57 127
2 153
94 278
138 181
7 255
200 245
9 251
119 201
86 229
82 85
169 255
33 247
62 244
72 245
79 93
44 281
54 93
53 85
1 269
217 288
87 202
35 239
134 229
43 78
129 203
147 239
246 252
155 187
20 147
207 279
201 225
88 147
4 187
69 91
226 247
140 144
150 187
108 243
58 248
16 225
44 181
93 246
88 229
102 147
119 144
37 100
0 187
158 288
148 181
74 88
161 221
15 220
204 272
243 246
97 218
55 218
141 259
218 259
120 278
61 158
5 285
165 206
167 289
58 167
177 229
111 174
256 257
88 98
203 291
147 275
101 128
25 193
182 193
2 65
162 170
162 246
146 287
36 251
70 292
59 88
176 278
89 91
47 151
151 272
19 297
19 168
18 128
210 224
24 216
216 255
199 209
14 272
14 100
46 246
168 212
170 212
150 160
110 170
59 120
161 178
107 178
170 266
83 276
83 238
112 183
183 236
13 215
126 222
93 222
50 175
122 252
108 149
0 241
11 225
11 139
154 297
243 280
104 142
20 213
71 198
238 293
24 230
44 113
50 273
232 290
127 197
10 90
239 284
4 171
32 137
252 254
139 233
71 104
112 249
112 219
50 260
25 51
74 156
0 6
253 269
170 250
10 106
106 155
170 296
29 117
0 39
103 123
236 237
44 188
32 131
4 41
203 271
25 40
29 253
100 286
210 242
181 228
78 172
0 81
29 45
107 118
29 261
10 99
91 116
221 267
107 295
206 264
281 299
127 166
20 115
24 84
239 240
100 234
102 190
85 235
102 196
74 114
34 295
166 210
24 77
199 223
78 283
28 225
28 29
78 211
127 211
227 238
170 227
71 125
125 248
22 236
22 229
10 189
189 232
214 251
20 214
49 244
110 275
76 91
85 157
32 157
192 277
107 277
76 199
109 278
109 244
248 268
191 251
48 191
122 165
18 224
112 143
180 263
245 263
78 173
257 283
243 298
132 287
4 294
56 291
127 274
220 258
85 258
74 262
4 282
115 209
36 64
163 266
56 80
132 205
163 265
64 68
154 294
