24.150000
1
51
1280
26450
91 159
96 197
163 195
110 140
155 166
122 140
116 193
114 133
48 132
7 133
68 193
21 133
98 195
73 195
51 132
139 193
75 140
65 160
37 159
18 160
43 160
100 131
142 159
17 78
8 187
24 141
2 132
100 152
27 152
16 152
156 198
84 198
8 198
56 194
26 194
53 194
136 162
162 178
146 162
69 107
2 117
60 63
83 166
67 83
38 83
33 88
88 161
88 192
164 199
57 164
164 169
164 165
3 127
99 127
127 196
92 183
92 115
49 92
35 154
17 35
35 105
106 145
80 106
14 106
95 176
54 95
32 95
64 95
65 121
117 152
45 70
45 57
45 173
52 160
34 131
34 93
34 62
71 146
108 155
19 108
108 139
61 71
71 123
108 135
71 102
172 190
4 151
4 10
4 28
20 174
20 36
20 186
29 178
132 189
60 198
104 181
104 168
78 104
9 60
185 193
185 195
143 184
22 87
150 170
129 150
82 87
5 143
86 167
66 86
120 143
149 150
41 86
87 90
159 175
23 187
79 133
23 119
13 63
31 148
13 44
13 42
31 182
101 157
59 118
40 96
59 180
101 188
23 109
40 130
31 176
85 101
59 190
79 141
11 111
15 134
0 147
11 39
81 191
25 125
140 171
94 112
12 55
12 30
25 89
81 97
25 138
0 6
15 47
81 113
0 124
12 74
94 153
94 179
15 144
11 177
107 121
95 117
128 198
88 92
50 152
117 172
103 162
72 83
1 194
60 76
45 127
1 9
34 164
4 127
23 117
11 117
103 164
137 189
20 35
52 106
71 72
29 106
88 158
35 126
46 77
137 158
46 79
58 76
104 128
108 175
34 79
101 189
94 189
40 126
0 128
58 171
77 81
25 50
1 87
86 171
143 158
150 158
1 12
15 171
