0.159983
1
28
3
1229
18 101
61 165
85 157
115 148
60 180
46 127
99 127
99 161
83 147
5 118
64 118
86 118
128 171
73 171
157 178
100 178
28 96
17 96
36 160
110 160
34 105
101 122
40 49
3 75
44 49
74 75
145 171
62 117
35 68
39 178
96 97
116 181
5 175
0 56
95 123
80 129
46 131
105 124
2 119
2 147
2 33
21 149
105 193
21 92
95 113
77 142
81 142
80 113
127 178
33 75
14 134
108 134
118 144
68 72
117 148
13 16
105 127
10 63
10 125
61 177
13 102
15 126
0 48
18 166
60 176
91 176
50 104
15 172
43 161
62 183
23 32
23 185
23 112
12 31
67 137
25 82
24 109
93 189
118 181
129 186
32 57
123 173
1 39
66 198
122 192
1 140
20 167
21 198
156 197
75 87
49 197
27 161
122 158
134 180
94 120
21 43
41 42
6 155
6 136
16 132
41 121
162 164
52 127
49 158
20 127
90 104
97 126
150 183
29 161
117 158
23 114
109 150
93 188
131 171
82 193
30 184
65 90
59 85
21 117
120 194
120 191
78 107
110 135
74 111
40 196
35 179
24 143
19 160
160 191
26 170
43 57
56 122
113 160
2 52
4 127
2 139
19 158
43 182
66 142
103 197
31 197
103 159
146 197
47 114
55 96
71 120
30 69
51 174
58 107
65 192
7 69
152 188
45 171
47 96
27 78
167 169
125 133
7 181
22 122
29 93
106 154
38 116
75 187
8 127
68 187
10 146
23 70
41 194
79 161
195 197
106 161
51 93
53 120
171 199
130 139
88 178
76 164
138 160
9 181
84 181
37 158
105 153
71 134
6 45
151 156
11 49
58 102
68 89
162 168
10 98
141 175
170 182
54 177
54 152
137 190
179 190
141 163
98 168
38 76
