13.100000
1
30
10
58390
23 39
17 96
38 116
51 97
94 97
73 97
74 97
51 119
84 113
47 119
96 113
18 119
10 113
52 71
15 75
66 107
0 89
11 71
50 71
60 75
79 107
13 107
17 89
70 75
72 89
42 100
100 103
87 100
5 99
77 99
25 37
14 25
25 46
54 64
33 54
54 82
43 81
81 116
7 81
24 57
57 106
46 57
35 94
2 35
35 63
23 35
16 44
38 44
30 98
30 83
30 49
61 70
61 102
61 112
61 104
44 53
44 95
19 32
68 111
45 80
45 67
8 19
22 108
45 85
68 115
22 40
29 39
29 91
19 90
29 114
34 76
31 78
76 110
78 105
28 78
48 56
56 109
20 76
86 95
69 86
26 85
3 101
21 97
55 59
59 117
1 2
1 98
36 75
62 100
93 119
71 93
9 89
92 113
92 107
27 100
58 99
41 62
6 57
25 27
21 54
4 54
6 44
30 58
12 58
3 99
9 61
6 118
30 88
65 81
93 118
36 56
9 19
12 26
22 88
58 76
78 93
65 68
4 56
6 59
