6.662035
15
31
4862
8333
40 179
113 141
35 160
2 195
103 160
84 130
116 184
158 173
81 166
31 102
83 170
39 170
17 158
58 130
127 173
163 182
67 94
12 160
64 137
80 137
10 137
131 151
20 131
109 138
55 138
138 195
16 92
88 195
21 106
144 186
133 138
6 138
147 151
0 78
82 155
87 111
67 158
74 195
21 66
92 181
111 175
102 127
80 148
141 185
16 53
89 163
129 167
82 151
65 170
100 195
43 135
68 91
3 92
58 81
54 190
20 68
138 148
52 163
79 106
122 197
188 190
44 151
48 105
27 89
142 175
63 81
133 155
0 133
150 177
149 177
27 175
172 190
167 177
122 177
112 133
59 163
14 76
140 174
140 175
13 72
72 84
51 93
40 51
117 190
117 135
81 125
49 51
42 52
69 104
53 104
104 197
51 161
76 104
23 138
28 180
28 39
28 137
28 72
158 198
29 137
22 29
29 190
57 177
164 186
164 184
133 159
83 194
26 185
15 78
60 160
71 97
46 71
71 107
104 123
66 165
119 165
33 93
165 176
33 59
71 125
72 165
43 120
120 126
42 128
37 57
29 75
41 167
77 198
137 171
118 171
32 46
32 47
30 177
29 146
75 123
77 159
7 109
86 98
136 179
23 153
26 98
60 136
138 168
5 176
25 168
134 160
73 134
56 132
132 139
8 56
8 95
143 154
86 132
90 183
90 137
90 114
4 105
4 175
143 153
19 170
19 156
11 62
2 11
34 121
34 45
34 116
11 192
34 37
24 103
24 108
162 191
107 162
1 199
61 101
50 124
50 95
50 189
61 99
1 152
61 178
36 129
36 157
1 128
38 193
96 156
38 187
96 115
96 169
18 38
1 41
30 61
9 196
9 154
70 73
110 145
47 110
70 85
38 194
5 50
