17.895238
1
51
1
9419
55 177
120 132
124 164
2 17
14 248
189 232
39 178
66 132
1 76
37 66
1 77
1 114
1 142
1 158
66 201
47 66
59 206
65 103
60 167
67 205
25 129
121 206
123 152
129 218
129 242
149 205
20 60
31 103
34 109
34 220
38 123
5 98
5 133
5 213
5 248
6 34
105 206
103 231
86 117
35 49
94 161
38 214
125 198
122 227
40 229
108 180
84 151
95 139
95 199
229 232
91 136
198 215
195 219
184 222
184 215
182 216
98 196
26 35
24 247
24 230
24 63
22 198
21 227
99 162
149 214
30 80
134 227
146 184
144 196
82 96
143 240
143 238
32 35
95 191
195 231
10 198
55 182
111 161
70 204
73 180
17 80
16 117
80 150
81 91
118 214
82 163
184 203
152 161
154 161
155 227
12 69
162 189
172 195
180 200
165 196
162 226
12 174
28 168
41 130
53 115
54 71
9 233
18 43
8 197
88 221
46 223
45 104
54 140
42 43
27 72
43 97
39 179
13 187
86 131
88 235
0 209
8 176
14 236
88 246
90 202
52 54
57 186
84 130
15 141
15 188
15 194
92 207
2 64
56 175
153 233
211 236
202 243
64 190
187 245
185 237
57 89
177 223
170 179
164 168
70 179
212 225
79 112
79 94
75 128
75 110
75 83
74 131
72 106
114 202
68 193
104 156
19 56
29 193
146 212
56 178
58 72
57 145
135 224
115 137
104 107
127 228
124 131
122 209
120 237
119 223
116 188
130 169
236 241
34 66
83 160
63 217
60 205
144 148
29 113
148 186
137 208
136 173
89 173
7 106
150 210
160 172
67 138
66 181
66 100
143 157
5 80
103 151
3 5
129 166
1 87
204 249
181 234
3 95
12 35
195 196
3 12
184 249
151 227
166 204
82 151
80 85
60 171
101 205
103 135
123 126
123 131
123 187
123 207
44 205
102 234
50 229
50 214
95 116
33 180
100 147
23 24
102 249
33 35
36 204
228 229
87 161
3 78
57 249
24 101
192 204
1 239
72 192
48 129
4 23
62 206
93 157
159 233
75 183
8 61
62 205
51 206
129 244
43 159
183 223
61 104
54 192
4 61
34 93
61 130
88 192
11 229
82 208
48 233
8 113
