28.948883
1
85
5
6648
39 73
138 323
101 269
27 239
65 157
117 444
30 271
125 395
154 306
38 103
77 354
226 330
174 449
160 203
363 399
376 409
335 385
199 426
260 300
414 422
104 111
73 111
299 353
133 353
264 353
0 313
262 313
185 426
118 177
157 177
69 177
131 255
144 255
79 338
272 338
152 426
37 426
261 428
320 428
336 428
7 139
88 202
6 443
119 443
206 443
102 294
42 294
380 435
82 244
178 293
127 293
184 235
87 235
65 324
312 362
238 367
150 367
314 362
111 166
20 111
111 406
116 369
188 223
189 369
93 369
143 301
121 316
198 223
259 288
257 316
138 288
67 301
233 288
270 316
181 208
16 208
313 448
87 215
28 215
373 428
83 265
85 265
34 290
268 398
289 290
190 302
24 156
9 171
112 165
338 422
190 317
139 432
139 387
139 148
95 123
36 285
232 267
148 294
39 130
81 168
246 293
228 235
235 399
68 309
68 275
68 71
68 162
324 328
362 378
5 375
6 375
108 375
253 304
348 424
105 424
380 424
142 304
223 409
213 258
174 340
312 447
233 340
101 447
208 228
313 318
215 329
215 342
17 43
17 220
17 354
193 302
290 427
140 337
66 382
126 307
125 351
167 397
305 419
22 351
57 420
97 351
122 382
322 419
377 382
191 337
262 441
404 441
86 420
242 397
291 441
27 307
255 325
302 412
195 230
171 276
112 248
143 386
80 225
179 209
55 209
12 347
292 347
117 372
256 372
267 360
267 308
285 408
285 414
153 333
32 333
8 170
132 170
95 137
196 352
134 137
168 203
14 76
130 332
130 410
168 383
14 37
14 346
3 107
183 366
183 287
183 207
68 344
324 339
98 388
98 297
282 304
316 334
301 371
288 319
26 45
211 217
25 31
61 411
62 376
2 204
29 124
2 218
29 431
29 173
2 214
2 237
202 353
226 241
62 103
265 296
99 337
230 296
230 384
109 433
306 433
89 321
147 440
120 349
216 413
134 231
11 41
323 440
77 364
24 433
286 364
268 321
51 152
51 341
207 381
381 391
209 442
347 389
244 255
158 350
333 444
372 394
137 390
170 429
352 379
165 352
130 298
30 72
57 186
239 345
33 94
86 92
88 229
13 222
128 355
21 254
107 423
107 449
230 353
244 443
78 136
98 161
301 338
217 415
53 271
135 396
115 145
53 418
129 303
115 356
4 100
4 50
135 221
31 405
70 343
31 243
303 416
45 74
45 281
70 300
241 368
17 338
62 273
123 313
40 60
40 284
40 425
112 171
17 202
397 411
307 384
1 114
106 224
1 172
151 187
151 310
1 10
141 169
166 349
141 421
106 194
106 200
275 413
213 367
78 335
158 371
78 402
123 428
236 438
229 280
94 195
92 434
345 358
186 266
72 359
254 370
61 265
61 398
175 363
46 263
175 436
14 234
115 277
303 344
53 161
241 438
290 302
249 365
274 282
192 295
56 260
252 330
56 154
15 407
15 20
75 353
23 244
46 250
183 369
23 324
61 247
151 273
213 331
420 443
130 398
139 445
156 168
2 213
144 403
33 64
12 91
54 403
93 400
112 201
261 326
123 285
55 164
355 437
213 382
367 386
324 393
44 426
180 392
44 437
21 197
153 430
136 400
234 352
137 234
159 426
236 293
252 334
219 277
249 298
192 248
177 231
202 241
244 303
317 419
151 202
156 170
111 210
201 290
60 91
112 439
110 171
240 338
255 374
222 435
48 129
113 435
112 146
49 435
324 361
63 193
41 230
294 374
149 435
78 398
90 163
35 99
235 327
227 234
182 316
219 293
62 84
52 215
251 369
146 362
61 417
96 250
283 288
19 223
212 302
208 417
149 213
180 208
17 274
156 227
245 325
311 357
75 135
267 283
247 401
31 84
155 339
155 319
35 318
278 375
19 98
279 441
29 159
141 311
164 435
205 351
205 337
182 347
225 327
110 176
240 333
45 279
18 217
357 446
59 234
18 106
1 210
267 315
47 168
90 285
29 58
251 446
62 96
4 63
59 217
141 197
