28.408581
1
90
16
7727
8 444
183 271
266 271
432 436
103 301
56 444
267 430
96 444
282 436
325 341
130 316
263 341
14 327
256 327
216 299
7 371
350 371
274 341
120 394
0 362
9 31
92 321
224 321
260 352
109 352
206 271
91 269
270 275
92 185
31 250
311 328
196 219
199 219
29 297
233 444
84 240
237 327
57 346
269 336
213 320
91 240
233 269
85 269
112 297
2 50
68 201
42 127
24 271
153 412
98 339
215 394
47 320
187 215
108 430
250 320
66 377
188 208
75 362
37 185
174 212
349 371
284 382
2 299
125 288
78 288
281 288
177 301
148 301
4 253
178 201
170 392
15 267
267 444
192 231
82 231
53 90
90 184
16 392
101 185
18 161
385 436
53 311
110 137
100 436
70 100
127 430
76 401
114 382
56 79
250 336
250 316
228 339
194 339
111 250
153 371
51 129
189 257
337 394
176 321
20 253
41 362
99 330
368 401
376 384
141 330
48 74
89 240
193 406
71 346
1 401
113 384
251 384
36 111
279 330
140 406
57 218
232 245
204 444
179 406
160 213
173 436
225 328
173 382
218 310
196 218
3 257
64 327
64 401
64 430
34 352
214 313
105 313
73 413
229 310
335 425
239 265
159 336
286 313
407 413
106 159
326 425
12 159
164 283
25 245
65 310
173 406
142 313
132 145
18 147
109 286
133 283
171 264
123 153
10 289
152 258
7 87
314 403
38 166
138 198
60 72
187 190
217 297
191 284
22 267
26 336
169 376
4 443
144 328
25 305
121 137
39 121
246 336
175 184
39 175
33 64
297 427
39 280
39 122
112 168
299 378
47 156
394 441
342 346
244 299
231 268
74 393
55 74
45 356
184 356
79 340
31 226
31 168
79 415
231 342
219 402
219 408
276 412
377 409
24 126
320 414
108 303
377 398
108 331
215 372
215 277
208 234
269 359
172 173
213 442
213 422
178 262
98 252
325 372
212 434
127 146
275 309
137 344
100 338
24 69
124 282
145 158
90 262
90 186
236 286
127 247
316 428
245 445
111 155
145 252
147 387
147 172
265 308
129 440
159 354
283 293
257 426
265 276
413 423
223 283
215 223
104 259
161 259
153 348
212 348
301 348
208 348
50 332
227 264
13 46
13 55
106 203
5 203
243 347
199 347
30 81
289 390
258 361
212 383
78 317
49 381
198 386
198 315
61 156
72 388
61 287
72 295
49 124
61 448
403 410
166 369
286 302
184 395
253 329
267 420
201 334
35 173
35 250
328 399
49 364
22 435
22 27
26 306
22 151
26 244
17 72
202 346
85 202
248 298
26 429
245 343
253 343
330 343
230 332
5 86
118 439
39 439
142 143
79 433
24 80
222 412
373 412
290 299
90 107
107 316
201 447
174 404
166 307
33 324
33 150
186 254
69 291
320 431
275 424
380 400
253 312
297 438
108 367
412 449
257 438
59 129
59 147
31 205
316 396
299 449
19 275
26 358
52 131
52 211
52 323
241 437
241 272
241 446
23 336
242 317
207 430
223 241
182 371
88 305
13 365
140 221
13 205
81 254
363 382
258 312
163 185
163 213
33 375
391 436
183 391
396 403
97 394
97 310
77 258
271 421
54 145
54 288
285 384
94 339
74 94
345 377
83 392
83 100
62 267
231 278
32 362
24 102
261 425
137 195
153 345
195 413
24 32
352 357
298 443
22 424
93 319
108 379
210 271
341 397
100 235
201 374
20 419
67 288
44 58
180 301
135 275
218 296
139 313
143 209
86 333
43 144
289 357
40 167
166 278
198 261
275 351
43 134
402 405
93 322
167 238
115 190
128 154
28 95
249 289
238 403
294 318
21 169
117 208
52 367
17 373
88 360
273 334
21 300
418 425
136 377
212 418
255 327
162 382
6 223
200 400
181 366
62 380
200 411
119 236
40 149
115 417
157 291
13 292
197 397
58 197
80 416
128 290
11 207
294 304
157 220
63 416
165 227
6 343
102 370
181 355
285 294
119 389
136 322
139 294
353 365
28 353
292 304
255 355
116 419
162 165
