0.046288
1
15
114
4297
42 75
20 34
66 67
30 69
6 16
52 95
41 85
22 69
19 59
13 20
17 77
66 72
18 67
48 56
25 62
24 62
45 74
37 62
54 67
8 75
65 89
65 95
2 84
56 62
26 92
19 80
4 42
18 87
84 87
57 67
57 80
63 74
29 78
23 75
64 73
43 44
1 4
54 73
28 74
7 98
12 16
44 62
43 61
49 63
79 97
16 98
10 58
17 62
8 85
69 98
5 92
77 94
30 66
11 66
21 48
11 29
70 98
66 92
34 62
24 92
37 97
39 70
33 96
71 98
15 39
76 78
46 98
55 84
32 61
9 84
40 84
53 58
28 99
71 99
14 49
0 29
38 75
10 38
68 96
29 68
10 51
51 62
16 31
60 89
4 60
10 86
74 93
29 36
84 91
10 81
25 82
4 35
79 83
6 47
69 90
10 27
6 50
39 88
0 3
