5.769612
1
27
4
23890
11 25
7 89
74 84
33 36
125 155
91 134
18 32
13 32
31 76
9 76
30 76
25 157
65 157
49 116
36 127
36 86
36 125
21 68
47 115
97 115
32 34
40 132
20 132
21 126
108 126
50 132
91 129
32 123
60 158
4 158
105 156
112 156
9 156
27 150
12 63
135 150
5 150
11 63
43 55
29 45
79 122
69 122
6 78
116 157
95 114
49 110
49 134
32 168
68 87
134 153
134 141
134 179
54 175
74 175
68 123
79 82
35 82
126 131
42 72
63 103
76 163
50 64
6 48
8 55
118 169
159 169
105 169
45 93
45 88
122 152
93 130
70 130
130 144
78 96
78 100
157 166
114 165
49 68
51 67
115 167
2 94
68 178
46 85
71 80
132 138
17 92
19 90
62 92
22 171
158 179
40 107
7 81
23 84
15 75
55 160
62 117
54 113
23 148
56 155
75 89
49 73
51 140
86 142
142 161
142 145
94 174
80 124
80 137
49 72
34 171
83 90
81 99
49 57
57 167
146 163
36 109
39 58
39 138
26 178
120 160
56 166
134 147
111 134
52 70
32 120
44 77
3 8
101 164
49 85
94 110
85 151
30 104
13 104
122 130
15 176
24 115
143 170
117 151
64 170
101 140
130 172
109 170
61 133
147 150
45 146
16 73
66 157
26 51
113 115
157 177
59 128
0 37
38 83
119 170
129 139
41 150
63 173
78 107
36 162
1 58
0 49
106 154
48 80
61 114
3 114
106 133
38 76
102 177
53 111
10 115
149 170
55 136
114 176
44 119
121 172
14 51
85 98
53 59
28 121
