-0.400362
1
22
0
1344
14 159
57 141
29 89
30 124
102 108
48 93
42 148
41 137
43 63
43 125
45 93
45 141
47 53
47 54
48 145
53 92
55 68
55 124
55 131
57 58
59 66
33 60
27 58
28 33
28 81
29 41
30 129
31 67
31 94
32 46
32 87
42 108
33 156
34 104
34 136
36 110
40 50
41 148
113 120
100 101
103 106
104 158
106 121
107 123
107 139
109 150
110 153
111 144
98 153
114 154
115 122
115 130
115 135
119 133
133 151
135 138
142 152
81 95
61 91
67 116
69 85
75 144
77 81
78 79
79 127
79 159
80 122
0 129
82 147
84 87
84 154
85 126
88 150
89 101
98 145
8 42
4 96
5 7
20 142
19 102
19 70
6 105
19 65
7 12
6 90
19 21
9 23
11 125
12 105
16 119
16 37
15 147
13 119
12 117
26 118
24 95
2 20
0 115
2 103
24 143
76 134
84 151
139 140
83 158
83 92
10 26
81 147
81 146
10 123
1 40
79 84
11 144
12 49
72 97
71 74
139 149
74 86
71 79
73 99
71 85
71 88
145 158
72 139
146 149
72 138
4 80
5 128
99 134
4 112
3 72
4 25
113 119
3 94
128 155
132 145
86 91
1 144
91 157
38 152
35 84
35 158
22 33
36 144
38 51
39 42
39 51
41 64
23 109
32 73
33 56
33 158
22 52
18 32
17 144
17 121
59 91
62 91
44 72
44 155
