3.783208
1
27
2
24590
14 105
60 77
46 155
87 111
40 100
120 174
39 89
145 150
91 129
121 129
46 129
34 130
103 157
156 157
58 157
105 178
14 162
43 162
58 61
116 178
47 61
62 88
31 88
48 107
107 133
129 150
21 56
21 54
79 164
79 173
117 169
77 168
40 168
87 168
132 169
52 66
49 69
12 69
157 170
71 96
16 18
61 100
154 162
88 111
51 149
47 125
8 125
107 153
65 75
65 174
65 108
15 141
37 98
129 166
21 83
79 137
115 169
52 83
18 48
84 143
13 140
57 94
4 140
50 140
119 126
67 94
26 112
26 74
2 73
26 44
18 128
88 137
20 99
7 118
7 72
10 33
28 29
79 107
101 176
32 163
41 163
104 136
117 175
34 175
82 106
0 5
37 146
1 24
91 97
98 151
32 76
25 39
168 172
106 126
126 135
99 171
7 161
29 86
29 89
33 92
66 136
56 139
37 166
1 123
23 95
23 101
17 138
131 142
78 127
70 130
7 107
152 178
19 129
42 129
99 134
116 167
41 177
19 52
21 22
79 159
113 130
97 153
2 162
52 59
63 134
38 123
102 172
78 161
17 93
6 45
82 157
22 178
61 113
107 124
27 154
6 115
109 144
3 130
79 160
148 169
9 128
63 130
21 38
52 81
19 141
88 122
70 131
30 93
69 114
42 140
19 33
96 151
18 165
26 81
7 76
64 176
59 64
21 147
79 179
85 130
52 68
158 178
11 65
65 147
29 114
69 110
109 169
84 90
2 35
2 53
26 110
36 149
19 36
37 90
0 80
55 148
94 167
25 80
9 30
