7.028830
1
29
5
1343
19 27
16 85
67 129
60 114
35 114
52 71
99 116
8 92
79 92
72 114
87 114
39 123
12 33
1 81
20 130
29 130
70 71
7 11
30 126
57 68
68 145
68 72
68 152
32 83
32 89
32 42
54 139
54 55
54 111
54 135
15 116
15 64
84 99
76 151
102 151
14 151
37 53
17 75
6 119
6 57
6 30
74 91
85 91
71 126
36 103
44 48
33 122
123 141
130 140
81 136
17 128
71 133
11 70
11 47
11 104
101 144
23 56
2 59
2 153
15 126
82 124
98 124
31 97
28 68
32 138
32 105
0 77
54 108
84 127
28 156
9 129
18 113
19 147
16 40
106 113
17 108
6 78
111 112
33 68
0 128
91 125
107 159
18 24
88 142
103 148
48 87
90 143
59 90
90 100
48 61
123 133
2 51
47 120
2 126
92 130
144 150
25 158
56 63
25 137
56 132
9 110
34 121
34 155
0 66
81 123
62 114
0 69
0 28
75 147
40 43
142 149
10 115
56 126
118 126
28 131
88 96
52 96
14 154
98 154
86 93
25 146
3 17
31 103
115 156
38 105
28 58
15 109
92 157
15 134
58 92
62 151
33 117
6 80
4 10
73 130
11 159
41 114
81 86
94 120
45 71
9 94
34 94
80 91
65 69
5 32
24 144
5 15
49 131
50 54
25 157
17 46
134 144
21 73
22 53
50 103
95 118
3 22
13 38
26 46
