43.866667
1
101
3537
5717
50 72
83 151
259 367
91 183
229 248
153 369
24 188
51 358
227 298
43 60
222 291
193 394
250 398
34 298
286 291
6 33
274 291
18 324
234 351
271 338
288 358
147 151
266 358
180 301
187 367
177 338
142 324
195 383
17 398
6 383
126 205
34 300
79 279
284 324
203 369
182 398
320 383
60 151
330 369
160 301
31 301
74 187
59 338
94 298
249 367
346 361
133 395
303 333
21 333
14 333
86 127
82 86
57 86
57 374
238 239
234 239
25 239
77 198
115 198
198 212
42 51
388 395
36 347
122 347
287 347
169 193
5 169
135 169
23 342
265 342
144 342
181 270
270 354
10 270
76 270
268 336
110 277
179 277
277 393
73 204
43 204
16 204
21 65
244 253
297 358
103 297
230 337
230 281
7 290
111 230
7 26
91 372
143 372
164 208
164 289
164 235
124 154
124 399
124 319
47 134
238 282
53 78
78 351
243 260
243 275
243 306
149 243
118 165
146 165
165 210
137 264
137 224
137 185
137 262
4 301
167 346
28 167
152 167
256 265
163 381
84 330
192 340
192 220
183 192
209 338
69 158
158 175
155 158
125 247
247 378
54 247
39 333
96 107
107 246
129 275
129 294
129 386
156 365
156 323
156 181
156 195
15 307
56 162
56 171
56 103
15 371
15 392
98 130
98 361
98 385
46 126
80 151
46 48
3 46
169 253
22 324
4 86
331 383
117 347
62 392
66 150
66 229
66 363
9 279
2 248
9 141
49 262
2 174
2 280
9 326
148 398
49 244
49 74
52 226
226 293
84 239
184 353
119 210
184 205
119 267
184 263
119 344
312 339
318 341
341 352
92 276
70 161
159 218
104 245
61 89
19 38
199 218
207 364
276 382
276 304
97 283
305 308
241 369
245 332
343 391
1 97
215 339
38 273
173 216
38 390
161 334
391 397
105 305
88 341
81 207
223 245
339 355
67 161
45 97
93 305
89 140
20 89
218 345
47 68
68 255
68 190
176 178
79 116
116 321
116 228
237 252
237 381
11 99
99 336
99 221
295 373
132 317
101 367
90 172
172 376
27 50
123 302
27 325
132 300
359 396
32 95
189 236
0 63
109 114
109 278
102 136
201 375
41 194
41 214
102 313
109 166
87 379
201 380
30 322
102 196
87 316
201 314
30 191
41 377
87 348
189 272
350 389
112 168
285 357
100 145
202 288
123 269
13 219
211 298
232 285
350 384
27 233
131 311
132 261
188 202
63 292
95 254
30 213
85 131
145 366
13 329
131 370
145 251
291 328
172 327
35 189
63 349
180 202
37 123
359 387
202 390
75 359
112 113
95 257
13 33
285 315
133 178
204 230
157 296
8 342
44 115
44 293
157 333
295 374
120 239
101 198
120 388
124 217
209 270
138 268
42 170
121 268
170 347
58 64
58 179
206 372
186 282
65 247
78 197
128 186
7 117
200 342
15 268
139 382
139 153
12 197
134 282
217 243
22 277
71 225
29 217
55 71
230 242
29 206
49 268
148 204
84 164
22 55
231 282
184 253
8 242
40 167
9 297
128 309
95 253
12 107
46 117
117 309
225 328
209 258
27 297
107 163
131 217
7 362
129 158
282 335
124 328
78 360
87 117
39 350
40 116
66 242
137 310
84 173
207 209
106 231
256 350
258 356
138 211
63 242
108 192
121 240
56 368
22 68
80 112
245 331
200 391
62 391
102 331
106 341
89 106
148 218
299 335
41 360
305 310
119 240
189 368
240 339
38 356
145 241
161 240
97 362
30 356
108 285
172 299
108 359
123 328
109 299
201 356
