21.262267
3
80
3
2401
181 349
330 444
331 399
38 209
3 298
185 402
166 384
310 424
108 137
9 292
53 55
54 91
54 373
131 379
52 379
46 379
101 379
23 440
288 440
148 441
377 441
48 440
38 441
113 440
118 422
118 368
107 118
52 118
96 118
184 340
358 388
348 358
275 434
85 275
184 286
128 257
72 115
144 343
144 156
144 250
102 311
128 265
414 437
20 39
128 285
173 317
28 313
28 306
28 409
20 211
20 226
20 386
82 91
115 168
5 275
188 267
107 170
56 267
170 420
146 375
387 398
338 417
338 435
81 433
73 146
284 387
249 393
108 249
217 338
195 338
213 249
311 412
147 184
35 304
115 141
115 398
342 387
368 394
310 394
60 262
327 394
261 262
349 394
265 345
46 345
150 345
236 345
195 233
116 237
13 303
206 233
161 233
228 237
70 71
233 424
75 303
236 263
178 333
75 263
240 263
263 413
94 319
298 319
157 171
117 397
175 432
16 432
350 432
10 157
36 272
61 126
32 218
10 129
355 437
129 290
341 361
181 272
204 426
194 218
60 218
67 341
22 272
204 248
218 326
112 126
260 355
83 129
121 129
100 126
296 341
272 273
98 159
336 408
37 426
74 336
98 131
140 336
142 401
363 384
11 31
17 219
17 301
17 399
11 372
11 378
142 423
142 389
136 177
255 290
136 179
7 8
7 417
185 197
197 327
197 278
88 205
247 359
247 291
24 197
96 362
137 201
134 253
85 347
26 271
209 253
416 448
439 448
261 271
3 354
196 271
166 448
325 356
324 442
4 442
302 364
427 442
323 364
287 364
273 283
123 436
390 436
125 283
64 436
81 269
114 281
132 288
230 281
231 374
232 316
40 374
316 444
130 404
374 411
135 281
208 428
23 251
314 410
219 425
105 428
269 320
90 132
4 30
0 163
42 87
62 162
29 41
59 190
47 415
31 47
69 258
69 205
0 342
19 238
9 222
77 124
222 308
145 225
27 87
162 420
162 169
252 438
87 334
222 242
252 392
238 321
190 256
119 145
95 445
95 182
245 326
245 411
55 95
99 357
216 329
312 317
49 68
120 207
216 366
50 375
1 331
192 419
192 367
1 235
312 360
99 211
120 315
79 395
79 405
84 106
312 407
6 370
6 191
6 244
120 297
49 239
84 274
84 385
49 152
180 351
44 167
44 53
43 74
43 295
18 43
50 153
63 80
63 160
187 330
187 382
143 183
143 406
227 266
227 300
45 76
45 66
14 139
14 103
99 200
65 79
127 227
45 210
54 441
66 446
248 352
113 138
210 430
176 214
117 430
235 371
226 279
225 289
284 322
202 229
22 431
313 322
152 396
324 447
64 268
80 172
54 146
309 344
97 305
276 377
135 221
174 228
259 438
92 223
58 161
264 348
110 234
391 434
221 325
34 388
337 351
189 278
254 381
93 335
358 440
198 302
12 139
12 141
28 443
249 275
311 338
414 433
184 275
294 353
86 294
51 335
142 294
149 387
25 82
299 379
129 414
88 118
35 246
35 341
126 267
37 146
25 93
28 369
255 311
136 414
111 173
335 425
54 400
335 428
212 335
133 294
345 369
293 333
294 328
124 335
414 442
187 335
126 293
86 218
109 128
35 281
164 443
82 89
89 249
20 251
307 433
267 307
247 255
104 362
280 441
332 440
21 433
82 277
222 414
82 270
25 33
20 318
318 433
2 144
120 173
84 173
49 173
71 280
243 246
418 421
193 336
255 404
362 374
193 197
15 272
332 432
365 397
355 449
238 421
104 186
30 363
111 186
346 363
57 111
41 353
190 362
11 220
214 294
79 88
2 17
180 362
243 354
165 294
54 380
220 364
229 311
199 379
128 172
184 268
15 418
33 346
151 245
28 403
144 174
241 358
158 358
97 267
254 433
387 429
237 289
87 328
95 365
115 198
227 277
57 216
143 449
6 270
192 245
25 154
341 429
122 336
309 363
51 376
136 383
111 282
155 363
215 299
201 446
92 347
339 356
314 383
110 400
133 224
216 259
78 122
203 337
