36.816667
1
86
10
10240
10 44
78 195
103 268
8 291
172 249
3 46
138 166
113 232
176 323
199 233
15 214
117 265
78 265
30 265
135 279
275 279
19 279
288 309
66 309
119 309
55 65
65 114
65 224
65 152
14 65
251 291
12 251
216 251
57 251
55 336
10 336
255 336
155 231
50 231
31 231
139 231
27 304
49 196
23 240
45 196
175 196
166 240
234 240
48 137
48 317
48 305
48 119
190 264
237 264
247 334
79 334
118 343
203 349
130 286
144 286
146 286
1 243
274 345
34 334
202 310
36 283
39 310
220 345
316 345
259 264
263 349
253 349
111 283
229 310
97 343
106 283
7 243
29 243
15 197
197 266
140 197
210 241
223 241
192 250
176 250
135 330
216 330
249 330
9 222
124 222
24 62
24 178
24 161
245 281
180 340
84 180
180 185
173 245
245 327
157 276
157 303
157 347
99 115
158 182
145 293
293 300
182 252
116 182
115 248
182 246
293 333
113 115
112 293
290 328
83 328
183 257
155 183
86 306
131 306
164 306
162 219
74 219
132 346
132 315
132 311
174 200
174 256
90 174
35 132
191 338
68 307
307 339
122 307
76 307
273 332
46 273
285 295
53 285
27 285
262 347
169 262
25 262
67 268
67 215
67 195
88 161
204 326
143 326
43 73
73 147
8 258
171 258
258 308
3 85
85 208
85 184
4 227
45 167
299 312
4 299
104 299
148 254
148 323
33 148
194 313
82 194
59 344
59 324
20 261
2 348
51 80
94 149
77 121
198 337
95 177
95 126
77 235
47 145
206 212
58 314
18 58
58 284
38 51
198 224
28 98
198 319
20 70
51 225
47 270
95 298
206 230
2 103
60 77
94 159
94 172
2 282
28 207
181 206
47 211
127 246
187 199
127 301
110 267
110 147
110 151
127 201
187 226
154 342
13 56
56 221
56 346
41 123
123 289
160 242
128 269
63 142
142 170
6 123
0 128
242 287
37 242
87 128
26 142
105 236
105 277
81 329
133 138
81 186
75 331
64 93
22 69
133 271
75 296
101 191
22 107
22 297
91 209
75 280
105 153
101 109
64 213
91 321
101 244
64 238
81 108
91 100
133 217
89 92
92 318
92 232
141 261
260 317
61 313
102 298
157 214
264 304
42 65
17 343
180 197
88 336
71 114
71 204
48 174
129 214
24 306
251 272
156 322
136 330
17 136
328 338
24 136
239 250
67 294
72 322
52 265
133 214
193 197
278 322
42 67
88 219
129 304
279 302
110 304
115 193
228 240
5 42
21 196
320 322
228 283
11 286
205 334
54 310
42 148
125 250
165 304
48 168
17 150
101 304
156 167
179 231
154 343
214 341
77 294
205 245
167 227
188 243
17 187
120 345
40 322
54 115
179 349
325 330
72 193
205 306
32 241
187 328
218 285
16 222
180 188
17 141
168 307
163 174
222 260
52 293
16 182
231 341
42 242
150 292
127 136
132 302
96 239
88 128
85 165
102 241
105 136
32 258
85 134
61 219
167 189
11 320
123 193
299 335
58 228
21 51
125 142
59 96
91 218
22 54
11 75
120 206
28 335
64 163
81 120
120 189
