38.395238
1
97
2
5697
36 410
257 298
10 236
180 370
65 325
57 114
19 355
164 250
269 274
139 429
40 111
8 387
342 447
5 12
278 436
47 203
91 328
44 192
2 74
48 308
84 284
30 34
2 34
60 142
34 402
34 243
34 238
25 142
204 304
204 417
164 275
177 275
9 204
275 360
275 444
204 216
178 239
81 200
81 260
239 272
196 370
312 384
41 139
41 261
196 295
41 393
41 421
106 196
181 411
150 430
221 267
14 411
60 267
398 430
382 430
233 430
109 267
148 411
171 267
247 411
97 426
228 426
36 147
101 449
416 449
315 316
12 147
316 354
119 147
134 426
269 316
180 449
231 316
399 426
301 449
18 302
107 218
107 260
156 338
90 183
338 400
45 211
177 359
110 350
155 183
61 302
346 350
350 414
301 356
183 321
331 350
42 338
211 397
137 338
202 302
211 248
115 287
192 306
78 287
78 385
78 225
249 353
65 78
280 335
280 427
95 237
249 442
313 340
306 403
128 306
215 408
237 377
259 310
259 368
77 206
200 237
313 396
162 167
215 405
182 361
206 286
206 241
206 233
361 403
361 429
13 397
38 184
25 249
167 419
237 365
19 313
236 280
337 418
170 215
167 185
230 280
47 249
210 434
87 262
289 339
210 363
262 274
210 216
110 210
262 279
108 256
262 382
55 365
51 165
256 343
55 441
256 319
51 114
51 351
64 369
50 77
16 32
16 371
62 68
62 433
50 209
64 83
16 122
16 88
64 305
50 406
62 140
50 437
43 329
278 311
247 276
272 329
325 336
229 373
171 373
226 388
217 329
173 288
184 336
15 186
327 373
141 186
380 438
175 186
384 388
291 388
94 288
161 438
57 288
253 311
144 252
251 444
3 251
213 428
189 240
111 189
258 339
117 189
120 445
99 320
214 252
1 378
300 375
163 197
378 386
127 375
282 296
160 307
197 341
201 443
178 367
207 364
49 258
44 67
252 442
208 296
37 407
224 324
174 364
31 324
238 381
48 428
136 367
70 407
91 197
22 381
79 445
293 375
39 364
52 324
6 407
71 160
67 345
74 160
321 378
53 381
423 439
0 67
432 439
435 445
314 439
11 258
320 357
80 116
332 413
154 334
8 63
103 123
234 431
169 297
134 145
145 395
24 254
145 257
234 412
4 176
169 416
76 401
198 401
66 212
26 333
26 223
334 410
5 26
179 332
176 299
232 234
158 404
63 105
212 279
212 330
401 425
132 176
92 116
130 158
20 332
116 268
123 317
254 335
254 303
124 203
124 344
292 334
63 82
190 222
72 194
190 193
29 294
146 447
69 166
73 227
29 75
29 88
146 159
191 372
191 436
194 219
194 283
10 138
59 98
7 420
7 414
98 118
98 242
33 168
85 266
129 205
129 243
138 250
135 281
135 246
93 190
133 255
85 285
129 349
17 326
40 85
187 328
146 376
187 424
17 263
166 392
166 383
73 379
33 284
33 261
17 308
21 357
157 244
121 318
157 342
21 440
121 149
21 255
27 448
27 394
27 89
121 143
142 196
102 196
70 348
14 265
108 309
372 389
273 347
56 162
141 323
323 343
84 273
271 341
125 295
264 400
264 380
153 307
153 232
142 337
352 374
237 239
115 312
239 262
51 102
41 289
102 256
62 352
64 352
142 245
35 142
34 58
215 415
306 422
259 337
64 147
55 313
100 306
13 100
152 167
195 275
288 352
35 204
239 391
352 409
102 160
23 196
145 352
312 332
85 312
135 312
21 102
28 267
104 449
131 316
188 426
147 322
276 361
277 359
270 411
356 390
356 358
290 356
86 374
359 409
361 443
78 358
86 206
322 338
172 422
28 215
104 167
151 302
100 439
63 337
249 366
100 445
46 313
133 302
158 415
29 337
73 422
55 235
129 422
152 362
38 121
62 446
27 100
96 186
275 348
131 199
54 381
23 197
113 443
151 324
188 296
126 407
96 146
46 116
364 446
112 428
58 123
126 375
270 401
98 366
112 176
190 235
113 194
166 290
183 265
220 359
51 389
125 428
