4.361490
16
22
3725
11322
96 98
115 145
97 151
2 61
61 141
116 145
56 110
36 144
26 27
60 144
109 154
37 134
62 102
19 61
102 149
94 105
73 124
101 115
72 144
1 33
58 146
72 97
37 48
84 117
114 149
74 147
123 129
76 144
118 151
117 143
10 145
35 97
38 145
10 134
76 87
90 154
85 110
98 158
91 158
48 158
70 158
15 158
14 126
53 99
120 135
114 120
79 90
79 133
99 120
8 131
100 130
30 100
7 116
68 156
20 156
31 156
42 156
11 147
11 33
8 54
18 134
52 87
122 130
4 39
39 143
5 39
40 51
40 93
1 40
40 66
40 49
51 106
23 106
9 106
106 141
8 80
22 80
52 112
14 106
42 80
81 126
61 86
106 120
54 75
80 120
27 111
7 127
55 88
127 136
66 103
24 103
12 103
103 133
92 146
6 144
88 103
124 157
145 157
63 134
69 93
69 85
46 47
46 58
18 40
41 155
8 155
138 155
39 122
33 139
86 148
67 129
26 67
3 13
3 96
107 137
81 111
39 55
13 64
59 64
21 156
6 148
131 137
21 92
50 62
8 32
32 45
32 108
32 89
104 135
104 105
44 125
44 68
16 101
16 82
25 142
25 152
0 128
0 140
0 20
0 29
71 153
71 94
25 63
8 95
95 132
33 121
34 77
77 83
77 78
77 125
28 65
65 113
17 123
17 43
57 119
119 159
119 150
65 136
119 121
