66.916545
1
146
7
14581
27 453
55 311
166 459
417 459
242 459
51 472
391 472
62 472
56 279
87 117
218 324
50 58
49 58
423 461
142 461
169 429
16 383
243 429
308 429
3 383
211 383
15 195
316 419
23 419
0 105
308 419
296 297
68 105
283 464
227 297
93 195
86 195
146 297
453 464
37 464
401 459
258 377
162 267
180 267
214 241
113 241
392 405
58 253
193 461
461 482
383 424
297 435
105 345
195 246
464 484
419 476
376 394
65 471
104 421
269 488
414 474
265 373
91 371
238 488
71 328
98 471
363 371
360 371
97 289
409 496
413 471
335 375
264 355
102 236
80 488
20 387
319 354
136 496
156 421
211 358
153 387
27 394
191 421
197 351
83 358
7 354
138 474
160 387
276 358
275 289
274 375
10 355
143 373
45 474
144 496
36 328
173 355
210 236
73 354
13 236
263 332
24 351
109 328
254 289
290 332
304 332
2 373
300 375
301 351
157 293
18 88
135 385
155 339
18 339
194 325
40 325
267 381
241 403
241 454
405 426
405 480
342 405
114 130
340 353
303 318
202 327
217 317
146 302
213 272
1 237
79 176
12 313
171 178
87 313
170 287
95 273
349 427
54 400
63 346
204 273
266 369
125 353
281 400
185 370
115 346
29 272
206 282
309 462
147 370
103 302
59 178
69 282
145 176
307 427
209 237
311 369
207 327
78 130
119 462
258 287
230 317
377 429
214 220
42 141
58 367
58 457
394 412
56 288
293 333
293 306
299 352
107 172
385 436
482 483
385 470
339 499
101 134
75 225
55 239
139 167
57 66
120 163
90 92
122 149
17 34
5 259
44 165
116 374
323 416
252 260
8 19
43 60
14 124
255 330
132 168
152 187
151 190
118 182
348 388
88 297
64 472
318 492
130 295
237 465
370 442
327 444
178 452
400 451
176 469
313 443
287 338
427 431
462 485
246 318
346 364
272 408
273 494
317 347
302 493
353 365
369 399
220 433
220 224
21 174
64 342
64 401
64 201
21 268
21 72
328 377
141 279
141 199
0 61
221 377
241 483
288 456
288 490
352 489
172 382
285 361
233 357
19 28
182 244
92 463
92 475
187 257
168 422
187 390
167 356
330 334
330 337
260 415
259 441
85 479
190 331
85 249
11 53
85 117
11 200
19 468
165 292
165 315
167 247
66 314
225 478
225 378
163 192
168 226
239 437
239 312
149 240
388 428
260 487
149 280
374 434
374 455
124 262
124 278
182 231
34 232
60 362
134 186
131 322
131 229
388 418
134 250
416 439
416 477
60 96
66 497
34 398
163 294
129 161
129 386
129 193
273 377
377 427
37 198
233 354
88 375
282 447
385 483
233 285
58 270
21 404
70 467
25 389
31 110
22 223
22 108
89 205
25 445
31 196
6 343
4 184
106 150
126 473
25 228
164 495
48 411
81 203
77 111
77 99
48 123
89 329
81 158
77 127
70 261
4 140
164 432
30 256
70 154
33 35
39 46
39 486
6 402
126 320
6 448
81 446
89 100
30 222
133 188
30 350
47 406
133 407
26 425
112 321
33 52
48 179
106 397
126 324
4 326
22 430
112 438
31 380
39 384
47 396
47 148
26 159
26 410
33 181
133 491
82 285
82 189
233 313
327 483
176 189
440 464
352 457
298 385
172 361
405 460
190 404
259 450
177 461
177 195
245 459
198 379
183 474
183 387
169 420
298 370
358 460
460 496
88 374
267 372
106 367
164 344
112 357
38 105
383 481
61 447
215 371
84 373
236 286
212 421
76 471
175 332
351 466
336 488
183 369
235 355
234 289
187 498
239 298
67 429
221 286
126 189
219 483
215 221
285 440
178 270
317 449
177 285
277 282
84 318
440 462
287 336
237 286
32 130
310 400
353 466
336 346
32 302
25 498
70 298
39 498
21 74
64 310
149 366
221 271
172 449
134 270
225 449
128 259
251 293
66 277
74 388
11 277
182 466
286 330
9 466
341 394
60 215
216 416
9 212
124 235
76 190
168 216
32 163
92 215
19 234
175 260
34 216
67 293
177 288
82 395
84 458
235 458
175 458
189 359
88 121
112 366
6 366
137 325
245 272
31 128
47 128
94 298
4 74
82 284
89 212
48 234
33 76
22 175
133 212
216 219
77 84
81 310
106 440
30 235
305 498
26 372
164 372
38 165
167 481
270 393
137 352
267 368
131 341
9 359
41 344
41 450
121 128
74 248
277 305
94 372
32 208
208 310
248 336
234 284
271 393
251 291
368 498
