43.364269
1
116
1
6282
1 186
71 344
147 195
6 151
241 295
156 394
165 468
167 237
40 97
43 262
224 373
199 436
334 426
161 432
48 115
33 96
112 409
68 193
67 193
40 92
52 409
31 130
288 424
49 409
158 409
248 424
373 424
14 442
115 142
115 294
96 122
96 253
96 323
193 458
193 311
208 442
326 409
358 447
92 265
92 391
59 108
233 380
260 392
238 499
19 141
20 434
445 459
22 141
26 75
101 427
232 494
344 404
0 339
105 459
107 166
111 190
308 464
327 427
212 298
215 380
329 464
134 404
249 347
135 207
139 347
292 410
407 427
213 427
278 494
277 339
398 413
276 434
147 250
269 499
223 314
149 157
88 307
55 413
54 90
1 298
184 380
185 307
186 314
187 434
32 37
48 61
6 118
82 392
70 90
88 267
87 239
10 347
85 157
2 17
4 382
166 429
172 223
13 284
207 219
56 382
176 404
71 75
28 459
36 239
42 157
39 83
424 433
7 231
58 281
17 203
222 494
72 470
15 490
75 334
15 451
72 206
72 197
90 306
404 449
17 287
83 153
229 464
217 392
7 205
37 285
250 274
250 414
254 459
37 363
58 469
284 436
267 315
114 222
190 313
188 297
178 439
178 369
178 266
207 426
332 464
114 208
98 394
118 389
114 478
162 371
162 473
114 310
141 170
166 358
314 337
314 483
143 392
480 499
172 243
141 217
145 465
145 403
15 435
118 336
72 319
145 412
58 381
58 270
15 270
284 377
157 349
239 289
190 381
83 235
7 319
162 330
7 418
200 330
380 400
172 400
201 296
154 240
156 211
78 357
163 261
113 420
91 133
21 452
9 24
59 189
14 460
3 316
165 452
110 148
23 65
109 444
76 327
27 131
57 89
12 256
49 261
191 218
50 462
51 300
52 359
95 152
194 210
312 354
94 164
177 444
195 453
81 86
176 350
29 100
174 338
160 357
41 252
43 211
44 131
35 133
121 210
245 261
322 462
448 453
333 455
216 359
456 474
151 271
443 460
263 379
429 467
352 467
293 302
340 359
295 475
387 420
129 420
128 493
226 455
227 452
125 474
124 131
242 493
303 378
385 462
328 475
425 493
301 474
89 137
89 342
378 491
189 408
379 399
338 386
357 401
354 495
84 106
189 309
338 463
173 262
240 275
350 489
316 422
221 492
164 446
252 416
8 214
8 199
5 485
173 202
5 66
77 430
79 273
77 180
77 140
302 384
76 246
300 305
296 428
294 378
350 498
460 497
74 486
79 286
86 120
84 450
84 390
8 161
164 325
86 167
444 471
252 440
5 487
69 321
211 236
69 126
63 415
69 159
256 356
264 282
123 388
271 402
271 291
257 259
148 183
148 365
264 290
73 97
73 332
210 466
102 251
60 324
60 364
60 366
100 476
25 351
25 171
25 64
65 484
24 318
152 188
100 437
63 224
257 488
257 360
34 361
218 477
45 99
132 143
45 320
122 475
221 317
45 335
123 127
34 395
221 432
46 138
46 343
38 468
34 196
38 438
152 461
24 396
65 441
38 234
132 146
132 283
133 304
117 240
379 481
123 225
300 418
316 412
74 235
102 377
46 349
55 355
174 268
27 247
23 482
308 375
61 96
115 376
53 115
155 229
196 341
323 372
159 258
66 244
119 326
247 480
47 117
430 482
92 307
92 118
53 424
193 383
193 284
442 499
413 447
190 447
182 289
93 481
47 225
11 336
96 397
239 376
178 345
62 250
98 298
104 410
108 145
108 162
75 383
162 339
166 376
297 459
141 376
61 114
37 345
37 83
172 494
62 104
130 192
331 442
92 230
16 409
30 362
30 34
89 442
393 447
130 255
30 77
133 447
30 228
30 462
104 228
104 256
38 200
104 252
118 192
75 423
157 198
72 367
178 454
168 376
83 103
80 392
62 116
207 279
175 200
46 345
62 209
239 370
65 108
250 479
200 210
200 455
53 69
108 353
172 272
53 148
60 297
61 79
62 454
61 457
18 382
7 80
397 434
280 339
264 345
279 298
406 464
368 374
367 427
16 17
380 431
374 417
297 393
24 297
299 434
115 119
96 136
189 406
209 220
198 379
18 338
204 255
204 411
181 331
218 419
5 299
257 348
169 419
175 496
423 493
240 423
169 411
421 475
230 444
45 181
25 368
279 346
279 420
280 357
84 421
350 405
164 405
8 348
296 431
130 268
302 479
86 272
100 116
346 417
370 496
103 474
17 144
150 298
179 347
413 472
90 372
354 375
179 256
