22.726842
1
52
18
5791
127 134
108 161
152 195
23 74
13 134
66 170
46 197
59 114
29 114
54 158
34 61
67 127
71 124
155 166
11 166
159 161
8 94
75 94
7 61
83 196
62 80
177 195
31 127
150 161
55 150
94 162
145 162
137 162
6 32
57 73
51 145
40 55
28 63
64 108
30 82
45 170
73 84
124 170
35 45
22 161
12 78
1 11
151 161
7 78
84 178
77 84
70 137
98 154
168 173
87 153
27 153
135 195
18 154
69 153
25 133
66 196
116 196
60 141
75 196
32 130
18 145
44 145
33 166
123 137
24 197
26 134
89 178
5 77
106 133
49 77
50 67
21 178
132 141
19 67
56 82
80 130
14 197
0 150
104 130
54 72
3 170
47 56
79 153
72 74
72 173
4 133
4 166
37 158
36 72
20 79
4 53
83 105
77 105
78 144
16 144
55 126
55 68
82 113
45 179
9 52
74 115
73 165
82 185
74 99
154 188
9 39
16 119
124 167
124 139
45 129
32 93
80 140
31 120
31 107
31 180
16 189
134 136
137 175
27 193
147 193
147 190
147 160
178 194
63 156
63 118
63 110
73 199
118 173
173 192
78 148
67 142
108 182
108 112
94 128
61 111
133 191
114 164
145 169
14 165
164 173
32 131
96 108
141 157
1 65
86 147
86 114
20 138
36 90
104 183
36 48
20 181
47 109
53 174
0 95
104 187
0 101
15 42
20 176
15 58
104 122
3 10
47 184
0 88
3 117
3 91
47 92
53 97
53 163
36 41
15 17
61 121
4 38
146 150
130 146
43 147
149 170
81 149
76 158
2 56
102 195
63 102
80 125
31 125
16 143
158 186
61 100
127 172
84 172
154 198
141 198
56 186
85 94
65 96
15 100
84 171
9 171
2 103
38 76
43 121
