-1.561515
1
13
1
44728
23 43
7 10
35 36
32 70
59 96
19 119
89 119
13 29
42 81
93 119
64 117
23 108
1 108
10 83
26 86
70 79
12 99
7 72
12 50
64 72
82 86
0 21
15 114
20 62
20 56
80 86
4 32
4 54
81 112
25 97
92 108
104 108
73 83
39 92
5 116
0 22
14 37
2 68
1 107
75 96
21 27
75 104
79 100
21 35
100 114
30 73
48 60
48 49
47 90
4 76
29 106
29 101
29 71
85 110
39 87
84 110
29 81
81 119
37 59
37 61
34 58
60 109
4 85
25 108
86 105
50 77
47 67
30 102
18 71
41 99
17 84
42 95
16 25
16 29
68 87
34 105
31 66
57 77
57 66
55 115
109 115
3 39
84 86
41 91
22 41
11 41
41 88
41 74
4 111
4 74
81 98
4 55
6 25
88 119
33 117
53 81
8 81
21 40
62 118
47 56
40 118
44 45
44 103
46 84
39 63
69 102
51 67
78 106
52 76
25 113
38 119
17 65
28 39
24 33
24 103
47 69
9 45
94 116
53 94
