16.054762
1
54
333
5883
236 297
39 258
108 295
62 156
77 107
86 115
107 251
241 293
205 225
29 156
253 290
19 105
61 225
138 280
51 271
233 296
237 296
114 277
134 240
8 39
206 252
125 252
180 197
152 240
7 193
57 180
70 272
145 212
27 225
115 142
194 253
142 255
55 194
135 296
248 251
162 226
16 240
221 295
134 197
128 156
34 115
103 237
97 105
90 238
233 295
88 180
91 138
139 270
105 287
57 245
63 198
247 251
216 295
150 270
231 253
31 198
227 270
250 280
147 240
78 105
166 224
37 111
67 111
3 111
0 95
9 95
40 169
169 195
73 111
52 118
44 297
146 251
119 122
72 296
10 72
130 151
154 252
109 213
155 275
127 189
60 189
143 212
143 163
137 143
51 219
219 222
7 219
106 121
26 189
117 281
48 240
43 48
48 54
48 253
48 206
80 136
76 136
82 269
120 175
120 274
120 256
208 242
10 208
32 208
213 244
166 208
15 104
97 104
104 150
104 188
52 143
116 298
71 116
19 192
153 192
192 240
192 286
6 192
171 249
55 171
13 189
148 282
70 148
117 261
116 183
218 270
14 185
144 242
144 178
53 144
13 174
159 251
159 258
12 195
95 191
200 211
144 183
198 203
38 247
38 108
129 288
11 129
129 235
129 262
12 177
46 280
46 231
111 187
77 160
2 136
73 218
276 293
9 276
151 191
105 268
141 268
104 244
132 278
124 132
75 132
122 126
106 120
120 261
155 174
156 202
202 252
126 167
148 167
204 224
204 243
204 266
204 274
229 238
54 229
118 229
94 229
20 283
3 20
35 177
44 187
26 217
158 295
158 225
49 96
291 298
255 291
58 78
58 275
25 128
35 130
173 250
173 282
42 65
65 190
65 75
2 203
45 295
45 267
121 132
66 103
66 112
30 161
21 33
21 42
14 182
49 132
65 95
48 208
79 184
79 152
123 168
79 228
28 220
28 186
123 170
28 277
92 299
50 85
47 50
50 145
64 198
64 180
69 93
93 207
89 93
30 136
136 185
82 159
56 245
56 99
41 172
41 209
41 235
92 281
87 254
87 264
164 223
113 176
176 285
23 210
223 263
68 133
223 232
214 294
23 124
24 214
133 284
133 260
176 257
23 131
214 230
28 146
116 200
17 102
17 254
36 273
273 299
273 292
81 83
83 278
83 226
4 154
22 259
22 211
123 161
110 157
110 179
102 110
182 219
196 246
165 265
59 215
140 279
43 165
215 234
74 196
165 239
98 196
84 140
140 271
18 181
18 227
5 280
1 162
1 149
215 269
100 101
100 201
100 289
95 110
95 196
93 229
41 204
25 133
160 199
4 214
4 100
199 223
5 176
