10.366860
5
37
17
11742
14 48
139 189
98 118
163 174
0 165
7 190
69 185
25 188
54 71
48 71
30 71
80 83
99 193
0 193
21 193
41 158
25 158
156 178
144 184
56 178
64 184
128 184
3 178
32 140
32 106
32 97
7 46
98 154
127 154
163 171
9 171
122 171
73 171
192 197
114 172
61 72
78 89
61 199
68 78
64 78
78 82
47 61
61 102
78 188
104 149
14 149
149 176
93 141
81 141
69 141
90 148
148 177
126 148
60 160
133 160
37 183
95 183
58 159
99 152
22 113
40 113
19 31
132 136
85 136
136 191
79 136
53 135
27 135
54 100
97 100
100 109
122 151
68 151
80 151
157 198
128 130
62 114
58 62
62 74
22 62
161 182
66 182
182 187
74 182
39 162
75 90
115 129
11 129
103 142
44 103
56 103
70 103
103 124
12 79
35 157
20 35
76 85
133 155
71 169
65 137
101 165
101 139
39 101
15 190
15 192
15 131
28 138
28 112
36 194
36 107
45 84
43 82
5 49
5 132
137 158
32 150
10 13
13 110
13 33
105 119
119 121
26 119
32 198
116 178
51 184
65 96
96 168
52 81
32 76
78 186
23 88
23 164
23 173
61 125
35 197
32 175
154 169
52 158
67 179
44 67
31 152
46 170
92 195
24 140
38 185
38 134
92 166
24 181
38 55
24 120
92 189
151 183
4 154
2 63
50 63
8 17
63 153
86 143
6 17
1 111
111 145
17 91
86 102
57 111
61 117
182 196
129 159
84 172
135 162
180 186
42 193
147 171
100 103
29 151
146 160
75 180
146 183
123 196
34 100
94 151
87 116
59 135
43 100
36 130
77 87
28 108
4 123
13 125
94 117
28 51
34 101
18 59
167 171
29 119
16 141
23 155
16 63
42 111
17 167
