9.991292
1
35
10
37260
4 79
33 91
107 178
86 178
138 178
31 90
63 90
28 85
53 85
10 85
83 85
20 173
69 173
111 159
55 166
3 166
8 159
4 93
35 93
89 93
40 104
81 104
181 185
84 88
33 88
36 90
39 157
83 157
14 153
38 153
42 173
129 173
1 96
25 68
61 161
112 184
138 184
152 184
116 161
11 102
105 124
24 110
174 178
173 174
62 187
126 159
41 166
93 158
104 162
7 108
17 56
120 170
71 166
143 179
151 185
88 109
88 167
22 68
71 93
27 54
157 199
109 153
42 80
68 114
68 143
3 139
24 139
6 193
105 193
48 179
102 126
102 128
122 134
44 101
154 197
65 96
68 71
159 182
71 184
22 54
65 125
127 133
127 169
65 100
42 192
52 142
52 148
108 151
173 196
45 87
56 136
141 170
170 186
56 137
48 147
54 115
98 172
17 195
5 102
98 149
5 144
52 92
127 192
5 176
5 123
85 103
12 90
49 130
79 130
37 74
101 156
134 188
37 51
101 175
65 66
49 163
168 173
1 132
5 71
185 195
43 76
60 96
18 36
52 118
32 178
87 154
60 135
60 190
23 82
150 172
50 95
50 64
85 191
47 153
29 42
157 163
18 146
6 160
43 160
16 159
97 140
19 157
73 104
34 97
103 187
76 96
134 194
81 119
94 185
73 88
9 41
21 22
78 82
12 52
13 22
59 77
15 59
32 161
13 96
195 198
82 121
18 164
50 131
140 164
47 165
75 145
177 197
29 113
104 171
82 99
134 149
132 155
34 183
71 99
16 170
57 185
68 70
75 165
67 141
82 117
94 101
177 189
82 171
2 15
106 150
46 54
2 127
50 180
26 182
46 118
58 194
0 60
37 106
72 189
72 131
121 180
30 70
30 58
21 57
