9.948535
1
25
0
122193
79 94
75 78
40 92
34 97
61 80
35 57
45 61
45 56
44 86
42 60
41 84
40 98
37 95
36 94
36 88
36 74
50 98
34 68
33 55
32 60
31 64
30 53
28 83
27 67
26 64
26 59
67 70
93 96
92 95
83 97
80 99
78 83
74 86
68 89
68 85
67 81
48 52
66 86
65 68
60 71
57 62
54 99
53 90
53 79
52 72
51 84
1 52
9 49
16 82
15 55
14 26
12 55
11 69
11 46
10 93
10 39
9 82
9 75
24 87
7 77
6 24
5 57
4 87
4 73
4 63
3 24
2 43
2 8
0 2
25 46
24 58
19 36
21 45
17 98
23 84
22 93
57 77
20 76
31 67
31 39
9 20
29 84
29 76
29 53
29 45
4 20
24 31
83 91
2 91
13 39
38 55
38 68
16 25
18 39
13 98
13 60
20 52
47 77
47 93
