17.768421
1
40
6
83799
29 89
62 104
108 153
105 153
5 153
24 153
50 140
7 78
40 78
71 78
66 156
135 156
55 143
94 143
79 125
29 125
54 143
114 118
71 118
58 106
122 125
103 106
23 144
34 144
108 144
78 134
64 156
125 131
106 122
118 140
118 120
153 156
65 145
138 145
97 137
47 137
93 158
10 141
124 139
62 139
83 141
41 158
73 137
84 158
30 145
76 139
39 117
63 117
0 121
28 53
18 53
80 132
88 107
111 116
61 107
42 121
74 132
15 46
15 130
15 57
15 64
35 51
13 72
11 52
3 99
33 37
6 16
106 115
17 25
17 43
17 60
17 149
117 151
116 129
121 127
107 154
132 159
89 123
45 123
72 150
8 20
72 77
8 26
52 92
37 38
51 112
51 95
37 146
99 113
16 22
16 133
99 152
19 67
21 101
53 101
4 69
9 27
1 49
85 109
1 104
4 102
1 70
4 147
85 91
9 155
9 142
85 98
31 50
31 32
44 153
59 86
59 100
67 126
31 115
55 119
39 96
125 128
12 106
21 107
77 148
86 96
95 119
25 148
78 136
75 156
21 52
87 143
110 141
52 116
12 158
36 145
17 157
2 117
12 21
2 53
44 132
56 126
2 37
51 157
36 99
8 44
16 36
68 139
87 137
21 81
1 128
85 110
68 121
9 12
31 110
56 143
72 75
90 128
4 136
44 82
14 110
36 90
48 82
48 81
