6.438095
1
25
2607
23452
26 158
18 86
64 86
37 115
61 147
7 69
134 150
74 130
11 158
126 158
9 115
19 112
44 79
77 112
73 115
59 102
108 118
18 142
7 82
48 135
119 152
118 137
56 72
98 158
69 118
113 150
52 77
58 112
24 82
4 130
30 135
126 135
116 121
61 79
84 89
143 144
50 96
20 121
33 130
115 140
99 150
38 86
11 83
54 96
92 141
84 92
88 92
27 92
72 81
82 139
117 119
93 117
0 117
133 139
59 67
67 103
70 101
23 135
40 85
23 111
6 158
6 151
22 151
22 95
13 129
91 135
66 68
51 83
81 91
29 115
29 93
39 82
39 103
118 123
86 123
45 51
106 121
55 74
112 148
78 140
121 124
76 124
40 124
105 124
71 79
71 105
62 89
45 124
114 145
27 145
142 145
145 156
57 150
5 79
28 116
43 54
43 102
25 101
25 66
57 117
5 36
63 149
63 90
32 63
65 78
60 106
28 47
100 120
120 143
12 99
3 12
12 41
12 141
47 120
46 155
19 46
32 46
49 97
42 110
10 42
42 73
13 62
56 87
87 136
87 153
53 87
49 111
16 152
16 109
16 138
16 36
75 159
75 136
55 148
15 130
42 70
132 146
1 147
1 122
92 132
46 65
8 131
8 129
21 157
21 144
2 35
2 128
2 17
31 154
14 31
34 125
80 146
34 52
107 133
107 127
80 94
104 107
31 68
2 15
