1.534189
29
14
3216
9310
9 134
9 31
66 71
20 87
113 120
21 90
132 137
50 68
15 20
77 107
31 123
91 101
134 135
21 63
71 136
95 134
108 134
31 83
12 113
12 32
77 112
88 105
62 105
33 105
37 122
40 124
62 106
13 45
52 101
94 95
1 63
19 136
63 116
65 101
25 87
0 120
25 127
37 120
68 78
3 68
33 43
120 138
85 91
104 136
32 68
51 109
57 129
127 129
51 129
99 135
45 59
8 74
26 98
52 98
31 139
49 73
73 86
17 73
115 128
68 128
59 129
29 105
34 101
110 139
73 110
89 114
8 89
125 138
10 125
16 125
36 38
38 49
126 130
86 126
84 136
26 60
60 102
23 97
10 23
54 112
53 111
7 133
27 53
93 105
44 124
47 81
28 106
30 44
46 81
28 134
79 81
81 123
30 81
41 114
93 96
16 54
18 70
17 18
92 137
0 92
90 92
75 92
4 109
63 69
24 74
24 94
72 99
29 92
4 34
61 125
2 131
2 115
36 80
80 119
76 84
81 133
48 56
56 132
27 118
48 118
82 120
6 97
6 136
7 35
35 121
100 103
100 119
5 43
5 58
14 121
14 55
64 83
22 64
64 85
64 117
11 39
11 19
42 67
42 122
