5.332663
3
34
20
3892
45 231
19 206
7 239
71 239
62 239
52 241
4 88
1 151
122 245
211 215
168 228
111 234
7 29
22 25
207 231
120 231
115 246
15 220
106 220
12 220
109 159
35 159
127 159
158 159
18 164
126 164
26 84
50 84
107 223
53 187
91 187
33 187
18 187
219 222
111 222
74 222
214 222
188 224
122 224
59 193
77 193
193 245
45 193
97 203
180 203
25 236
137 236
138 236
164 193
50 128
34 164
91 184
158 237
61 237
140 237
170 207
149 170
3 181
48 181
43 230
8 230
63 199
53 199
83 173
36 128
201 241
65 201
106 201
11 39
39 214
112 239
131 231
172 206
17 172
71 232
101 221
125 221
102 119
81 195
67 81
77 124
0 141
8 204
99 233
64 233
215 233
65 238
209 249
33 213
123 151
123 133
64 123
55 72
72 92
4 72
143 177
29 143
6 21
14 174
174 210
46 174
60 166
36 131
38 161
52 161
161 218
22 197
178 197
197 210
208 242
2 188
146 169
83 169
187 233
222 233
202 222
157 242
115 157
129 200
31 92
27 138
13 108
16 70
70 133
130 149
42 130
152 186
79 152
76 192
3 76
58 231
93 175
93 100
139 225
23 139
0 139
5 80
51 80
80 248
150 154
6 150
119 236
40 63
19 40
54 73
44 100
145 220
68 95
68 88
68 153
66 68
113 159
90 109
90 103
204 237
32 247
32 226
32 134
87 223
135 186
13 193
20 148
148 246
94 164
85 121
121 147
34 129
47 69
41 236
176 202
75 230
49 176
173 213
87 203
30 116
136 167
136 163
182 191
165 194
24 191
191 216
190 240
61 165
28 235
23 28
165 228
191 218
171 184
145 203
56 57
57 192
57 110
57 144
72 112
118 132
2 47
114 230
81 166
44 237
143 185
124 160
49 143
81 208
31 201
142 187
104 232
76 221
10 144
10 73
174 205
96 177
96 147
76 81
169 249
82 244
82 116
21 227
205 227
238 243
9 155
196 212
117 196
89 169
75 150
41 143
94 221
162 197
89 139
105 233
156 201
78 185
135 141
72 86
98 150
143 183
98 189
32 161
80 105
37 169
30 123
118 221
86 217
198 217
78 229
113 179
189 190
9 69
136 198
179 196
