5.725865
1
19
1
112838
31 43
61 82
34 48
6 70
38 65
0 70
10 42
10 77
65 72
65 90
70 93
19 81
52 81
61 88
78 81
45 58
65 89
11 34
1 93
42 88
86 88
1 53
21 28
22 66
11 33
11 83
49 57
48 51
12 32
39 44
3 57
0 57
62 97
69 97
14 64
31 64
15 29
25 35
6 85
23 71
73 85
43 97
13 50
20 71
11 84
22 24
21 60
21 40
17 37
4 36
4 41
9 75
29 74
37 68
64 80
79 95
29 87
77 79
71 82
67 98
32 46
32 54
44 90
37 56
51 96
50 76
50 59
4 30
35 84
14 26
55 63
27 68
2 17
16 86
47 70
21 55
65 91
63 91
63 88
63 81
10 67
10 37
10 32
7 60
2 24
58 81
11 99
55 64
8 63
29 91
47 94
4 91
10 18
5 10
9 94
8 50
7 70
55 92
16 99
