2.672515
21
14
16468
22972
116 117
62 86
105 114
90 98
5 49
68 92
109 114
45 49
40 49
0 99
8 38
35 116
95 116
45 79
44 99
89 111
29 89
32 89
10 89
35 109
17 53
8 82
53 99
46 82
38 99
85 108
96 114
65 81
81 90
91 113
68 113
111 119
50 83
79 81
93 101
6 99
66 103
20 26
20 75
26 59
59 107
2 49
41 75
3 81
3 101
32 43
6 43
44 70
100 114
78 84
52 84
23 91
37 94
37 116
41 56
9 82
9 86
25 80
80 89
2 104
48 94
12 48
2 28
69 117
106 107
103 106
72 84
13 27
13 49
39 60
57 83
57 65
70 84
25 71
71 97
2 39
34 98
34 62
69 74
1 23
47 97
47 108
36 76
36 82
33 89
33 77
15 61
61 76
61 87
61 100
30 61
16 77
16 58
1 61
42 110
22 49
22 31
42 104
64 115
64 99
21 54
21 66
55 63
55 88
4 55
55 74
55 56
18 51
51 73
51 110
102 115
102 112
67 102
7 119
7 19
11 24
11 14
11 118
11 60
