13.166667
1
31
0
69507
86 118
43 44
34 104
34 100
38 73
62 104
37 76
37 72
63 94
68 105
0 63
69 76
35 70
38 103
33 52
31 109
71 114
72 77
74 112
29 83
75 117
28 86
28 51
76 92
78 112
61 72
54 112
52 93
50 115
50 65
49 87
56 77
49 57
48 52
58 100
59 96
60 100
38 102
46 89
45 109
62 67
42 66
42 46
41 117
41 107
41 99
40 50
39 70
79 96
3 113
13 70
11 109
88 114
9 95
89 98
9 15
8 82
7 63
6 9
5 62
4 82
12 41
3 103
3 32
89 101
2 107
99 114
105 106
1 91
1 64
1 44
105 119
84 116
80 116
82 118
25 114
24 111
24 97
83 92
24 55
23 116
22 89
83 110
14 76
21 68
20 42
19 28
18 94
18 81
18 71
18 43
17 83
16 38
72 90
90 114
96 108
85 90
36 63
10 50
27 38
26 56
24 90
21 82
10 52
27 49
10 41
9 53
2 53
36 105
53 100
49 75
47 109
47 85
47 70
42 108
38 42
53 116
30 112
30 89
