1.894482
39
14
51
13332
77 104
20 88
46 74
80 104
52 69
39 117
20 117
101 117
15 100
26 100
72 107
88 107
55 107
17 37
48 51
11 48
12 56
32 56
14 114
14 74
14 64
38 89
76 94
51 76
15 115
34 87
45 87
87 108
79 83
3 57
12 57
17 97
97 113
99 102
61 92
23 112
1 77
42 106
75 106
16 105
19 90
14 117
79 111
8 117
68 100
89 93
35 59
9 26
9 25
34 43
3 43
43 92
43 94
36 37
7 97
36 56
83 93
33 116
66 107
37 102
37 54
78 100
37 112
21 115
5 109
49 103
1 60
78 109
84 110
69 96
60 85
19 107
47 97
56 103
63 68
7 96
56 84
16 21
22 70
63 112
66 106
8 81
28 54
5 106
86 110
28 85
44 105
29 44
24 41
24 53
10 38
10 53
70 112
4 80
4 41
71 82
33 61
35 81
62 116
62 119
71 117
0 11
6 67
6 91
6 98
27 31
27 72
73 95
50 73
18 73
40 119
40 118
0 30
6 30
2 65
2 46
13 58
73 81
13 49
