7.921870
1
31
1
4335
4 28
0 127
12 139
105 140
29 150
36 99
85 118
90 159
4 35
41 49
134 163
94 163
8 49
31 51
29 163
15 52
22 51
1 19
35 103
35 46
35 175
61 85
116 155
117 176
73 126
56 59
0 77
104 166
91 166
129 172
89 166
39 64
36 176
88 146
39 164
22 97
28 126
13 102
70 112
6 176
25 95
62 64
9 112
10 95
31 172
12 146
82 146
52 156
19 96
52 142
51 57
49 92
64 141
102 135
95 111
95 99
102 139
18 59
92 143
146 168
14 133
14 121
14 87
14 18
97 145
155 174
34 115
77 90
34 108
46 155
3 93
114 172
34 118
119 130
61 125
121 166
112 161
126 141
119 144
52 173
51 149
52 158
48 138
10 132
26 78
11 47
30 78
72 165
157 165
32 83
33 178
7 50
24 132
106 147
105 131
127 138
117 137
16 83
17 50
75 80
38 178
77 120
112 149
59 160
119 179
147 154
40 151
40 114
40 43
47 55
47 140
2 152
2 150
2 81
137 177
147 167
93 131
84 159
80 110
50 160
100 122
100 171
80 122
84 158
78 171
20 179
19 51
72 123
44 68
106 170
41 67
32 128
8 71
19 86
49 126
19 76
102 163
5 174
35 100
35 74
77 98
59 98
42 146
42 101
34 98
3 101
79 120
136 163
148 163
27 52
51 153
34 60
45 109
54 126
53 64
47 86
58 98
58 143
45 100
59 107
27 119
21 95
53 176
35 65
54 124
74 147
60 178
78 153
37 124
169 178
113 176
63 164
64 123
66 76
69 172
23 109
107 128
68 162
65 162
