18.300000
1
40
6587
43328
84 119
90 134
9 35
138 148
16 140
109 119
83 134
26 132
52 140
49 122
99 140
28 122
13 93
29 126
5 93
86 105
113 132
35 126
7 93
105 119
81 132
24 119
50 68
65 134
17 81
101 126
106 122
147 149
64 78
102 115
88 115
46 75
18 31
31 147
19 31
89 141
138 141
141 149
76 141
9 45
36 45
45 128
32 108
64 108
108 120
0 154
68 154
85 154
17 87
87 91
56 87
10 110
10 159
10 129
47 86
2 47
47 91
41 135
135 137
1 135
11 42
42 44
62 80
80 123
76 80
92 125
92 116
46 92
126 139
122 139
70 95
130 145
145 157
43 145
3 127
39 40
67 94
12 119
12 140
67 104
15 21
3 50
40 158
15 37
136 142
23 136
57 69
3 4
15 78
136 143
40 73
69 151
69 117
33 67
144 146
97 98
66 100
97 150
14 59
97 124
14 27
14 55
66 111
66 72
71 134
71 93
6 112
103 114
58 114
53 133
63 70
20 63
112 152
63 107
114 118
133 155
77 112
34 60
60 61
60 148
74 132
82 115
75 145
22 41
22 146
31 144
10 54
30 44
45 82
96 154
80 154
54 135
25 141
30 115
71 87
8 92
8 121
10 79
131 139
51 80
47 156
96 136
38 48
51 145
15 139
12 95
51 69
48 131
82 121
12 40
38 156
135 153
82 133
14 156
66 156
67 153
25 97
79 114
74 112
