9.950402
1
28
1
16864
10 41
54 102
24 99
66 108
109 131
127 135
87 137
62 137
10 15
8 15
32 137
15 102
15 124
114 116
47 68
9 74
0 116
61 89
52 53
41 74
33 53
80 116
68 113
12 64
89 121
89 92
12 65
12 67
22 89
68 99
53 131
13 73
13 86
13 103
3 45
3 109
3 82
3 43
2 60
63 115
27 58
69 130
72 139
75 94
29 120
30 36
31 83
24 36
88 126
1 58
16 93
100 126
8 93
50 94
38 79
122 130
54 123
19 83
5 139
37 56
77 95
23 104
20 28
4 39
23 44
11 112
11 78
4 34
21 101
6 108
6 22
6 128
4 132
106 139
44 115
35 42
28 94
45 123
35 66
36 127
40 48
40 64
40 138
130 135
120 133
111 132
93 136
49 120
90 134
90 110
83 125
79 117
14 119
21 56
23 71
11 71
47 76
31 84
55 98
46 49
17 25
48 84
51 96
51 113
59 106
118 137
15 129
76 95
13 68
37 53
7 37
20 137
97 137
11 129
74 111
13 26
12 97
37 81
57 89
3 26
37 85
107 116
77 90
7 105
6 118
70 85
79 105
36 91
14 70
57 60
58 107
18 81
91 120
18 126
18 139
18 94
46 116
98 126
25 58
