12.404084
1
34
2
2533
106 108
57 131
97 115
42 102
117 159
19 65
18 113
2 145
22 34
82 141
30 141
31 122
27 122
58 122
71 122
34 103
34 79
48 149
127 140
134 149
5 140
55 140
81 114
42 60
6 67
117 123
11 41
56 67
31 60
108 136
40 50
41 131
21 47
141 146
52 141
34 107
54 102
54 78
60 90
123 156
136 158
67 143
116 136
67 93
41 43
60 77
25 52
50 75
69 92
69 120
69 137
36 95
15 95
105 157
22 157
26 157
35 153
76 88
106 121
135 139
85 148
1 83
115 148
63 121
51 148
8 88
19 83
89 139
74 124
29 44
61 94
28 110
53 124
84 110
3 94
10 70
33 72
18 46
54 91
123 155
50 129
32 104
2 128
25 132
25 144
0 144
35 155
20 88
93 95
121 130
83 100
77 139
94 133
124 152
44 45
110 150
72 98
70 142
24 37
24 147
72 113
16 126
16 65
38 111
16 118
38 138
104 159
128 151
9 119
99 116
4 68
9 153
38 101
4 129
99 107
41 145
8 12
11 62
114 149
72 145
24 145
60 114
114 136
25 136
50 123
69 140
109 149
13 145
59 145
62 132
17 101
64 73
23 91
23 96
47 73
34 66
109 148
87 141
86 122
44 109
0 83
86 140
112 114
38 109
67 87
50 125
25 154
7 145
14 110
14 94
14 70
39 88
39 139
66 124
14 80
59 70
80 125
49 64
13 49
