15.244912
1
49
10
21527
26 84
171 199
155 192
96 192
170 192
36 100
115 139
77 100
139 199
27 129
103 129
135 189
65 217
93 118
13 118
59 234
131 234
67 234
5 199
13 199
160 217
112 189
48 234
130 144
199 230
217 230
19 128
73 105
61 105
167 243
81 243
141 240
220 240
62 242
125 205
42 153
169 205
72 242
23 242
83 153
33 80
1 12
80 118
9 207
34 76
25 95
20 46
76 123
37 99
17 63
49 134
52 200
32 134
97 200
9 66
92 234
116 139
139 186
100 142
123 228
123 216
129 227
22 155
34 132
96 186
98 190
60 230
144 214
207 240
205 207
128 163
128 151
88 162
105 233
88 165
117 230
241 243
137 240
4 88
0 110
192 237
84 120
69 166
58 87
75 101
7 70
86 244
155 249
199 246
120 230
46 207
12 92
80 146
12 22
80 122
55 99
28 155
28 189
76 210
60 71
60 183
2 57
46 56
46 194
46 106
76 86
95 215
2 31
2 161
95 136
55 134
99 150
71 99
63 178
134 226
66 149
66 229
200 236
109 168
139 222
123 181
129 184
124 182
3 238
3 109
3 137
144 219
14 155
26 218
35 235
179 191
77 191
85 218
20 173
156 173
55 152
153 172
110 213
110 159
18 47
55 87
70 92
70 127
68 132
143 204
101 193
120 164
68 174
143 206
120 126
101 124
166 223
87 147
70 108
166 245
68 177
92 157
98 158
3 209
8 155
8 123
45 118
41 78
27 79
123 224
11 53
121 129
18 239
60 212
95 212
105 203
87 247
45 153
18 101
14 168
14 225
14 208
170 196
21 195
21 197
227 235
21 82
15 144
7 175
48 114
24 155
90 217
50 118
78 244
139 154
100 180
18 248
105 145
158 201
128 211
88 114
76 188
45 63
45 200
211 243
55 232
154 242
79 113
0 111
16 117
38 74
44 100
118 138
94 176
74 144
51 230
80 145
6 207
53 152
119 128
18 203
95 180
2 50
30 198
24 190
89 133
30 182
129 221
3 148
100 107
123 187
91 231
12 111
128 221
15 143
12 185
2 64
10 55
4 102
90 166
176 231
104 202
39 94
196 219
104 248
89 181
40 43
107 241
21 148
140 188
6 91
54 184
16 29
40 54
