23.403684
1
91
8
327
73 277
234 290
181 385
315 385
30 385
228 385
195 444
32 138
206 230
45 381
233 274
322 340
48 340
277 340
229 426
337 426
113 321
127 321
306 321
172 491
307 379
274 411
78 411
234 411
146 379
413 430
162 430
89 141
97 419
63 325
73 437
331 437
290 437
22 325
35 139
22 139
10 350
230 350
77 350
118 126
303 324
246 324
122 405
343 475
112 475
345 405
40 405
143 475
298 436
192 436
251 436
52 333
386 444
97 498
466 498
479 498
125 212
378 396
233 280
68 280
206 280
172 396
52 396
192 448
63 222
318 444
394 444
182 434
124 463
122 312
270 378
138 493
138 389
158 399
84 422
251 256
112 438
25 462
224 353
21 432
398 426
37 452
75 265
142 265
353 465
163 452
128 465
106 452
69 74
340 423
28 72
351 387
279 387
426 438
62 105
242 444
126 325
321 377
252 275
317 430
140 481
123 481
75 481
89 266
244 266
120 379
110 492
70 492
297 450
84 450
399 450
283 486
197 301
141 488
141 358
91 119
17 186
381 425
11 67
119 444
308 484
385 490
374 437
217 325
139 352
66 404
175 404
322 404
144 363
363 405
321 458
126 189
151 207
324 396
280 436
170 459
280 363
242 437
19 184
144 282
144 447
384 446
366 446
361 470
147 470
225 287
65 218
245 470
46 428
7 218
160 287
55 287
320 428
307 446
76 211
130 487
30 349
183 377
212 285
174 212
18 318
18 224
212 284
282 342
449 465
191 475
38 411
151 328
13 54
159 223
9 138
452 453
265 347
72 494
29 95
72 253
29 116
3 207
105 132
105 174
67 207
196 430
156 365
72 191
306 316
85 268
61 474
14 268
125 231
26 272
131 166
42 60
441 474
188 316
425 498
157 197
3 260
99 158
3 394
99 235
99 338
3 56
0 161
266 341
379 417
5 480
148 414
177 380
467 492
67 270
67 286
186 495
119 483
23 344
186 457
23 179
291 472
291 313
114 291
38 145
184 363
211 363
184 427
184 478
54 363
196 273
196 454
20 216
193 221
133 153
200 218
34 369
34 185
81 430
211 348
211 330
276 496
157 170
121 276
18 383
349 452
98 356
101 227
37 247
154 239
49 205
81 141
111 420
9 312
54 236
223 412
93 305
111 249
54 129
54 130
171 275
171 222
223 326
93 258
111 443
171 271
9 217
93 335
9 296
227 340
58 465
72 476
349 387
157 387
74 293
29 357
34 242
43 126
242 293
99 332
107 215
5 346
80 397
315 397
45 300
250 300
310 346
21 489
119 372
268 388
231 482
166 237
60 371
272 289
272 485
231 327
316 368
228 263
161 241
161 256
189 380
400 480
81 114
43 464
323 414
43 418
43 115
23 257
223 254
186 357
150 426
49 431
191 316
103 402
74 367
29 367
359 477
250 309
8 180
1 187
124 213
128 198
215 419
216 364
36 44
221 451
153 433
71 460
36 135
153 403
36 374
221 334
71 201
216 434
393 430
138 202
164 340
205 486
239 319
171 257
58 169
28 41
226 448
144 401
59 350
100 426
109 324
79 473
79 292
350 431
27 385
365 408
266 416
155 379
117 212
12 304
134 469
12 278
12 442
82 220
134 210
134 435
82 295
319 489
82 462
81 446
58 268
166 390
267 373
15 429
15 299
267 422
43 93
74 302
247 406
90 126
180 459
136 484
207 445
477 487
349 416
16 411
203 411
162 243
85 497
279 395
101 376
153 349
168 475
136 455
151 456
168 436
198 261
213 301
262 432
129 204
261 262
289 409
204 238
39 74
71 167
199 424
387 409
117 404
79 178
402 458
24 448
31 207
31 308
375 405
41 362
191 232
27 498
214 342
64 396
50 211
4 184
18 269
214 461
32 108
294 392
138 208
50 440
50 167
151 336
302 354
3 355
92 499
33 407
57 288
94 255
57 463
34 263
6 138
109 218
150 287
265 336
38 86
276 370
4 276
59 390
102 450
102 291
187 311
100 492
410 481
173 379
248 424
141 421
88 141
266 281
338 391
58 176
53 383
38 468
38 149
2 141
152 207
203 311
144 415
104 144
60 309
468 470
281 428
157 382
151 240
259 448
194 200
429 471
392 465
74 83
81 339
223 269
111 439
33 169
29 314
47 72
356 370
87 448
190 191
51 324
324 329
79 401
439 474
212 219
99 264
329 400
96 120
219 323
216 375
221 410
34 165
276 360
209 417
87 408
50 94
12 16
82 149
134 382
155 248
92 393
24 137
96 474
51 471
