20.771714
1
55
1
1329
0 12
61 127
26 238
7 52
14 226
130 158
142 171
132 175
168 200
91 223
115 144
5 144
30 229
191 229
80 229
47 229
87 229
144 210
17 214
202 214
144 219
21 157
71 94
71 129
177 220
177 206
67 161
20 201
49 58
127 196
125 206
61 161
124 174
2 110
23 60
65 157
57 81
119 159
164 206
47 196
55 206
28 141
24 110
7 161
37 196
8 97
112 129
11 64
63 97
48 81
31 159
26 64
134 201
176 222
141 186
94 95
64 226
78 146
145 235
157 246
170 174
159 217
58 140
110 248
79 198
78 212
94 114
174 218
78 102
97 150
64 170
58 239
141 149
129 208
81 238
201 249
174 187
196 236
110 178
78 163
81 85
129 249
94 224
159 178
96 138
97 153
14 165
35 38
90 119
12 107
36 92
32 59
93 216
10 13
133 195
130 184
118 195
87 126
0 82
44 50
60 108
100 111
103 234
68 154
76 227
84 99
66 227
230 234
54 126
183 184
4 13
56 234
50 62
16 17
15 233
1 42
38 152
27 91
29 46
39 147
59 242
1 86
39 213
51 168
50 98
51 171
39 240
51 175
3 53
27 200
18 225
1 189
3 202
18 155
18 22
74 156
108 139
122 223
227 243
216 241
216 221
185 204
165 211
165 194
154 176
77 205
77 181
77 89
29 158
74 135
73 215
73 88
70 104
70 83
70 79
107 132
107 121
92 148
92 123
90 179
90 145
120 237
128 166
128 160
34 182
29 192
128 137
15 43
122 247
108 117
122 131
120 142
13 244
34 109
113 197
113 169
111 172
27 138
99 163
38 219
82 188
34 236
73 153
126 245
74 187
16 231
113 116
185 193
69 180
80 228
10 75
144 222
144 161
220 229
25 193
25 231
180 245
75 116
19 188
58 167
23 222
110 220
141 157
96 198
18 214
214 232
59 214
29 214
81 162
45 174
94 190
41 161
34 167
40 129
96 128
40 97
39 167
90 207
77 96
50 167
72 196
58 151
23 33
23 199
23 203
111 222
108 201
105 220
78 136
141 199
1 235
220 234
6 198
162 206
13 207
151 198
9 167
143 201
144 173
113 136
27 209
15 209
45 227
41 195
203 216
72 92
6 101
101 232
106 173
