9.665873
1
35
2
36558
1 133
45 156
82 126
21 73
13 159
40 142
97 181
52 195
126 165
106 165
116 165
8 196
42 196
155 165
67 98
40 98
68 153
133 153
14 25
14 83
72 192
140 192
156 192
146 196
79 94
30 143
1 87
69 143
66 143
154 179
159 179
85 108
88 108
139 147
45 80
37 53
10 53
9 99
69 102
41 137
82 137
5 99
164 172
99 155
65 84
23 81
98 136
98 178
38 110
54 118
47 130
47 124
54 103
44 88
14 171
87 174
108 199
75 87
94 145
147 195
137 138
137 191
81 121
84 122
28 132
28 105
84 97
81 163
28 52
80 144
0 92
0 187
93 160
93 119
93 114
0 167
55 197
54 131
4 111
56 111
33 76
46 76
17 111
20 107
130 180
16 31
35 49
11 49
39 63
27 59
19 32
68 135
61 109
117 162
41 58
13 123
21 62
22 74
2 29
100 183
87 151
80 151
0 158
81 185
28 197
93 190
107 152
105 107
31 112
49 104
51 63
31 161
63 193
32 148
32 90
36 135
59 198
57 188
57 175
43 184
43 149
43 60
123 134
118 157
62 101
101 177
58 129
64 142
15 50
15 75
120 141
3 71
3 164
109 110
29 103
14 24
76 190
162 182
34 171
113 182
120 131
14 84
4 86
16 166
9 194
12 115
35 173
24 94
98 99
53 55
189 196
24 137
93 172
55 80
55 81
24 28
44 172
48 54
102 192
149 166
143 179
6 51
128 146
127 144
14 157
99 124
108 189
165 177
84 168
18 165
38 57
38 74
91 172
49 96
26 38
98 176
55 170
24 186
96 183
43 102
150 179
89 143
70 102
32 48
59 168
0 18
14 128
89 111
38 169
63 176
24 77
7 170
7 26
53 95
53 125
59 115
57 173
70 78
113 169
