12.716667
1
32
38
26954
43 119
157 159
101 119
44 140
57 94
73 124
87 136
39 136
134 136
93 114
68 148
13 122
100 122
98 122
11 151
70 102
102 129
81 159
3 35
75 102
113 119
71 124
92 122
89 119
139 140
55 124
6 159
93 151
58 151
20 117
117 126
68 117
133 140
6 153
4 131
48 131
30 130
128 130
27 130
54 130
36 150
36 51
96 118
149 156
120 149
32 149
125 132
95 125
89 125
35 80
65 80
80 154
78 141
57 141
10 108
9 121
40 121
24 121
39 144
105 144
31 144
56 133
42 138
152 159
85 123
67 85
85 135
151 158
62 96
62 113
8 63
63 109
59 63
63 132
125 131
88 145
33 94
33 47
5 33
33 129
33 116
50 136
50 102
1 72
1 99
1 148
1 120
1 136
40 127
23 127
127 137
127 128
46 76
46 66
16 104
16 111
16 17
88 131
3 64
31 64
64 82
64 145
86 95
36 110
36 121
115 140
29 32
29 122
143 147
130 158
138 149
41 107
18 60
14 147
14 34
18 79
14 37
107 110
15 114
15 45
103 121
19 106
19 84
26 122
112 155
90 112
69 112
7 77
7 98
74 124
108 152
41 49
21 25
21 97
10 21
0 61
2 28
0 22
0 12
2 83
2 38
16 130
46 118
49 53
33 103
56 86
143 144
36 52
121 142
21 149
74 80
85 91
85 146
19 115
18 142
19 91
26 112
0 146
2 52
