-3.070848
1
11
633
102557
24 59
13 73
29 56
24 47
43 68
25 70
1 23
17 19
28 94
8 57
25 65
2 10
56 79
1 60
14 52
48 95
68 93
11 61
69 74
19 48
11 80
13 78
36 57
36 93
94 97
32 92
5 78
20 61
80 99
22 29
31 78
92 97
35 47
31 60
27 42
27 95
30 98
15 93
78 99
9 79
17 75
13 53
41 74
58 81
8 39
34 47
76 81
5 43
41 51
20 95
69 98
22 89
4 14
33 34
34 65
38 85
7 93
52 92
0 29
13 38
44 95
6 77
59 77
21 34
26 30
12 95
37 75
34 66
49 85
14 45
16 35
62 92
35 87
4 87
58 86
9 54
55 70
13 96
89 90
45 51
14 86
35 64
13 84
10 50
80 82
2 3
18 47
29 40
39 55
34 50
13 90
14 91
13 88
6 71
80 83
21 67
26 63
37 72
12 46
