53.287978
1
125
9
7844
54 81
71 237
390 444
80 486
198 326
14 444
6 486
262 326
19 326
201 486
76 264
120 444
149 276
70 276
423 444
324 341
143 341
361 388
71 345
15 351
93 487
150 487
247 290
89 305
298 487
336 345
29 345
232 305
225 351
225 290
276 345
193 349
207 349
351 388
27 272
84 408
196 384
250 384
371 384
223 259
128 259
142 175
27 109
119 322
77 109
280 322
59 175
250 450
240 486
287 326
59 135
31 267
316 410
193 308
65 215
157 491
276 403
276 358
411 412
24 412
182 412
145 164
24 116
463 493
156 493
334 493
208 498
341 457
165 341
52 444
134 482
315 353
317 331
310 478
126 470
222 462
409 461
31 307
55 249
58 353
288 462
270 307
216 249
17 482
328 353
65 307
356 386
152 482
264 347
355 427
83 478
149 421
82 470
319 461
85 188
33 427
211 254
400 488
76 188
296 488
221 331
122 430
8 469
437 488
446 469
50 347
401 461
237 430
125 421
239 386
97 427
212 386
321 347
113 478
199 430
121 421
447 462
184 331
40 249
46 469
54 470
41 155
130 155
352 388
388 432
290 448
243 305
248 351
290 391
349 468
349 352
282 333
7 394
103 394
107 230
72 230
30 159
191 332
158 162
74 163
26 60
150 363
32 100
102 454
257 398
105 339
161 339
5 372
189 313
312 342
187 426
127 219
111 137
61 219
139 214
108 342
73 414
251 265
23 137
154 214
297 426
168 313
75 129
329 457
114 303
183 408
408 474
175 370
322 476
259 278
109 410
175 385
109 424
278 441
179 475
276 359
116 389
164 165
164 292
116 275
77 90
28 90
140 200
350 477
305 327
52 164
30 60
254 451
188 286
101 254
327 349
155 176
52 477
305 465
2 110
22 91
3 37
36 160
4 68
49 252
78 87
44 51
88 204
364 466
170 206
79 106
20 213
202 354
289 470
394 441
67 323
230 240
259 402
109 363
231 487
100 417
60 294
162 261
16 173
16 248
16 66
48 233
332 407
332 467
100 235
163 471
60 263
48 101
181 402
48 151
16 330
162 392
116 163
172 425
172 495
172 181
131 136
289 332
100 289
331 402
398 405
339 428
342 492
372 433
313 472
104 129
454 485
137 343
370 454
414 439
129 309
219 362
426 475
214 344
265 496
333 455
43 293
43 419
43 346
303 304
259 383
116 443
164 209
52 426
276 497
90 277
62 486
18 449
316 449
219 289
52 138
200 404
200 350
231 322
94 322
242 246
218 452
218 302
242 460
218 415
242 434
94 179
94 413
94 224
144 347
110 135
110 166
218 289
339 363
231 430
231 307
160 436
206 431
106 416
466 483
252 279
87 435
213 299
21 399
21 271
37 357
206 381
204 499
51 397
37 438
21 215
354 393
204 498
466 473
160 167
213 376
68 378
91 229
91 169
354 396
106 380
68 190
295 349
144 455
162 374
163 209
48 359
37 52
129 327
137 327
30 295
0 34
81 178
47 177
373 386
141 469
100 144
60 144
175 382
34 423
94 323
372 465
43 443
172 242
131 194
63 353
136 477
203 341
180 267
180 185
180 287
382 482
141 163
204 363
87 402
314 345
132 479
174 340
56 480
124 153
192 422
39 96
39 256
147 442
99 450
301 311
56 284
147 440
192 379
99 255
132 456
174 285
10 234
124 318
10 291
39 338
147 490
12 42
1 266
226 481
25 406
25 157
99 269
25 171
1 92
56 320
123 260
12 306
12 205
226 245
123 281
226 258
301 458
123 464
192 241
124 366
301 420
1 227
132 238
174 368
95 351
461 497
11 148
11 494
365 477
30 268
326 459
192 289
373 414
141 342
365 488
295 427
295 462
197 208
252 383
87 244
51 418
44 348
334 367
53 412
53 493
313 360
186 388
117 384
99 323
1 323
9 487
178 217
159 177
53 478
90 360
214 274
62 454
194 228
63 242
116 369
38 354
38 252
10 374
130 210
28 86
201 387
283 466
213 283
63 68
289 489
273 408
206 360
323 335
197 220
57 64
164 377
363 453
369 394
35 91
35 51
148 367
146 402
249 429
160 365
38 124
180 283
132 382
112 230
325 332
162 429
45 144
86 408
25 35
123 497
210 243
231 300
377 398
265 273
12 62
39 274
147 274
226 365
195 200
98 183
186 303
57 138
52 387
38 45
283 337
63 115
35 236
110 133
13 104
106 325
445 497
236 268
56 133
118 274
9 10
301 459
62 118
112 174
69 484
69 398
13 414
253 375
300 375
253 395
