8.533966
24
30
5042
12173
149 152
20 177
108 185
85 194
168 177
40 86
129 179
155 177
22 98
58 111
165 186
122 155
102 133
29 195
80 196
95 199
112 180
66 181
70 137
37 70
176 195
23 176
110 174
17 174
39 145
48 105
105 141
8 105
90 105
105 179
105 126
78 105
74 109
29 109
109 180
21 174
104 135
47 177
94 184
68 138
36 68
71 145
48 175
175 187
41 183
143 154
105 198
42 61
51 198
118 144
19 144
63 105
94 125
125 151
33 125
27 163
9 64
64 189
30 64
53 169
162 167
167 170
106 150
36 142
132 182
132 178
117 126
113 178
40 113
83 113
157 188
157 182
112 157
109 161
34 62
52 82
82 86
123 162
24 103
103 165
91 177
5 54
54 95
97 175
64 72
39 87
87 88
21 139
0 140
140 153
111 140
70 140
37 93
93 185
12 84
27 184
53 123
44 181
12 55
116 186
116 170
116 129
42 116
63 190
71 139
147 152
184 190
61 144
70 147
62 79
130 140
117 159
11 160
11 107
11 13
35 59
35 122
2 194
2 121
2 102
2 60
96 143
96 196
69 142
47 113
100 183
100 154
31 51
28 169
56 66
0 56
56 85
56 65
84 125
32 79
32 72
77 197
77 78
34 56
44 109
106 144
31 131
69 140
11 26
25 110
25 46
9 25
25 67
140 154
11 104
1 57
1 199
73 158
6 73
15 73
7 80
7 38
120 134
134 148
134 150
43 156
43 149
164 171
164 191
54 55
164 174
3 146
101 128
101 172
3 92
25 184
99 131
14 121
14 193
45 98
49 124
16 75
18 119
115 193
115 166
49 141
10 136
75 114
119 127
10 108
76 115
81 89
81 173
81 192
4 28
50 101
101 184
26 119
3 154
119 159
73 113
45 131
4 75
81 99
