1.898974
71
9
29
15979
36 83
0 78
11 82
31 82
17 88
78 88
22 88
1 7
1 36
1 27
1 93
1 32
4 66
41 66
66 67
5 8
66 75
5 64
5 57
76 99
7 44
47 85
9 42
6 39
6 97
6 18
6 48
46 49
49 97
35 60
10 52
10 29
37 79
37 96
9 14
14 69
16 59
16 85
45 83
4 45
18 45
45 81
21 39
12 64
12 32
12 22
12 59
12 29
13 98
38 86
38 67
38 80
55 94
55 92
58 62
24 52
24 50
53 94
3 81
15 27
66 82
71 82
63 99
63 73
76 88
19 82
40 88
1 79
56 91
5 42
74 91
44 84
56 65
62 82
19 61
54 72
72 87
33 34
6 23
23 34
65 70
25 71
54 74
51 70
21 51
25 77
53 82
20 82
2 5
88 95
47 90
6 89
43 96
30 33
68 84
13 89
15 60
28 87
26 90
