14.448535
1
57
14
863
54 280
75 104
86 171
93 171
65 128
101 291
140 247
60 217
246 287
21 196
34 172
122 201
77 227
197 247
15 230
135 230
80 201
67 217
212 217
123 259
35 295
114 196
70 98
192 266
194 266
86 266
99 266
164 186
4 259
1 195
91 259
154 156
23 156
192 230
144 255
196 247
116 230
104 275
107 269
66 227
12 164
107 291
219 291
41 172
5 116
14 116
115 116
67 128
45 57
7 195
250 295
54 295
265 275
16 280
209 275
212 280
245 269
9 298
133 298
220 247
39 192
82 248
4 111
51 111
34 111
144 172
126 172
56 201
193 201
45 70
132 160
108 163
68 163
163 269
57 163
185 269
170 275
63 170
38 170
81 146
48 146
70 241
160 241
160 176
121 176
176 255
160 260
186 260
33 158
158 196
43 241
286 299
30 299
241 299
148 191
89 275
89 255
50 89
90 260
155 247
110 227
18 153
236 298
178 287
118 255
113 287
8 191
8 102
134 164
105 195
27 160
27 192
20 216
114 228
114 258
98 149
98 165
98 294
111 234
70 180
160 251
104 215
196 243
248 270
248 267
278 280
246 262
128 159
128 296
280 284
70 216
205 230
171 175
159 248
64 74
176 238
102 297
102 142
103 221
29 40
69 125
43 130
43 173
158 257
158 205
21 231
88 231
98 187
102 187
58 191
89 225
89 290
108 147
90 117
90 263
90 252
98 240
104 235
192 210
160 211
104 151
170 206
102 131
176 254
186 292
153 239
8 127
8 277
8 207
13 189
150 189
2 249
39 249
62 283
23 138
25 201
106 241
27 44
27 223
27 95
227 288
130 152
156 288
10 226
80 226
74 204
128 208
186 208
221 279
139 188
40 256
221 268
139 152
125 179
139 202
58 105
58 232
58 222
73 195
147 200
8 264
6 224
172 229
66 157
143 274
38 145
36 59
49 87
213 285
146 276
166 196
47 171
17 280
84 128
43 289
63 71
153 242
191 199
97 192
272 275
24 255
37 136
52 183
37 55
37 109
120 138
243 283
52 141
124 186
124 298
167 260
26 227
26 116
70 85
132 261
22 287
22 269
94 230
125 190
125 208
137 192
137 201
79 155
31 153
32 110
145 282
224 262
274 278
19 174
114 119
114 218
164 281
111 168
104 184
156 273
161 164
150 168
61 287
28 244
162 191
72 217
146 244
74 276
71 237
31 221
40 84
129 260
100 299
78 280
169 295
83 182
52 214
32 271
52 208
95 198
173 253
59 264
46 92
46 120
3 42
0 171
37 47
157 242
40 177
53 203
53 131
166 182
199 233
74 96
261 285
11 214
174 181
87 112
17 112
0 181
96 190
76 273
3 293
78 293
