21.991652
1
58
6
998
14 122
38 168
65 170
71 95
40 111
143 184
12 243
81 195
105 150
187 189
54 237
42 207
112 207
97 207
104 201
91 245
171 245
90 176
102 153
106 206
57 238
34 176
14 238
15 153
185 238
67 78
86 150
32 172
85 172
38 93
82 227
73 227
164 244
40 244
181 244
30 146
222 245
6 18
45 70
10 58
19 37
193 206
153 186
113 153
145 176
51 214
28 214
78 84
78 116
65 169
168 198
160 197
132 239
24 53
178 241
183 197
66 239
12 198
48 53
79 169
121 197
77 239
234 241
209 241
39 61
39 60
43 68
33 68
172 190
22 229
41 93
93 129
93 223
22 246
17 218
175 231
230 231
63 218
166 174
95 141
6 109
30 44
21 36
3 117
122 165
104 141
59 120
83 120
118 174
150 206
60 227
1 64
112 114
58 184
29 155
29 46
37 170
37 215
18 144
18 128
124 243
124 167
89 137
89 119
89 179
18 225
70 212
29 31
58 111
89 145
124 154
55 177
140 173
16 47
20 214
142 198
96 107
9 147
53 195
169 236
23 224
23 41
23 103
23 203
70 126
78 176
7 163
8 211
105 163
75 211
81 156
75 110
39 238
117 237
165 235
36 50
109 219
165 220
174 233
109 196
120 134
44 76
44 125
141 148
64 99
64 98
114 249
114 240
124 162
173 189
47 133
177 182
173 228
147 152
147 192
107 135
49 71
49 204
107 136
49 80
29 245
74 142
5 115
5 27
5 86
151 193
151 210
151 217
68 162
70 78
37 39
218 248
72 130
2 11
72 159
129 156
2 213
2 199
72 247
87 150
221 238
100 126
177 242
52 69
52 187
100 207
107 206
4 113
4 62
26 54
26 149
166 191
110 242
37 127
123 150
74 78
36 146
141 146
146 174
127 198
1 208
25 131
35 153
150 202
221 231
39 232
117 127
87 241
94 201
201 205
202 245
88 176
146 232
2 127
93 139
22 88
158 172
13 20
23 35
120 138
35 218
18 94
92 127
70 157
56 58
108 214
47 138
208 248
0 180
200 239
139 197
201 226
68 108
101 201
206 226
158 231
72 138
138 232
131 172
56 177
157 173
147 205
5 200
35 188
161 232
13 58
161 194
47 216
0 117
