18.804083
1
63
2
10961
130 219
93 261
97 106
19 115
45 279
56 187
94 254
153 154
259 269
43 188
22 274
117 118
42 118
61 118
128 207
118 285
20 182
47 182
114 182
53 182
97 138
136 138
5 138
21 102
149 207
118 287
160 264
28 264
38 264
261 264
125 244
178 244
18 244
138 157
60 253
36 253
82 104
51 249
45 150
117 249
19 104
39 150
194 253
29 195
121 141
79 161
47 238
81 108
30 161
68 101
201 238
102 258
123 156
8 62
17 159
191 296
191 279
191 239
17 213
17 94
27 115
148 223
53 208
253 257
64 104
150 171
161 277
141 268
108 155
239 293
238 288
141 226
101 149
108 196
102 116
101 275
10 119
10 162
10 197
62 190
10 64
27 49
27 299
77 225
77 206
77 154
148 209
148 163
96 241
211 222
72 166
48 241
78 166
203 222
92 166
112 124
49 112
40 256
1 252
9 212
93 218
199 256
60 218
6 185
0 281
76 252
11 281
75 218
42 185
113 185
12 262
158 221
50 133
122 281
127 212
237 252
152 165
32 133
110 165
31 212
223 241
147 221
7 170
105 126
73 232
26 126
4 131
35 65
24 70
14 142
135 168
84 251
54 227
123 168
136 177
30 227
16 177
104 297
249 260
33 34
106 120
44 98
128 289
56 63
161 284
90 276
180 265
62 265
195 222
143 236
256 269
167 262
189 262
232 290
126 132
170 224
131 153
13 43
70 230
70 179
69 235
69 181
91 220
91 292
13 183
131 145
13 22
107 200
3 286
25 37
25 204
3 83
107 140
65 80
142 174
142 193
41 146
41 229
46 137
46 280
58 71
58 87
58 248
41 95
173 259
67 198
173 246
173 188
85 187
67 192
63 109
98 274
210 291
120 175
184 210
289 295
226 255
15 250
69 297
251 283
85 236
15 276
52 260
6 240
20 231
82 215
92 234
219 267
24 88
62 182
66 102
55 102
17 238
182 294
55 191
17 55
118 164
209 271
119 245
71 144
87 215
207 252
176 189
246 263
151 167
247 272
134 184
3 207
161 293
104 180
46 207
90 108
207 243
77 90
29 185
100 116
89 283
29 58
247 284
138 273
103 294
29 214
191 255
262 293
180 212
156 218
90 170
66 217
264 266
55 131
173 293
142 156
25 156
186 244
202 253
202 249
150 186
74 118
2 156
27 59
108 111
23 62
141 216
101 282
243 293
57 238
139 148
118 134
172 180
77 242
103 298
143 169
207 233
126 217
241 282
166 273
89 138
29 267
221 266
169 281
111 165
41 217
65 139
99 102
232 242
70 164
52 67
191 270
57 85
34 216
273 278
214 278
148 228
129 208
133 263
91 240
65 205
85 86
107 270
