14.766667
1
39
170
20717
54 170
9 109
56 121
2 73
2 145
80 104
135 142
22 170
30 145
104 176
100 166
63 105
121 139
97 102
82 102
47 52
26 88
60 161
3 169
87 120
83 177
42 105
40 80
6 170
96 169
5 47
36 37
38 47
132 169
28 145
20 177
142 159
23 64
95 159
1 159
148 165
44 125
71 166
46 148
79 166
93 122
68 104
134 163
94 114
118 177
26 148
137 155
84 121
38 44
114 161
67 155
27 114
32 105
37 102
32 107
98 107
86 107
107 157
50 103
99 109
87 99
49 99
62 146
99 144
24 97
116 149
9 116
45 116
24 111
102 171
91 137
10 91
75 116
85 144
12 101
44 101
101 153
108 140
34 140
60 140
10 133
36 133
43 66
62 85
148 178
159 178
58 122
58 108
58 156
58 159
58 59
111 127
74 90
90 103
39 170
39 112
39 177
39 145
39 172
92 100
92 168
21 92
8 92
69 72
16 72
72 107
110 121
110 114
34 61
61 147
61 167
19 41
19 64
39 146
117 125
113 117
47 77
77 104
78 175
78 93
78 102
78 119
72 75
43 129
126 150
70 126
126 172
81 98
29 33
33 163
33 40
101 171
48 138
4 158
48 106
152 173
4 23
7 25
7 66
160 174
4 53
160 162
7 55
15 48
120 160
124 130
0 124
123 124
14 88
14 169
18 166
18 115
127 129
13 128
13 56
13 131
33 50
19 116
76 179
31 51
11 143
73 143
105 136
51 89
65 166
57 151
17 76
143 164
35 51
141 151
151 154
101 126
140 152
124 140
78 92
76 81
48 65
51 152
136 151
