5.300414
23
25
15
9824
51 119
128 143
20 137
94 125
36 75
22 167
86 130
35 130
23 130
9 179
21 179
174 179
138 156
60 156
73 156
7 156
42 100
124 135
78 135
81 135
79 82
79 98
72 162
152 162
51 162
43 102
133 139
118 139
132 139
139 165
126 139
22 147
43 147
65 147
66 104
99 104
92 104
55 104
45 152
39 45
15 45
71 141
9 71
0 71
71 126
71 101
56 73
41 56
2 175
94 175
39 106
10 106
119 176
27 143
17 27
27 87
28 164
53 107
107 166
134 154
18 134
20 134
66 114
105 109
47 110
28 110
110 178
93 141
74 93
60 161
61 150
38 132
38 80
19 38
46 47
89 138
89 137
32 89
89 169
89 96
90 122
13 68
30 67
13 116
5 150
5 54
30 120
1 136
36 149
50 64
154 155
117 121
103 179
77 111
34 76
91 117
91 115
16 42
91 170
16 146
48 62
163 173
79 162
83 113
8 113
113 151
88 178
88 172
103 147
37 76
40 140
37 98
25 157
25 174
40 177
33 86
10 33
135 164
100 142
6 175
79 131
79 108
45 144
38 156
12 85
85 129
85 163
11 130
4 102
57 167
84 95
59 112
59 169
57 105
31 84
3 48
3 153
104 176
24 156
6 134
61 135
58 83
45 142
107 144
11 135
14 79
147 171
27 107
79 123
38 131
158 179
4 13
64 107
27 159
44 173
149 161
24 70
168 171
46 69
29 147
62 107
97 104
45 49
44 148
26 175
1 159
114 127
77 155
109 160
110 145
69 113
14 63
52 122
30 160
13 52
70 85
34 40
91 127
84 121
