10.966667
1
24
4
49346
53 74
7 25
35 89
63 89
7 89
49 89
8 26
26 72
26 53
26 38
14 40
14 22
24 52
5 14
1 34
27 28
15 27
19 24
27 61
24 31
0 1
1 94
24 72
11 85
29 85
73 85
20 84
25 84
62 80
9 92
54 92
97 98
93 98
51 92
60 98
44 48
10 90
36 48
49 68
64 68
56 90
23 90
68 96
39 48
55 77
13 38
17 41
13 76
2 46
55 71
13 43
16 55
41 66
46 65
46 78
41 47
12 70
12 79
12 37
54 67
6 69
69 75
42 50
86 91
4 50
91 95
21 91
87 99
50 57
20 59
59 97
33 78
3 27
27 32
14 85
3 98
83 89
32 90
14 45
26 83
32 88
1 58
1 67
58 85
32 50
32 91
24 87
80 81
48 82
13 45
18 88
55 82
41 58
12 45
30 45
46 81
69 82
30 82
18 33
