10.783333
1
24
5
55214
0 56
2 26
23 81
1 98
0 98
78 98
43 98
26 33
32 33
16 33
2 88
45 88
11 95
20 95
42 95
54 82
4 27
82 97
21 27
27 52
30 82
8 87
5 87
60 87
14 15
15 72
7 9
9 41
9 86
15 38
78 79
53 79
46 70
62 90
55 90
3 70
84 90
49 59
36 83
22 83
49 75
35 65
19 49
57 61
56 57
25 57
31 47
40 92
48 73
39 48
40 58
17 48
24 91
12 47
23 40
10 91
47 77
91 99
64 89
34 64
64 65
68 69
68 94
37 44
44 93
6 50
6 67
6 76
63 68
44 81
33 95
29 69
29 50
83 98
13 33
27 82
71 95
27 71
35 82
85 87
83 87
9 28
15 35
28 90
70 85
35 51
49 85
66 85
13 40
74 79
47 85
35 48
57 96
9 80
70 80
18 51
68 96
74 91
18 66
