58.221152
1
126
11
14944
307 435
247 317
182 418
10 334
76 345
390 425
193 389
115 165
95 413
262 447
92 361
49 369
152 299
381 447
133 418
251 317
280 334
333 361
274 367
279 425
26 312
207 361
62 413
97 165
5 367
98 177
418 438
265 389
316 345
126 345
255 334
344 435
341 428
278 299
358 369
328 354
249 257
129 317
114 367
403 447
128 414
75 401
319 354
127 428
394 401
271 428
302 369
205 248
56 322
283 322
240 322
96 99
20 99
0 99
64 349
91 301
119 143
117 143
177 359
168 354
81 248
14 143
122 248
169 359
257 349
156 349
245 359
221 322
14 221
215 221
74 417
267 417
227 425
162 165
234 389
153 414
190 435
376 418
326 401
277 312
52 312
256 414
83 299
296 396
166 396
158 396
368 438
68 301
111 301
98 417
381 417
217 413
327 360
220 402
264 402
198 340
192 340
38 164
68 164
72 85
87 212
69 191
7 383
214 288
104 146
22 145
230 383
112 343
3 42
107 348
330 348
108 232
218 229
148 378
45 146
65 191
144 290
239 288
43 145
136 229
77 290
157 232
155 378
369 430
367 430
296 380
2 70
63 86
105 405
136 436
104 397
65 206
99 134
301 382
221 421
8 324
143 399
301 400
13 34
360 404
47 360
18 138
15 372
6 161
167 246
8 106
135 189
140 226
130 211
54 110
9 199
39 233
60 238
91 163
36 116
32 260
53 78
249 357
51 185
40 313
37 73
188 210
259 359
12 435
331 375
340 441
164 178
85 443
212 342
145 373
343 355
229 446
288 363
146 432
42 275
378 422
290 445
232 303
134 343
191 338
348 407
383 391
303 430
174 393
174 268
174 336
398 414
101 395
306 395
132 317
57 428
109 143
70 261
85 259
252 420
105 420
86 440
86 88
93 284
410 442
248 321
221 426
359 362
439 440
370 423
34 93
34 35
94 354
59 425
197 401
195 345
29 438
28 438
293 361
293 312
334 431
165 293
388 417
59 349
221 388
276 299
195 389
375 380
138 356
372 397
372 427
138 370
106 424
238 242
233 266
4 180
238 411
357 416
116 150
226 273
260 281
226 329
73 183
185 325
78 141
233 315
110 224
110 332
357 436
260 284
106 179
199 294
163 236
116 222
313 408
211 439
161 409
4 113
211 305
210 350
246 291
78 371
246 311
73 194
161 237
163 172
189 335
189 374
185 385
210 289
402 426
79 125
46 258
79 84
46 405
12 47
79 351
46 353
229 398
159 191
132 383
348 419
146 282
109 288
12 243
102 103
212 362
85 184
225 232
212 431
145 195
59 343
197 378
110 259
226 259
21 430
66 324
66 323
66 208
70 137
248 286
201 320
201 415
201 206
46 102
21 386
1 235
19 196
17 50
30 131
219 304
272 352
170 187
170 223
41 67
33 253
16 241
24 437
30 366
21 314
61 285
272 318
21 310
19 410
228 429
61 120
24 55
19 423
228 337
272 449
31 200
31 297
31 90
16 347
17 124
48 118
41 412
24 44
48 433
1 387
30 176
29 139
29 250
33 213
11 151
17 27
1 175
48 123
16 80
33 444
160 339
11 295
58 202
61 181
160 263
219 364
58 173
170 254
160 309
11 186
29 442
41 377
58 298
228 231
219 434
132 372
78 159
185 398
79 419
57 106
109 260
243 293
171 243
287 447
138 225
102 395
313 321
199 365
4 379
357 379
225 233
46 365
79 184
171 238
199 388
171 189
211 244
161 276
163 276
12 41
28 259
12 170
25 413
300 396
73 406
313 406
70 286
269 360
159 228
11 419
30 282
160 282
198 346
17 57
19 270
61 270
33 270
392 430
147 164
82 85
82 290
154 340
16 379
1 431
58 94
31 244
28 197
24 197
48 171
94 272
210 286
121 282
121 195
121 388
86 154
209 243
25 34
71 349
116 287
147 246
243 346
102 300
212 308
42 71
28 292
174 308
159 203
149 398
59 89
100 431
379 392
132 203
384 419
57 149
204 276
225 448
219 269
94 384
100 286
142 292
23 204
23 448
209 216
142 216
