14.762430
1
35
7
62610
19 78
75 77
80 119
37 45
43 109
3 79
100 132
58 110
80 110
94 110
67 110
39 114
92 104
19 81
62 121
3 121
60 121
94 125
91 125
65 125
113 135
132 135
59 135
45 88
87 98
13 137
46 112
2 88
73 122
41 88
70 112
109 118
38 98
23 98
0 122
89 118
66 118
71 112
30 32
14 48
22 29
81 90
72 96
76 96
16 108
10 53
9 84
5 84
40 53
137 138
85 137
120 122
48 126
31 50
31 83
32 82
29 68
48 79
29 85
29 93
31 100
18 54
26 61
15 21
4 116
64 120
24 99
24 119
24 27
81 127
84 101
108 114
53 134
108 111
96 131
17 49
17 105
17 123
6 102
32 127
7 55
54 115
28 124
42 106
42 129
61 136
61 92
54 74
42 43
21 39
21 104
116 128
116 133
28 35
7 139
24 107
1 103
1 37
1 75
6 118
6 32
6 31
25 69
8 52
25 44
25 57
8 86
8 63
110 117
32 48
28 102
7 107
34 112
29 34
6 21
17 34
88 130
98 130
48 117
34 61
11 64
56 81
11 53
6 12
51 121
33 125
47 137
56 122
34 95
25 130
8 117
51 96
84 97
17 97
12 130
33 116
47 54
1 20
36 95
