45.966667
1
97
165
766
39 339
242 269
127 232
73 339
67 265
195 339
134 202
2 340
82 202
5 263
37 265
112 218
184 200
78 254
242 334
123 183
117 222
94 310
264 292
148 183
85 245
32 311
116 245
164 202
136 311
105 245
67 92
306 310
300 332
168 311
151 337
54 265
124 334
172 232
35 222
98 200
171 200
131 263
314 327
182 292
2 263
32 227
89 183
196 222
168 196
213 292
13 232
215 312
267 312
191 240
192 310
262 334
248 312
106 280
181 280
132 174
113 132
49 132
47 199
7 47
47 186
47 88
33 47
79 100
317 342
303 342
218 342
259 340
77 259
53 259
63 176
92 176
176 231
85 142
103 227
11 103
44 103
195 308
249 283
252 277
75 277
122 249
155 284
152 277
71 249
129 284
163 284
284 286
61 249
229 292
50 143
23 143
143 257
263 338
147 200
147 265
27 68
68 228
68 206
42 174
328 334
150 297
296 343
150 285
150 302
150 237
276 324
41 347
276 337
41 203
41 151
339 349
158 329
61 158
158 261
121 239
96 247
26 137
211 272
217 235
235 271
120 137
64 111
189 243
305 315
52 278
188 305
272 331
111 304
0 145
12 279
279 326
86 343
119 247
166 169
236 278
69 145
243 348
25 272
137 177
239 344
110 279
21 111
29 166
58 268
278 319
130 239
209 268
268 322
139 305
145 156
86 216
204 235
72 166
247 299
30 243
87 309
293 310
202 293
87 210
87 191
138 165
138 335
190 240
190 223
138 175
190 233
60 222
8 183
245 333
234 254
43 234
234 241
250 325
112 250
250 301
16 193
83 126
62 167
65 230
83 90
45 74
9 346
91 107
45 198
16 97
40 232
1 160
22 28
65 159
22 162
55 118
62 246
101 287
101 178
38 135
15 273
38 266
83 153
65 288
15 93
9 291
15 114
101 295
221 282
9 17
38 84
281 330
281 320
1 141
91 180
62 336
91 208
55 321
281 318
22 205
1 104
45 341
55 194
18 300
244 294
48 201
95 207
57 59
59 260
36 316
36 323
56 290
6 56
56 78
18 187
185 251
18 255
102 128
4 88
140 311
4 269
102 285
140 312
4 108
16 345
157 307
80 81
3 314
70 95
221 256
157 313
81 214
3 212
179 244
244 286
95 146
46 157
99 170
99 186
59 289
48 51
81 253
76 185
34 48
185 225
36 100
149 221
99 238
226 280
132 226
14 82
47 296
277 342
296 342
147 259
14 280
79 166
142 274
143 328
79 234
79 221
66 79
219 258
147 270
270 296
133 219
68 133
42 154
103 349
125 154
42 109
220 229
226 274
150 275
42 173
41 338
176 224
19 308
56 142
45 142
91 142
20 220
157 308
18 308
10 68
8 229
115 277
161 249
3 284
125 298
243 338
226 305
219 239
111 296
258 293
1 229
4 229
62 328
244 328
16 219
99 219
87 275
109 161
10 190
144 173
279 293
60 137
247 333
24 298
144 268
24 272
144 278
224 235
145 224
138 144
19 31
31 250
24 55
9 40
197 281
22 197
101 161
59 161
40 185
15 115
81 197
31 83
65 115
24 95
31 48
66 197
40 66
38 140
