8.427776
1
56
0
8419
21 228
117 277
20 167
77 123
204 249
90 194
4 216
104 236
108 173
175 186
63 273
152 183
66 133
65 205
154 187
155 237
64 178
156 271
155 290
62 217
156 171
79 194
151 287
69 78
151 207
71 254
72 130
72 279
149 210
147 298
74 182
75 110
75 150
77 214
78 197
83 176
172 272
43 164
44 48
44 82
44 252
182 189
45 73
45 231
46 62
181 277
180 186
180 185
49 65
50 65
173 214
156 285
172 241
169 222
54 162
54 170
160 172
159 181
56 177
56 215
56 223
58 142
60 122
60 234
157 217
108 120
101 155
102 124
102 218
102 261
103 184
128 180
127 199
104 266
105 167
125 157
123 139
107 178
107 270
100 231
110 165
111 114
111 239
111 245
113 248
113 257
115 192
120 268
116 239
120 203
117 231
118 132
119 177
92 100
81 119
143 195
286 287
143 170
140 258
139 179
85 196
85 213
86 105
87 219
134 264
89 210
133 146
79 278
130 263
129 248
93 113
94 234
95 187
95 198
96 164
96 175
97 137
98 208
98 262
99 140
99 204
235 269
244 255
243 293
243 245
243 244
12 63
12 254
13 62
13 148
14 253
15 84
15 126
15 191
16 137
237 267
18 283
19 196
20 181
21 87
22 57
22 282
227 276
226 253
225 229
25 116
25 231
26 76
26 109
5 34
0 135
0 136
0 228
0 278
1 6
280 293
2 68
2 230
2 259
3 71
271 274
3 158
3 216
4 56
42 183
266 294
266 289
5 275
5 283
6 90
6 141
260 298
6 294
7 18
7 78
259 263
250 299
9 214
198 211
29 58
30 235
31 111
212 213
192 270
202 264
38 157
39 66
220 260
27 200
33 143
34 166
222 265
201 218
40 64
41 112
198 202
198 199
182 284
183 209
41 251
184 246
26 296
185 235
27 168
27 171
129 131
193 263
166 221
163 292
255 298
193 242
122 232
172 233
121 214
119 298
281 291
182 224
121 138
274 281
190 206
243 247
192 247
172 297
127 174
192 288
227 274
220 292
155 174
143 288
144 206
144 255
145 188
233 255
229 274
145 292
214 256
224 250
224 235
148 183
222 267
150 181
151 206
198 295
129 238
242 298
157 291
206 210
129 224
156 180
137 188
213 247
138 295
32 55
36 78
35 232
35 52
32 258
32 78
32 58
28 240
28 156
28 118
26 213
26 156
47 246
47 151
44 274
43 80
41 280
39 119
37 266
37 88
36 253
10 240
10 55
8 254
8 201
11 28
5 161
5 70
3 59
2 53
0 83
24 111
23 292
22 92
17 153
17 52
15 161
91 120
91 98
88 247
80 153
106 157
61 206
53 67
51 190
65 247
62 256
