17.291922
1
63
10
357
47 147
12 13
94 273
208 273
27 273
9 214
123 214
157 170
117 170
128 217
87 217
118 344
128 171
34 228
42 114
14 178
225 236
9 199
119 199
153 192
131 199
74 219
147 192
136 219
12 199
131 227
199 285
77 227
219 244
89 244
137 244
7 244
47 349
141 349
134 349
16 323
267 315
306 326
81 326
262 323
16 315
263 323
322 344
97 290
255 290
44 182
162 215
67 324
79 232
60 232
99 232
102 171
10 31
71 220
217 220
161 220
40 331
281 331
51 331
215 290
49 88
138 247
205 247
132 214
167 329
10 139
263 321
214 289
170 184
156 217
96 170
89 254
219 292
72 219
192 213
184 192
234 338
60 264
125 154
22 297
209 344
231 344
139 285
39 285
196 285
304 317
166 317
283 299
66 299
178 299
4 240
250 303
43 303
243 257
186 240
148 224
29 224
149 224
143 303
6 257
111 288
46 288
109 284
33 284
88 315
126 323
326 340
323 334
67 233
181 233
182 209
54 61
82 84
53 202
53 297
215 338
215 343
171 249
183 349
91 116
2 259
20 107
127 259
266 328
14 253
63 253
37 107
3 93
23 116
251 334
227 259
15 273
129 175
126 220
247 329
234 237
85 246
88 168
247 264
106 238
106 207
106 154
139 231
139 163
282 305
65 75
126 341
252 317
187 347
22 347
108 347
28 150
28 142
28 291
257 329
11 85
11 261
11 193
197 257
32 155
284 329
116 194
198 235
179 265
171 265
227 235
5 285
233 270
219 337
105 245
182 211
61 256
61 311
84 197
84 308
84 135
114 180
180 199
183 224
259 286
253 313
93 229
15 72
175 258
112 336
26 185
223 327
133 218
94 174
206 271
153 185
42 327
100 278
125 336
220 287
88 310
0 285
237 296
237 300
126 211
15 240
75 201
58 276
58 195
58 190
58 103
28 248
19 171
24 285
155 318
169 232
5 241
38 39
265 282
265 269
38 160
5 17
235 339
182 204
143 159
225 279
41 344
170 212
134 298
124 200
192 280
236 280
54 122
228 260
34 164
203 245
183 335
55 171
18 324
245 272
61 115
326 333
215 333
58 173
107 277
1 21
1 230
1 83
52 329
38 294
190 271
52 346
151 278
103 218
0 96
0 8
0 69
52 86
35 227
215 298
18 268
183 245
210 227
75 115
15 155
101 244
50 106
24 329
141 293
138 302
23 275
145 348
50 176
155 335
28 95
189 301
235 248
71 325
158 247
303 342
274 290
164 177
279 320
104 126
183 312
233 342
175 301
105 221
11 55
78 102
49 76
140 273
121 140
51 98
48 188
122 242
145 173
172 227
52 130
188 349
95 116
62 132
73 106
113 316
56 305
113 196
144 254
78 90
144 165
62 64
152 317
173 200
189 314
28 73
299 309
146 315
98 290
64 68
59 75
101 288
170 226
194 222
142 216
165 345
15 70
182 295
21 330
80 182
56 242
260 319
212 347
84 152
61 191
173 210
284 330
107 309
191 253
76 151
92 156
332 337
45 252
239 288
25 169
30 294
307 328
93 222
19 159
172 175
120 312
57 130
110 287
36 277
226 319
293 307
