47.238095
1
117
153
3267
31 419
204 437
250 437
222 464
309 358
329 364
283 452
335 399
66 386
55 387
170 381
273 279
190 386
203 386
321 414
75 265
476 499
440 492
56 135
44 437
219 321
140 190
157 358
468 483
335 401
423 465
99 135
296 486
289 350
117 350
350 378
438 461
33 465
40 399
351 396
316 465
79 135
276 308
260 332
64 487
455 471
270 496
380 396
257 499
88 117
199 467
456 461
352 387
169 371
75 446
247 499
210 416
50 280
220 426
442 492
395 464
361 496
347 364
305 496
126 487
164 486
320 414
129 467
19 387
34 492
62 238
221 374
39 332
227 404
131 467
23 255
95 381
338 483
401 414
224 332
348 452
192 399
318 381
82 461
149 185
61 374
98 419
3 487
356 452
186 445
298 374
30 387
73 396
121 277
123 464
72 98
18 140
74 358
231 416
291 364
133 145
218 486
446 483
326 419
0 55
420 428
308 420
325 420
152 433
142 433
132 433
134 230
65 230
388 473
58 388
175 388
169 469
232 469
184 469
106 174
29 383
383 495
208 383
166 209
282 349
239 282
42 282
30 282
84 201
135 201
154 201
201 372
42 188
188 490
187 188
24 201
58 236
139 156
18 156
156 422
37 359
240 298
226 315
280 373
272 373
373 482
44 237
206 261
121 261
261 309
230 237
45 411
259 284
284 286
277 284
307 488
448 488
463 488
363 370
171 268
334 403
90 366
7 366
366 370
407 471
359 407
282 336
300 315
332 384
70 445
387 409
409 483
70 379
70 494
424 455
150 424
350 424
394 424
350 369
211 336
22 390
14 22
0 22
22 109
93 209
338 354
168 289
168 364
195 322
87 195
72 195
28 443
77 108
77 165
28 413
28 147
36 77
28 438
77 449
216 247
80 405
383 384
268 300
122 344
122 145
146 249
91 472
91 444
128 194
194 486
146 185
35 91
122 227
146 220
327 440
231 327
330 397
397 406
242 397
397 426
155 343
107 155
157 160
160 466
160 314
50 160
237 373
89 437
273 274
176 274
274 400
274 475
327 388
327 469
12 243
12 343
12 177
12 427
11 246
101 396
16 303
16 177
101 141
16 421
16 394
125 482
135 470
200 493
200 466
85 265
97 194
236 366
97 333
229 349
229 499
148 419
402 465
158 191
191 452
112 288
112 365
57 315
11 469
219 410
67 410
410 480
172 405
315 384
45 397
81 324
310 324
324 389
287 430
225 287
54 287
287 352
86 470
104 379
104 493
104 371
4 104
216 411
124 254
275 415
390 415
415 484
181 481
76 181
178 181
38 269
136 431
38 334
8 49
5 341
53 238
113 385
136 301
136 385
53 337
292 414
182 456
78 234
78 417
113 340
53 285
8 485
113 276
113 128
5 102
8 120
136 154
43 432
43 262
43 448
38 96
5 278
235 240
23 103
103 485
103 111
292 433
196 358
172 201
312 369
387 425
425 475
127 189
62 127
127 345
235 261
179 213
149 179
94 384
251 461
80 393
101 211
10 410
57 254
86 415
93 168
464 474
8 174
342 409
403 424
195 284
92 331
167 418
92 491
167 223
137 382
116 153
68 441
2 137
27 68
197 339
173 263
68 302
9 319
241 267
116 479
9 451
159 459
59 173
241 306
137 294
71 167
159 233
197 346
60 159
9 183
173 450
100 420
230 477
133 311
311 376
311 436
110 330
110 264
32 118
163 186
151 215
281 317
299 460
118 412
323 357
399 439
163 391
212 487
25 360
252 392
295 458
144 304
207 252
317 457
367 408
6 367
290 323
271 304
467 498
13 215
217 489
83 217
63 299
198 252
458 497
114 217
15 299
228 317
193 258
119 360
205 367
258 266
360 478
47 118
304 362
258 279
375 458
215 429
261 274
69 188
248 393
214 226
214 453
433 498
130 246
130 462
37 112
52 381
52 386
256 313
256 454
20 328
41 398
46 253
1 21
138 496
17 377
17 293
20 48
46 297
256 353
41 244
1 180
1 161
46 245
20 115
41 434
143 368
143 165
143 355
435 492
17 26
168 384
105 236
8 236
51 342
91 409
202 248
10 323
156 251
78 261
363 402
162 488
43 124
9 236
77 89
12 122
53 384
181 202
168 410
474 488
94 116
312 447
28 196
85 324
46 409
212 354
168 215
194 197
5 191
51 92
136 292
5 38
125 241
41 101
191 360
162 367
162 317
68 69
148 256
173 182
159 292
167 182
182 458
105 138
20 477
100 304
137 439
100 299
252 435
118 435
1 447
138 217
17 138
