0.119828
1
24
0
31212
148 156
48 116
87 152
83 95
23 89
56 123
68 126
52 60
52 142
27 42
55 78
55 93
56 107
67 140
62 120
57 145
63 122
58 150
60 86
62 95
35 159
0 124
28 133
29 34
30 46
32 82
33 62
33 63
35 47
47 113
36 81
39 62
41 92
43 83
43 151
43 152
46 121
109 140
92 125
97 106
98 146
101 125
102 154
104 159
105 118
91 157
113 139
115 135
116 124
118 139
119 131
121 130
123 125
135 156
81 87
70 126
70 158
71 97
71 117
73 119
77 94
77 148
78 102
70 110
82 127
84 98
84 144
88 90
88 114
91 131
91 145
19 94
22 112
5 20
5 85
20 58
19 158
5 149
6 81
19 155
8 150
10 96
11 23
11 37
0 38
19 48
18 91
11 99
18 35
12 56
13 73
16 142
16 96
15 57
14 51
14 46
3 34
22 146
1 53
24 96
1 21
75 138
72 100
72 141
72 144
72 153
75 102
13 68
76 129
11 143
1 27
11 69
1 104
79 80
79 88
136 138
65 124
62 147
137 141
13 134
128 143
13 132
70 111
130 140
80 117
13 64
96 108
88 147
91 108
111 129
7 103
4 34
5 69
4 97
102 103
5 9
82 128
2 17
82 136
2 64
9 81
35 74
38 72
40 65
41 96
35 54
44 46
45 56
45 66
31 66
26 124
28 97
25 125
31 140
25 61
17 34
59 66
49 66
50 59
