16.946410
1
47
1
42543
4 146
3 68
172 198
148 166
59 130
75 135
12 58
44 103
46 58
31 103
89 161
39 199
89 135
89 133
89 182
103 107
103 118
39 100
106 186
11 33
36 108
40 115
41 108
42 108
61 90
44 49
29 115
68 73
123 193
48 90
131 151
172 193
26 90
10 33
23 156
17 111
96 193
87 134
101 134
14 73
67 151
54 134
65 111
51 115
89 159
39 197
39 132
103 197
49 69
24 85
24 88
151 187
79 83
79 129
181 193
100 170
79 181
79 195
49 86
33 74
73 106
24 121
73 185
33 56
13 57
5 145
35 80
34 95
23 52
66 124
7 95
65 70
76 158
3 20
105 158
112 191
16 93
27 188
15 80
4 82
141 163
57 75
59 145
54 163
43 196
53 82
146 188
119 127
45 94
22 28
10 28
136 191
148 191
150 163
81 117
98 196
165 174
84 113
19 113
0 188
18 183
6 30
70 166
37 171
18 190
37 167
37 140
63 72
70 99
20 176
63 71
127 137
122 196
120 122
62 177
62 114
60 128
60 104
60 97
124 138
55 109
52 189
52 143
55 142
82 130
80 157
62 147
93 178
6 110
28 32
6 175
113 149
95 179
94 153
93 169
174 184
158 180
63 92
127 159
57 173
152 173
117 185
1 56
124 132
17 78
32 154
153 168
38 198
58 64
58 125
91 162
125 156
64 151
25 33
24 170
90 155
39 144
8 186
50 186
57 162
70 162
63 162
144 186
49 192
37 116
52 116
64 194
28 64
47 91
49 126
90 126
82 170
102 156
25 60
79 160
1 108
125 158
8 134
124 125
170 196
9 156
113 125
2 115
21 155
6 21
21 93
162 164
80 102
160 174
77 186
50 95
62 102
39 78
58 168
38 162
47 55
2 188
18 120
139 152
