25.268124
1
74
1
495
94 119
61 88
77 239
113 254
186 344
203 263
53 273
78 342
4 314
65 124
8 330
28 54
167 238
116 170
99 318
341 346
66 271
88 284
135 284
24 152
27 340
203 340
80 83
1 40
65 83
23 260
23 216
101 152
23 182
152 176
23 124
40 171
32 59
32 265
83 115
40 200
32 125
279 339
279 333
118 294
94 102
191 222
202 211
162 294
104 150
213 331
106 217
150 239
43 143
135 169
144 211
219 331
93 211
2 89
120 211
134 169
131 294
96 105
45 235
120 222
40 194
169 174
217 236
169 251
217 310
222 273
243 255
235 280
235 307
9 20
60 240
10 189
34 313
34 188
34 54
33 288
33 285
33 186
10 278
201 266
9 31
42 98
42 46
9 323
41 262
41 170
41 92
60 226
89 320
82 91
110 201
108 233
82 263
108 269
82 168
108 253
102 133
143 205
150 330
143 234
228 266
89 109
102 112
89 195
113 151
155 183
153 224
157 348
85 283
63 177
70 246
123 246
161 268
69 347
8 137
97 111
64 283
87 347
61 62
37 324
4 179
12 22
78 181
145 337
199 207
198 277
17 21
187 277
16 224
180 277
30 184
3 275
141 332
55 111
344 348
1 184
28 74
138 221
117 178
129 183
53 177
12 311
57 221
229 290
48 290
136 178
232 322
119 332
13 132
44 163
175 214
67 304
249 324
254 304
68 177
19 268
267 324
165 304
100 181
281 322
96 275
36 151
291 348
35 224
305 337
52 84
60 247
10 274
204 300
222 276
217 252
331 333
21 271
130 179
6 215
137 238
137 297
51 230
25 345
114 338
114 243
51 342
22 220
5 58
237 315
111 116
6 29
6 75
25 172
15 101
15 126
109 246
11 122
5 66
11 107
148 196
184 336
90 121
225 327
207 257
207 346
225 292
214 314
214 328
74 245
181 210
148 208
158 265
103 293
151 156
221 312
103 248
178 318
103 197
163 303
237 316
322 326
49 306
49 287
21 164
47 223
311 349
47 99
47 50
14 209
283 321
86 341
86 206
90 301
86 166
84 139
237 241
231 295
179 272
337 339
163 252
225 282
5 140
62 142
76 142
11 247
49 274
14 300
23 40
36 289
102 279
9 284
41 284
301 335
125 309
81 130
79 172
230 302
196 325
212 228
112 146
269 325
285 334
40 110
143 340
32 110
32 242
83 299
32 294
42 83
128 140
79 194
47 279
152 329
0 279
23 149
23 26
190 284
21 279
184 279
150 204
9 255
192 331
95 169
105 204
82 150
204 235
72 331
7 95
41 56
261 340
73 211
159 319
7 103
255 343
86 255
147 159
110 237
18 127
56 324
56 319
89 270
56 148
82 298
102 132
60 160
72 84
10 73
127 296
39 108
39 143
270 299
179 242
294 298
177 204
33 149
192 304
185 284
71 152
152 302
158 193
149 277
151 264
137 308
149 317
163 173
147 160
173 322
173 259
173 181
227 283
225 308
224 227
221 270
0 296
290 329
258 317
5 227
6 190
264 347
231 270
18 268
256 340
193 259
34 128
33 154
235 286
10 244
38 148
183 289
218 311
26 250
71 218
250 335
