5.821003
19
21
1071
20026
5 61
83 125
75 118
50 104
12 79
15 113
42 87
34 118
52 125
133 137
17 133
36 89
35 119
70 107
32 107
42 79
41 46
101 129
25 83
17 113
53 80
18 113
41 76
18 23
11 79
8 137
14 61
71 74
74 111
6 74
55 136
14 28
28 34
90 113
13 70
1 91
26 138
19 26
115 130
115 118
82 115
74 115
68 117
122 130
6 22
38 98
92 114
91 132
49 62
49 112
49 50
49 74
49 60
98 115
102 123
57 121
19 57
57 99
57 112
68 122
60 102
69 100
69 79
9 69
69 78
66 92
13 57
4 104
4 11
84 95
77 84
27 65
27 94
27 35
27 77
40 80
0 40
40 119
64 101
24 64
58 117
3 78
33 76
33 39
23 33
69 135
20 97
126 139
125 126
33 55
51 108
51 71
31 139
31 134
31 72
31 46
40 120
20 38
103 123
103 129
58 90
86 127
86 128
86 96
31 120
63 89
63 125
81 93
81 109
81 97
30 67
30 89
88 116
88 136
57 66
7 87
2 110
7 37
2 121
21 105
21 124
2 48
21 56
7 73
86 115
45 106
8 45
45 59
21 135
29 36
29 131
43 47
43 65
16 85
10 16
44 54
44 94
16 22
16 132
