19.685261
1
45
2
5103
51 55
56 111
113 164
27 132
2 168
25 91
78 124
12 152
87 172
13 172
142 172
95 148
146 170
74 148
78 170
153 170
5 148
6 69
19 26
64 125
10 125
12 26
96 119
123 172
148 149
26 32
69 83
69 113
26 89
21 69
125 135
45 106
14 147
14 118
14 88
115 128
51 128
139 162
40 162
16 133
5 162
86 138
132 178
75 138
137 138
52 144
96 98
100 178
109 178
112 122
48 122
31 98
79 144
33 122
29 144
55 133
8 77
134 155
43 150
57 77
67 81
36 117
3 150
2 130
18 117
20 136
73 130
76 136
56 81
114 155
9 37
28 42
54 93
90 116
41 70
143 179
164 179
84 140
14 17
23 58
32 128
133 151
98 167
150 157
155 156
81 99
77 102
130 152
136 154
117 173
116 129
116 120
47 63
47 127
93 124
93 105
1 39
34 44
1 169
70 174
70 104
34 45
42 160
42 46
34 176
0 27
30 165
30 53
11 60
30 175
24 92
24 131
11 68
65 145
24 97
62 140
11 25
65 141
65 101
0 21
0 4
103 177
103 163
50 158
58 168
50 85
1 17
103 110
19 159
158 159
22 121
22 107
59 62
82 170
49 125
49 106
59 110
14 49
66 148
71 119
35 172
49 93
35 170
37 49
69 72
70 82
119 161
38 125
26 126
82 103
65 82
7 106
106 166
80 82
66 138
66 117
15 162
155 171
15 122
37 81
71 144
34 171
72 98
71 130
108 150
108 136
94 178
24 171
47 71
108 116
77 94
7 66
42 161
11 126
80 108
30 38
61 119
61 106
22 37
