23.683333
1
51
995
16041
11 84
24 97
22 187
4 44
107 172
98 126
34 172
60 158
173 187
8 125
71 90
41 97
124 158
40 158
10 149
50 126
26 44
59 185
19 97
70 172
92 172
54 125
174 187
56 125
114 126
82 185
146 185
108 125
68 151
23 44
103 117
159 195
49 159
104 159
13 159
14 133
31 133
64 133
181 182
116 181
128 181
93 115
115 183
113 115
140 148
43 140
71 140
13 53
25 53
53 68
21 119
16 119
81 119
119 191
48 154
11 48
17 48
48 192
91 161
91 121
28 91
91 130
63 108
132 143
132 178
132 186
132 157
63 120
6 32
6 178
6 101
57 63
63 195
6 145
102 123
123 183
112 123
123 152
36 176
18 36
36 131
84 137
24 137
137 139
137 142
46 150
150 192
75 150
96 100
100 134
100 162
105 170
103 105
105 111
67 116
44 164
74 144
74 191
66 74
86 172
86 126
1 35
72 79
47 175
47 149
7 118
10 65
156 177
129 156
27 121
35 160
155 158
65 73
35 39
30 52
187 199
27 55
5 136
79 166
79 197
7 153
52 62
47 169
5 51
7 90
65 151
52 99
156 193
9 184
37 85
37 167
127 185
141 198
141 196
37 168
58 61
58 78
58 80
9 189
141 163
9 42
87 125
2 101
94 157
94 106
77 83
15 135
12 77
69 94
135 180
38 77
95 135
132 171
33 45
45 89
45 117
36 133
0 133
65 171
115 194
53 190
29 110
181 199
3 76
48 122
87 140
36 122
123 164
100 150
88 190
119 127
67 137
150 194
63 155
67 188
91 138
76 109
3 138
67 74
109 188
86 179
179 199
52 67
105 138
5 20
147 194
35 86
79 199
9 20
156 165
58 155
0 37
47 138
2 5
127 141
77 165
147 165
135 165
29 194
