12.369574
1
29
29
101403
45 66
84 103
18 81
27 56
1 43
25 81
54 107
51 72
29 93
22 71
39 66
51 115
5 47
10 51
66 107
35 72
38 119
6 31
31 36
89 119
71 119
31 54
0 66
40 47
56 68
64 78
46 114
4 96
45 51
34 39
10 93
41 81
48 114
57 71
55 62
8 107
58 107
7 68
45 78
11 115
23 39
92 103
30 39
3 78
24 62
5 55
51 81
111 114
9 19
15 19
83 97
27 115
21 89
20 96
13 97
33 42
7 60
43 106
43 88
54 101
54 105
71 113
0 16
72 73
68 90
89 102
0 69
36 49
36 110
6 82
38 52
36 44
38 42
0 28
75 115
38 61
6 77
14 108
43 63
63 103
93 118
62 86
6 112
14 100
14 37
19 76
94 96
107 117
72 104
50 65
50 80
51 94
97 109
26 45
12 31
62 87
70 119
17 19
17 103
54 116
54 99
45 98
91 96
78 85
14 91
2 114
2 50
43 85
67 97
50 95
66 95
79 118
26 70
12 87
13 32
53 59
53 60
32 74
67 75
