31.239000
1
87
6
6133
101 162
184 282
5 27
58 62
177 196
244 276
201 351
130 391
65 180
45 243
104 233
198 229
143 335
22 257
190 255
153 255
129 255
79 255
40 381
238 381
22 381
120 381
309 329
130 325
157 263
34 342
116 342
217 342
330 331
43 75
64 75
16 75
340 360
106 399
251 353
138 151
87 151
117 166
56 166
112 166
39 49
98 370
79 370
24 370
33 253
102 269
33 66
325 383
105 325
325 358
185 263
263 341
175 310
76 310
227 253
62 140
109 277
39 140
92 99
40 226
124 146
341 342
58 73
75 308
54 72
4 88
20 107
26 103
231 253
253 332
102 314
142 314
162 314
104 224
184 224
119 224
202 296
186 296
66 220
279 348
264 362
96 357
86 213
95 191
304 365
300 305
60 369
163 357
145 369
27 371
80 316
208 272
178 316
171 365
43 371
110 305
168 305
0 333
192 272
230 316
74 348
47 333
23 333
234 242
38 348
194 223
21 191
29 371
53 242
204 362
19 223
214 285
282 285
263 386
151 263
83 270
170 270
6 315
101 315
226 317
152 181
127 152
226 324
140 150
52 152
99 387
99 290
143 313
30 167
46 167
73 265
73 180
3 69
3 334
3 182
7 133
66 97
3 373
283 356
245 322
91 356
132 266
17 218
45 187
48 344
8 59
115 225
11 59
156 212
288 323
51 323
159 322
123 218
161 344
9 225
258 325
166 271
7 381
100 321
310 325
103 164
107 147
18 206
107 382
18 173
88 251
103 149
18 294
88 174
135 219
277 325
42 195
42 229
187 196
12 241
141 144
148 211
205 347
205 260
205 361
290 296
154 352
78 393
118 259
223 391
349 365
336 369
133 213
242 353
213 287
125 215
125 280
125 247
285 377
256 388
37 252
2 70
2 267
2 243
2 114
256 346
256 262
37 298
37 105
41 274
270 335
315 372
177 350
122 134
28 134
155 350
152 268
313 338
78 269
73 131
344 374
356 395
59 249
212 281
323 351
218 250
322 343
225 355
266 326
187 312
72 384
72 271
154 310
49 72
273 297
103 160
66 277
219 340
219 339
5 237
42 389
211 276
44 390
44 311
241 367
144 158
144 330
44 257
241 399
211 228
67 89
67 233
67 239
198 203
272 352
81 231
49 191
49 125
41 268
256 286
7 152
78 261
10 90
77 169
93 295
93 209
32 328
207 293
10 378
32 299
31 354
31 179
345 375
207 398
1 139
93 318
1 106
31 111
77 121
77 359
207 320
345 385
345 392
1 246
10 292
154 371
258 348
321 386
18 140
37 269
291 309
258 275
146 296
70 254
237 329
7 365
154 323
88 107
55 75
37 146
203 379
71 389
103 261
49 319
254 302
63 303
236 360
291 327
200 240
122 376
168 235
6 376
269 363
32 131
366 381
71 269
41 205
4 210
275 362
7 363
94 393
297 380
199 368
166 232
32 258
237 286
3 319
151 176
342 394
137 242
85 253
275 344
1 277
63 160
236 397
42 221
294 337
66 68
136 258
7 77
61 370
154 193
137 356
209 301
172 270
207 261
216 336
36 185
13 52
128 349
50 78
248 255
218 221
99 394
140 284
189 226
146 200
275 345
108 127
15 97
3 222
224 278
88 183
199 261
126 302
176 369
57 275
210 380
50 357
189 305
82 316
61 333
31 221
125 197
197 285
2 82
41 289
25 167
25 59
188 269
172 364
396 397
266 366
225 284
183 212
289 322
165 221
35 370
81 364
259 278
35 78
14 219
84 144
84 241
211 222
72 301
55 307
113 310
10 14
57 306
128 212
41 396
108 167
113 126
