2.561101
31
14
4373
14088
44 102
57 59
57 95
53 93
82 93
33 93
46 90
60 97
23 76
68 85
17 46
34 90
15 85
60 85
86 90
10 102
64 95
45 102
56 114
112 114
77 114
25 90
4 26
27 107
104 107
29 107
63 93
2 24
23 24
13 78
39 81
81 104
3 58
58 86
59 110
26 114
85 108
19 22
91 105
50 105
1 105
78 105
6 110
74 92
9 11
41 93
82 87
64 87
87 91
20 112
20 106
105 114
83 107
13 22
79 88
47 88
88 101
88 97
41 107
52 74
61 115
90 99
7 99
18 72
71 75
3 73
1 117
9 105
63 88
61 114
93 96
62 96
75 114
80 87
14 85
12 79
12 37
25 69
28 72
52 117
70 98
70 89
62 70
65 73
28 69
67 94
67 98
51 114
8 56
8 113
38 113
16 38
32 49
32 37
32 100
2 32
32 90
5 119
5 100
0 40
0 103
0 115
21 101
21 109
35 55
36 54
54 116
54 66
42 116
42 84
48 102
35 108
54 65
48 80
30 111
30 118
31 43
31 55
30 51
