35.647619
1
85
6768
12171
90 292
57 325
128 239
109 158
213 336
95 137
3 161
111 289
287 315
344 347
227 319
115 243
168 243
16 325
334 349
1 176
285 289
99 243
97 129
290 310
13 137
160 314
21 169
57 107
58 255
147 290
2 197
25 250
195 211
30 292
147 197
40 53
142 211
76 252
158 280
137 311
126 250
161 248
46 319
14 77
113 248
255 331
120 239
216 255
189 239
319 333
228 292
82 318
177 263
281 336
89 316
108 314
220 280
176 258
77 118
31 177
162 289
51 347
240 347
316 329
60 256
99 228
271 327
75 290
11 225
2 250
134 234
7 314
151 214
154 225
10 177
52 336
267 349
59 225
58 114
122 251
252 275
95 260
208 349
212 316
30 245
110 252
215 285
52 178
102 335
37 248
198 280
64 325
146 335
118 264
84 176
127 219
268 335
81 223
198 264
43 77
219 231
87 306
282 306
275 326
28 179
164 179
217 284
122 217
15 217
251 312
149 312
98 312
20 233
20 61
20 78
20 55
322 325
38 173
38 112
38 59
32 38
38 88
163 202
202 321
202 253
306 322
250 297
203 336
203 248
203 343
69 74
69 343
153 256
153 271
153 348
295 307
157 295
284 295
175 295
154 295
179 309
33 106
109 148
21 148
237 306
116 192
94 192
192 235
291 309
65 301
65 349
234 261
231 261
102 191
191 247
191 205
191 223
291 322
23 114
17 23
23 151
1 23
171 236
236 319
227 277
277 279
203 217
56 224
47 56
56 293
54 329
54 177
143 289
143 225
91 97
91 301
18 91
135 313
66 207
103 138
123 186
62 100
42 270
123 230
9 194
135 339
42 346
9 105
9 26
103 305
62 188
62 317
45 165
66 71
103 222
135 193
42 124
45 166
45 266
123 308
66 206
202 322
297 320
20 323
48 82
48 78
39 48
106 345
219 345
280 304
243 304
96 242
96 260
137 303
77 303
204 314
204 211
261 291
176 342
211 342
187 316
187 314
265 332
35 225
35 347
144 265
22 238
85 265
167 201
86 178
238 244
296 337
337 340
246 283
86 338
184 246
70 86
8 337
132 274
170 246
182 238
79 132
119 167
53 101
101 300
101 127
145 279
145 294
145 214
4 145
92 298
92 215
104 324
104 229
40 104
130 252
130 290
72 273
121 159
174 259
5 327
49 129
117 200
117 169
0 80
6 210
125 218
19 60
0 341
136 264
27 50
72 81
152 180
185 190
239 241
190 262
72 269
5 133
5 41
68 330
159 221
174 272
117 139
6 245
276 292
152 287
190 302
68 73
159 257
29 174
19 67
12 125
152 196
50 209
50 181
136 288
125 328
68 107
19 44
6 278
49 232
49 155
65 320
132 326
63 291
54 299
140 322
179 249
24 237
34 203
91 202
83 312
93 323
63 156
5 291
38 183
199 254
156 226
143 153
54 295
183 199
56 261
65 103
172 226
141 254
192 204
9 236
48 261
0 33
150 192
191 204
50 65
42 143
24 286
172 276
131 191
34 167
141 241
36 93
66 183
152 236
140 246
135 286
123 150
54 159
36 62
45 276
183 265
241 337
238 276
125 249
131 174
83 190
