8.640476
1
24
1
19557
2 30
26 66
16 21
64 76
2 88
88 102
88 89
7 100
58 100
78 88
42 110
4 94
4 80
106 114
12 110
5 114
76 114
27 72
61 110
36 39
20 39
39 80
39 67
18 114
47 66
53 86
34 53
52 107
74 79
84 98
1 13
1 22
47 105
53 71
13 90
3 13
40 45
45 58
6 54
6 13
55 98
33 89
15 54
21 33
22 91
54 102
68 73
47 99
24 53
54 113
37 45
85 98
26 68
45 55
23 49
17 109
107 111
46 48
14 115
103 112
41 97
19 75
16 103
24 115
77 116
7 57
43 75
38 111
35 48
81 83
82 93
83 92
31 44
29 31
28 31
67 83
64 87
60 109
59 97
57 69
57 63
8 109
10 93
97 117
93 119
48 72
49 51
49 95
50 111
74 87
56 77
39 88
110 114
27 110
86 101
12 62
9 25
0 29
25 59
47 100
39 96
31 100
100 111
70 100
96 98
4 32
4 49
4 93
11 27
27 32
52 77
53 108
54 118
79 109
13 65
83 104
97 118
75 108
27 101
