23.254762
1
80
10
2998
91 415
264 314
79 184
38 244
291 412
15 34
58 209
21 46
130 274
131 263
132 142
110 427
102 178
197 359
1 300
193 346
2 402
53 98
10 108
46 441
68 441
42 441
151 441
216 441
144 428
144 357
144 306
68 144
144 335
74 344
227 344
338 344
135 168
70 168
295 341
151 295
54 127
18 127
102 127
345 439
244 439
149 439
232 390
114 390
97 390
304 390
154 266
154 302
16 211
38 293
293 306
194 338
193 194
176 194
194 203
194 264
122 331
254 331
275 331
414 435
67 435
7 435
98 413
281 337
292 337
388 413
19 337
386 413
3 77
26 77
164 364
92 364
215 271
215 327
207 381
45 381
196 381
179 235
108 235
142 221
3 221
118 426
118 141
118 262
358 366
49 133
49 314
248 422
248 357
273 432
213 432
243 412
116 243
145 404
55 220
197 401
401 415
0 370
0 362
0 231
39 446
27 39
209 438
385 438
158 438
182 372
73 159
73 105
73 80
182 274
182 290
260 356
130 377
64 377
153 225
172 225
395 440
128 395
18 76
76 148
23 76
76 112
288 430
423 430
33 119
120 147
120 448
120 347
120 179
4 311
4 317
4 15
16 309
309 326
289 351
1 289
263 289
37 340
157 340
318 340
267 315
28 394
349 359
155 360
200 349
226 339
297 349
319 365
180 315
143 360
66 394
9 315
2 319
20 319
51 250
339 383
78 360
81 167
380 436
195 396
89 396
138 422
31 236
138 156
138 296
111 367
57 409
236 355
111 174
57 166
236 369
279 329
279 325
279 321
107 238
85 252
368 434
217 368
261 445
58 261
208 261
137 384
95 137
119 137
136 257
161 257
53 187
187 444
94 187
186 252
97 186
278 376
229 278
278 322
129 266
129 424
173 185
282 421
112 253
312 420
177 312
110 312
86 297
222 398
222 342
222 303
13 79
13 91
25 406
25 150
25 291
13 224
44 320
17 44
35 172
268 399
198 417
72 283
249 268
198 282
238 268
242 283
268 446
283 372
283 428
144 183
355 375
375 387
7 392
205 441
259 343
299 343
343 429
334 389
389 427
201 251
87 106
87 227
195 237
96 323
96 353
96 173
65 163
48 383
280 384
196 280
217 280
160 328
324 328
316 347
256 445
94 301
301 317
170 333
170 202
17 239
43 131
43 74
192 210
181 277
8 218
100 123
265 433
63 214
36 192
123 397
36 63
218 307
140 269
56 181
269 334
41 123
40 346
40 230
171 206
117 171
171 400
99 103
99 408
69 352
22 431
121 126
99 374
22 323
22 83
305 411
115 305
146 313
5 393
121 405
30 335
30 214
379 391
69 298
5 418
101 379
162 234
146 361
162 437
379 419
5 176
14 121
69 204
162 399
152 254
124 380
71 406
324 378
135 152
55 71
29 246
378 444
139 249
47 419
11 358
134 400
76 183
211 366
12 144
39 154
120 183
183 289
183 332
154 225
93 202
295 371
154 340
154 236
33 205
82 344
187 211
215 430
90 211
84 144
49 294
4 381
96 211
235 340
29 441
154 416
295 410
52 148
52 275
185 435
294 438
127 169
199 221
169 390
364 421
188 356
12 220
113 220
49 363
118 392
33 111
118 350
235 247
188 309
272 289
0 25
171 183
175 215
316 364
50 182
294 312
48 248
286 310
65 243
39 284
137 396
257 286
73 350
253 436
284 395
86 272
276 395
50 360
33 75
125 430
84 215
60 364
57 447
295 308
295 407
62 96
6 199
261 354
278 363
194 330
211 449
24 332
228 331
212 337
336 413
250 280
201 278
81 190
319 410
189 241
6 443
189 425
75 240
258 432
343 443
240 287
255 364
39 239
221 308
222 256
49 59
109 182
104 215
233 248
88 243
348 404
220 285
33 121
69 294
270 425
270 394
109 315
104 432
47 225
165 349
32 430
294 373
228 279
241 442
191 371
309 442
245 396
57 255
93 432
285 310
61 279
85 219
13 403
343 348
146 175
24 223
190 223
99 258
123 330
265 336
212 218
165 305
218 403
181 373
305 382
