31.483333
1
67
147
1241
108 231
159 211
166 213
164 219
148 240
41 240
57 249
182 190
50 247
107 230
78 213
1 224
36 224
44 219
167 249
107 200
76 132
199 231
80 151
68 132
65 190
47 211
2 62
29 207
95 151
40 132
97 231
162 218
173 221
204 221
62 236
48 221
133 230
0 151
157 224
24 218
120 133
17 207
31 246
49 241
14 213
122 230
60 219
156 249
147 236
197 231
43 218
170 249
126 207
7 240
154 190
171 211
110 197
15 116
19 118
130 236
12 156
108 185
104 185
185 232
19 123
123 124
59 123
73 109
23 109
109 120
100 242
184 242
18 44
18 94
18 88
18 138
149 167
46 149
72 149
243 247
49 243
175 243
39 142
39 176
39 64
2 6
63 222
6 113
55 63
63 174
6 92
66 206
91 206
75 206
132 226
226 227
15 158
158 179
158 191
158 201
116 160
160 188
160 210
20 178
178 181
131 178
145 150
150 241
98 150
150 189
56 90
56 146
168 227
56 117
168 186
99 122
93 195
128 195
195 209
168 216
71 249
71 151
71 213
177 211
177 221
105 246
81 105
105 119
37 129
31 37
37 217
54 214
21 102
21 114
54 106
21 212
79 84
54 70
141 143
141 183
79 244
141 187
79 103
11 231
109 242
225 236
32 163
32 118
87 137
202 215
169 193
53 74
8 169
45 202
13 205
74 82
33 205
115 202
140 203
77 96
10 169
22 203
137 152
77 110
58 74
28 137
203 239
205 235
111 228
27 111
111 179
139 219
52 230
42 248
121 180
9 153
121 200
85 155
83 134
3 85
121 233
125 172
190 245
86 194
112 207
112 240
86 98
4 125
38 51
5 9
9 25
30 42
51 136
220 224
218 220
86 229
51 198
42 144
134 161
85 234
134 237
125 238
16 243
165 242
16 101
18 165
18 178
185 245
52 123
39 196
63 168
6 195
56 206
6 177
135 242
16 139
165 223
16 69
16 245
160 165
67 226
177 223
26 206
34 149
165 168
99 208
61 158
35 63
127 243
71 196
101 192
9 226
125 226
61 79
26 67
56 89
34 208
105 225
195 220
35 141
26 137
11 203
34 54
21 69
11 134
26 42
74 89
139 169
112 135
34 205
202 245
85 127
51 69
