6.844139
1
29
2772
6448
12 72
87 132
147 148
16 74
46 62
3 120
28 93
116 135
36 106
0 143
48 91
114 147
41 127
4 132
5 43
9 147
31 106
12 62
78 157
28 135
65 66
79 96
29 92
51 85
4 133
44 147
87 113
21 92
106 151
71 114
63 96
15 80
140 155
23 40
1 72
95 125
14 87
37 65
34 49
17 28
91 155
65 132
62 141
79 81
0 90
30 80
127 158
28 113
96 113
47 106
49 99
132 159
30 88
44 152
34 152
21 35
62 103
1 126
20 95
98 126
86 90
143 157
19 50
19 103
43 93
61 110
53 113
7 120
125 158
99 137
17 147
22 120
97 157
11 62
125 154
31 157
68 113
88 147
27 40
2 126
86 135
70 137
24 63
40 148
25 35
8 38
6 87
23 126
16 126
8 52
25 66
64 95
82 140
18 96
73 125
10 135
60 70
83 133
56 141
89 96
33 108
3 32
52 94
3 109
70 156
50 59
35 108
110 130
14 54
52 112
0 13
113 134
62 69
3 76
85 144
35 123
78 112
10 26
105 128
116 128
33 136
32 154
13 91
17 111
44 131
102 127
46 124
81 121
127 139
127 129
96 129
69 130
94 144
3 45
70 77
80 122
0 119
44 75
103 146
38 58
65 101
38 149
0 42
135 142
44 153
38 39
125 138
17 117
52 84
96 115
40 55
105 150
17 104
87 118
43 145
95 100
91 107
43 67
56 57
