14.180496
1
39
5
41726
7 175
26 61
54 121
78 159
84 147
41 147
45 148
22 57
90 158
102 158
112 158
147 167
35 36
57 81
41 142
29 142
114 142
109 137
47 122
88 105
91 137
0 87
72 77
64 162
28 105
108 171
152 162
16 165
46 162
80 171
61 77
119 137
9 87
13 122
131 171
132 165
139 165
24 75
24 38
24 154
69 89
68 106
79 106
25 104
43 110
18 71
7 12
65 71
123 128
103 110
77 121
155 161
6 31
6 129
98 168
98 163
59 99
52 82
4 118
20 63
1 23
117 130
15 78
8 143
8 21
96 100
15 34
15 135
8 66
127 145
105 148
95 133
53 89
89 178
74 104
106 175
110 157
12 172
12 155
71 76
100 128
128 146
35 164
6 113
15 58
60 179
63 134
118 156
118 160
23 149
23 170
63 166
19 176
19 73
124 130
24 158
70 97
8 147
2 174
2 26
37 92
37 144
158 161
60 97
27 53
32 45
31 133
32 141
44 127
10 177
104 138
93 120
5 40
33 111
5 93
33 54
99 153
82 136
9 48
37 125
27 173
27 113
32 50
107 147
161 162
36 96
10 116
33 58
57 126
19 57
128 161
70 161
24 39
87 96
44 50
8 169
165 169
11 83
57 120
71 96
27 98
99 169
145 169
36 85
17 124
17 74
32 96
36 62
15 85
85 122
107 171
6 55
3 36
85 104
56 138
86 153
67 136
51 116
115 142
55 137
94 125
30 89
106 140
110 115
118 164
42 57
14 39
126 151
49 63
3 82
23 140
83 98
37 49
24 94
6 67
62 150
30 151
82 101
42 51
