29.988095
1
84
13
3175
214 224
192 328
43 300
187 254
104 319
68 427
241 276
26 433
67 440
103 233
49 339
273 284
266 321
0 160
128 305
35 190
317 436
253 277
235 410
337 447
131 350
131 329
131 191
72 131
48 131
350 421
3 421
57 82
4 57
57 373
57 294
173 441
362 441
133 441
85 366
104 366
218 366
152 354
74 354
303 354
199 429
120 199
199 435
199 388
199 449
227 398
24 227
119 387
256 387
189 364
23 437
437 445
257 437
407 437
358 430
17 430
403 430
96 428
235 428
259 428
285 424
330 424
347 424
376 401
54 186
142 186
159 186
332 372
221 332
197 332
92 332
1 118
118 413
118 203
115 425
425 431
118 392
276 297
150 297
115 297
37 394
278 394
241 394
88 311
19 334
279 334
287 383
339 383
40 383
209 212
191 212
172 212
212 349
123 212
188 357
31 357
289 357
175 356
181 356
167 268
254 370
75 268
198 356
208 448
351 448
318 353
301 448
299 370
76 268
214 318
53 370
432 449
341 432
134 408
192 402
105 252
252 355
0 252
109 412
33 109
109 226
292 322
322 440
390 406
237 360
388 406
406 446
42 237
91 237
116 248
71 205
205 221
17 205
30 148
63 148
148 164
34 174
2 291
73 291
19 260
260 317
49 169
169 232
52 260
62 288
193 283
229 410
229 315
229 320
193 400
288 382
193 278
288 325
102 306
218 306
306 342
306 313
5 23
284 367
15 367
183 367
145 418
145 174
36 122
36 88
36 431
86 145
45 267
391 416
47 412
45 233
45 134
266 391
135 391
308 395
273 308
177 308
209 263
316 335
261 302
310 316
99 263
27 316
234 302
68 314
309 314
314 399
70 384
384 442
175 384
58 384
225 249
26 225
43 225
12 264
44 204
20 95
84 427
7 78
20 75
20 161
7 61
84 331
84 128
44 374
20 228
7 256
7 331
84 146
44 223
21 90
345 444
324 345
239 286
67 239
126 239
243 411
117 411
80 159
163 203
405 447
176 405
219 247
160 219
195 197
27 422
236 386
213 327
93 213
132 213
137 365
157 359
130 137
137 439
4 157
157 255
157 319
22 304
18 392
202 216
216 401
201 216
216 443
165 200
200 296
100 200
57 364
69 82
69 349
107 289
97 106
107 113
59 107
97 250
107 190
97 277
337 397
397 420
343 397
354 378
86 89
360 377
41 232
28 261
293 444
150 293
312 438
178 386
196 315
46 226
323 343
63 348
180 380
282 373
125 281
125 290
39 125
361 417
361 438
149 434
131 207
144 246
171 393
11 51
60 83
60 433
280 363
8 72
11 436
55 404
274 423
279 280
138 171
240 326
1 129
87 144
25 379
55 133
129 242
129 253
215 245
9 144
280 328
8 156
13 245
6 274
265 326
139 220
326 385
16 25
112 274
56 139
245 396
147 151
147 202
77 155
94 187
141 321
66 211
66 375
38 300
108 127
65 185
127 182
94 352
50 269
81 244
94 206
64 116
38 179
141 270
65 158
141 143
77 336
64 347
127 184
66 305
81 295
50 304
29 65
140 264
50 272
140 409
101 441
318 378
118 394
57 411
12 366
408 430
298 346
154 281
36 227
378 419
356 425
145 378
10 297
414 425
212 252
12 424
166 199
118 124
121 131
217 376
22 378
268 419
370 419
311 411
333 357
157 376
195 394
109 291
200 376
10 84
107 376
168 186
41 354
47 389
262 383
381 428
21 414
101 170
89 437
34 426
227 377
36 367
57 231
98 419
213 383
136 170
397 425
46 199
227 307
110 205
110 260
98 136
145 239
258 378
121 437
111 114
153 212
44 207
229 415
248 422
227 230
251 437
109 368
338 411
238 288
114 166
80 236
344 415
18 225
262 340
217 238
348 383
36 381
312 318
127 425
194 402
180 252
149 383
137 238
162 448
222 391
237 271
298 424
275 291
229 275
111 222
369 389
333 371
32 316
79 391
14 338
210 367
5 81
162 344
125 153
326 368
168 274
14 28
79 178
139 196
245 271
32 171
77 307
25 369
144 230
65 210
