23.126021
1
82
2
444
222 235
177 208
27 311
12 26
65 204
181 307
21 226
64 325
62 324
138 376
199 260
308 356
340 349
78 195
33 101
328 363
286 331
211 342
131 176
200 305
76 305
262 375
92 375
235 305
291 375
16 117
138 278
141 291
278 340
37 358
201 337
35 257
35 90
35 68
104 383
104 326
104 310
35 373
385 393
122 393
272 350
82 100
17 341
160 350
50 100
208 341
181 279
241 314
14 236
44 261
71 72
1 261
243 372
234 302
65 192
127 252
117 336
190 260
117 151
48 365
117 266
29 226
190 354
141 210
63 115
29 242
151 190
63 248
63 97
124 323
203 323
159 193
70 323
124 193
37 66
37 233
70 83
55 184
358 388
201 397
201 264
305 315
233 393
269 341
179 393
250 341
5 350
39 128
72 398
47 137
236 329
236 298
192 369
192 245
20 165
49 366
52 332
52 73
20 268
252 356
52 392
49 176
63 254
278 352
29 345
141 194
9 362
23 362
308 335
330 384
307 384
40 347
41 335
21 347
36 394
204 281
145 347
79 394
99 281
75 362
227 384
311 335
77 281
62 394
95 209
19 327
242 380
95 196
95 101
8 376
19 395
0 78
81 253
81 180
0 5
19 377
8 284
0 57
185 371
74 389
59 221
87 389
113 360
202 221
265 367
251 344
220 389
232 371
277 371
213 344
238 360
319 367
280 367
107 221
355 360
184 211
195 299
10 276
224 287
103 139
46 276
216 287
108 299
45 139
69 170
18 223
143 244
149 223
7 218
152 289
186 387
96 129
12 188
102 167
53 198
240 353
114 318
357 368
222 320
140 391
135 286
133 290
169 225
33 318
64 368
106 359
212 293
15 54
148 312
42 328
100 164
72 364
0 175
192 364
20 345
49 164
252 343
121 386
321 343
8 197
81 315
157 205
206 348
83 197
244 269
218 219
223 390
244 306
170 230
139 228
276 325
299 301
287 292
289 316
123 274
198 249
135 374
60 130
60 110
188 282
129 237
225 241
135 294
6 168
89 370
198 215
22 247
89 126
296 338
22 109
28 297
28 85
6 295
67 342
67 271
67 179
167 381
167 174
183 267
118 309
118 285
6 256
183 231
42 61
129 378
284 391
11 47
11 207
24 317
42 48
93 313
24 153
93 158
11 125
134 290
115 353
38 324
293 361
54 273
295 334
312 331
91 275
86 258
86 131
3 363
3 288
141 182
29 182
43 378
201 365
104 190
289 396
118 264
183 351
60 205
93 112
137 182
72 182
359 386
35 261
56 182
43 194
91 348
51 351
51 274
128 375
16 147
19 104
9 162
15 173
159 214
29 372
314 321
137 339
56 117
63 206
157 278
141 186
187 365
142 190
66 105
252 350
136 393
361 382
88 166
172 250
294 379
32 134
31 373
28 182
252 302
206 236
49 136
136 321
52 136
8 372
137 206
201 255
35 270
314 371
123 372
0 157
178 201
104 178
6 314
146 305
89 314
173 397
150 254
162 352
2 112
34 190
144 396
94 339
111 339
333 365
58 365
171 278
37 98
37 346
189 339
128 344
121 367
380 384
218 302
56 139
56 287
4 100
22 128
146 341
259 362
300 335
157 223
121 129
259 360
198 206
261 263
120 321
121 161
246 302
142 167
8 132
263 321
19 155
58 95
25 323
81 171
84 157
116 388
187 283
13 35
201 379
104 229
314 399
155 221
333 389
217 299
170 283
163 278
191 276
29 32
37 156
322 339
239 296
183 239
188 346
25 93
30 116
84 191
279 304
261 382
95 154
80 300
119 188
88 320
24 214
38 303
189 303
144 229
