23.926178
1
80
4
445
99 323
231 258
155 322
11 40
105 139
43 366
157 270
26 292
214 327
158 387
242 269
238 239
68 333
251 308
26 308
157 308
86 131
46 308
241 350
235 350
335 350
323 350
79 114
200 368
241 346
119 218
259 343
344 368
44 338
322 346
318 343
161 218
42 368
243 338
51 343
209 254
99 254
131 377
142 277
151 277
219 261
108 329
205 329
105 329
100 261
230 261
56 257
247 257
9 196
70 252
231 271
58 271
78 317
69 73
138 331
135 331
30 240
327 336
168 240
71 336
2 25
4 25
20 37
20 102
20 386
12 28
114 366
153 330
114 222
10 16
10 19
200 236
312 316
89 170
59 150
61 194
61 130
39 98
61 197
262 389
311 346
149 343
22 338
215 218
297 368
98 254
201 384
350 365
7 392
7 36
7 104
75 328
306 340
221 301
177 340
204 328
95 370
43 301
255 370
280 370
250 301
45 134
45 143
48 351
281 351
257 287
95 202
59 85
70 248
155 394
187 394
64 394
220 354
13 319
121 354
145 314
296 319
62 228
83 228
11 358
27 35
212 354
217 358
31 314
25 265
240 291
240 282
331 364
336 388
25 391
80 381
20 185
330 396
16 91
16 172
33 165
97 348
253 348
67 159
169 249
117 159
18 249
106 192
15 66
24 262
94 174
24 242
316 324
236 320
316 397
24 325
94 101
170 178
236 304
33 111
49 186
49 139
49 147
53 103
54 141
40 76
41 302
41 190
41 387
353 384
9 70
7 185
277 355
107 126
65 127
125 127
265 340
276 328
45 244
45 233
36 351
46 294
89 339
78 137
225 284
52 137
171 288
109 363
154 284
0 294
171 369
154 339
73 295
85 264
50 292
9 330
70 114
39 131
358 382
28 35
35 238
336 337
194 367
381 399
360 381
166 180
258 356
2 160
210 342
38 234
122 183
125 315
55 215
55 176
206 290
50 274
16 279
249 341
159 167
192 260
66 297
348 353
66 136
170 383
24 279
170 373
266 345
266 365
266 396
111 144
20 61
131 317
12 389
29 333
103 164
76 321
146 214
76 173
141 380
29 309
29 395
146 371
146 299
103 203
256 369
41 355
112 149
112 163
112 133
148 158
148 224
148 310
127 269
128 374
128 285
70 331
70 336
57 140
39 338
90 283
17 227
17 74
179 216
282 288
5 68
179 393
223 226
47 60
223 278
23 81
47 334
179 372
47 357
5 195
23 132
17 162
90 378
23 359
5 96
126 248
300 373
228 345
115 308
39 329
240 330
356 385
180 239
91 313
192 233
165 376
45 329
141 295
8 270
1 22
93 208
8 326
1 276
116 153
184 347
116 362
14 124
188 360
57 257
12 266
111 272
9 202
236 389
128 398
223 267
160 181
109 199
57 150
45 150
315 398
342 376
32 88
313 383
354 389
218 367
14 337
93 303
6 316
76 140
57 229
57 129
6 49
7 165
34 350
6 92
5 330
164 191
173 379
260 298
203 332
320 375
104 113
49 115
19 361
6 351
9 273
47 389
39 363
88 311
16 307
6 319
193 343
20 77
12 293
39 110
118 389
175 349
211 274
286 346
19 103
193 261
63 381
61 120
141 150
123 368
57 246
150 179
188 261
307 314
77 271
19 234
182 244
213 272
82 267
115 223
263 331
25 123
207 316
170 268
19 184
232 303
84 115
94 245
275 308
63 183
21 92
41 245
90 206
9 237
3 394
140 390
140 305
20 156
120 348
246 249
159 352
198 254
111 352
3 112
271 289
72 271
23 273
17 263
90 152
87 268
94 211
152 293
175 236
189 229
156 232
