18.133333
1
42
417
50373
133 148
137 153
26 153
135 148
80 113
24 148
4 113
147 153
60 94
104 108
96 142
128 158
49 152
4 158
9 125
85 108
33 131
49 94
116 125
65 108
31 113
56 104
27 58
103 125
6 110
53 110
36 112
112 131
56 112
66 122
3 122
108 123
115 123
123 136
78 123
93 149
71 149
59 149
30 40
38 40
40 46
40 57
64 155
9 35
20 52
42 52
52 79
55 144
55 94
37 69
8 37
37 152
2 41
124 145
124 144
32 124
50 64
50 84
50 146
77 101
13 23
23 156
82 134
34 142
34 98
54 62
82 121
7 12
29 107
1 7
51 100
86 91
14 29
22 125
29 157
90 153
7 63
86 101
43 51
34 75
86 141
54 154
51 89
19 82
16 54
123 155
118 130
33 47
70 118
83 129
73 111
99 129
47 127
67 73
61 118
10 73
129 140
47 117
87 94
81 159
81 88
78 81
72 102
72 132
106 128
106 143
45 68
27 45
45 120
11 109
11 76
2 11
5 114
17 113
17 148
5 58
5 28
39 46
39 95
25 105
0 39
25 44
25 126
22 110
74 122
41 122
50 149
97 112
18 20
18 110
40 97
138 149
21 155
52 77
29 155
90 155
23 35
48 151
15 74
37 150
77 151
82 92
34 74
47 74
48 139
92 139
77 118
39 92
5 92
72 77
54 150
15 17
17 124
21 119
51 90
7 119
73 87
22 25
129 138
