45.742857
1
114
7
4004
58 317
29 454
108 304
120 166
8 297
102 403
430 484
103 212
107 401
364 457
121 157
287 367
168 322
174 266
189 428
222 260
95 426
20 262
141 492
86 475
41 436
335 436
165 436
4 47
47 109
47 368
228 361
361 419
103 183
122 183
183 426
183 218
61 302
173 431
173 209
183 305
50 59
59 256
59 463
419 452
55 452
451 452
99 455
365 438
400 438
396 460
356 460
189 460
250 438
357 488
51 430
35 39
35 68
35 152
51 160
51 360
51 202
3 468
360 468
433 468
167 481
57 481
11 481
113 201
201 447
201 311
201 340
201 263
251 261
1 261
95 261
230 285
192 285
89 285
67 285
293 303
211 303
162 303
8 491
158 491
292 491
288 397
58 397
325 397
113 291
243 427
23 235
265 417
235 390
280 390
329 390
136 396
77 319
77 492
77 362
77 199
346 405
223 405
331 405
237 326
10 359
78 359
14 359
157 425
149 425
205 425
196 475
196 348
121 245
245 394
76 278
245 296
54 196
76 402
0 76
265 461
45 461
375 461
150 367
29 150
71 339
71 130
39 71
71 263
65 366
65 209
65 482
65 368
205 358
479 486
474 479
85 222
85 440
210 445
129 207
156 221
210 248
85 410
144 190
129 440
156 330
144 306
156 414
6 111
156 168
6 166
85 401
144 276
6 62
129 304
144 429
210 434
155 459
126 155
155 313
228 258
34 258
191 466
258 483
116 400
41 318
125 225
318 382
92 225
83 225
188 318
318 403
225 485
94 376
352 387
36 409
26 462
448 449
216 376
344 424
66 395
125 321
253 449
2 443
61 128
5 275
267 393
151 321
418 465
186 387
240 275
37 409
9 387
395 478
72 290
179 449
114 128
332 424
135 393
86 443
268 275
82 290
97 462
193 393
343 465
351 465
128 341
40 290
323 424
90 443
234 376
412 485
238 487
231 496
127 231
206 312
250 295
295 305
33 312
312 377
31 74
31 328
31 60
407 477
407 494
126 407
314 407
476 498
104 162
105 473
104 345
104 123
63 477
102 104
140 476
219 476
105 357
139 353
147 353
353 441
199 217
270 355
108 270
217 316
176 270
87 232
232 322
388 484
229 388
52 388
131 170
310 364
131 310
294 310
25 242
218 242
242 435
227 307
307 373
307 493
87 298
62 249
93 249
264 446
220 378
281 480
180 226
185 220
124 260
43 198
142 408
281 326
220 333
142 262
80 214
198 385
7 239
264 469
226 247
80 132
369 383
110 369
64 163
64 212
142 420
64 112
80 487
15 264
7 297
115 143
177 309
148 224
143 246
281 347
148 428
143 181
226 386
369 442
177 427
169 399
169 382
124 171
148 300
198 283
100 432
100 306
100 254
184 406
17 213
73 159
84 370
84 472
32 134
315 439
32 380
145 497
379 453
17 133
17 178
84 273
315 464
315 499
145 284
73 257
73 337
32 470
145 266
379 458
379 392
259 308
327 384
18 30
422 495
46 404
334 350
350 447
12 233
381 411
53 187
88 98
175 398
98 271
30 120
404 413
289 422
272 349
350 471
96 259
75 327
197 404
182 363
187 320
324 327
200 272
363 371
299 490
195 422
106 381
161 363
233 338
279 299
233 389
194 287
194 301
138 454
138 374
20 138
27 339
28 38
38 174
38 277
27 308
99 361
12 421
21 111
48 89
11 21
437 478
13 223
153 219
35 59
269 493
117 269
35 51
47 423
91 137
77 173
51 491
302 425
35 237
210 361
243 481
129 302
261 291
285 423
302 444
303 405
24 391
24 147
99 116
56 173
390 423
302 407
81 397
225 488
164 438
164 460
77 203
465 488
237 405
302 353
76 245
416 436
22 99
22 488
42 361
243 387
173 298
310 488
81 155
258 415
81 443
146 417
56 417
191 461
47 241
23 270
196 312
237 372
183 208
48 436
59 204
6 31
79 452
71 236
242 274
170 479
201 456
198 291
70 417
215 372
154 415
231 476
100 423
264 415
220 274
244 303
47 437
44 291
291 422
243 350
49 243
153 173
101 479
136 381
150 406
244 359
315 415
76 467
69 196
154 238
99 255
42 462
42 393
286 358
172 412
19 258
16 172
63 143
285 354
91 488
118 409
118 290
376 416
69 275
144 336
79 449
119 444
336 424
203 342
81 489
236 450
187 236
150 342
19 307
409 421
17 70
282 404
252 369
70 363
175 282
49 282
38 282
119 226
252 450
73 118
84 208
32 286
44 118
241 379
327 467
204 272
27 299
98 354
