-1.052369
1
24
1504
40410
89 105
60 115
50 124
52 144
19 99
87 90
70 124
44 76
25 32
83 91
80 108
37 143
47 93
37 106
22 66
69 145
47 113
91 124
60 113
50 158
12 25
40 70
69 79
146 152
4 48
132 142
46 159
23 123
89 93
88 143
45 103
88 133
65 119
29 61
32 158
69 97
31 66
11 27
19 149
82 125
67 111
75 125
17 76
4 17
106 132
24 70
88 147
62 107
14 101
30 146
23 30
118 152
98 133
90 124
79 108
68 126
125 126
11 47
96 112
41 125
58 76
98 117
53 124
33 78
6 69
28 61
1 90
8 18
95 125
78 116
131 145
20 155
42 144
18 90
12 141
63 68
45 152
108 139
52 69
128 139
22 83
59 105
18 29
7 65
26 45
75 159
35 93
39 53
85 129
13 99
27 72
53 125
3 82
34 117
72 101
59 149
10 145
21 61
57 114
78 124
7 133
20 61
51 70
56 76
2 141
54 101
64 85
62 99
78 97
82 134
67 119
5 63
58 66
15 116
15 88
66 94
0 69
64 101
57 115
16 40
9 88
43 152
41 148
82 109
112 153
27 130
48 122
27 110
71 90
6 130
99 150
128 140
84 129
45 84
66 127
111 153
17 49
18 136
17 73
90 121
13 38
81 147
49 154
133 157
53 55
76 100
108 137
45 156
90 104
27 86
93 120
123 135
95 138
78 102
18 74
16 77
148 151
43 92
9 36
