7.002195
23
36
13
4950
40 66
25 225
46 111
206 237
148 238
138 170
101 183
4 13
149 242
127 176
59 207
16 18
18 99
4 18
75 138
28 137
114 191
29 191
151 191
88 162
145 161
52 145
145 176
82 145
37 232
157 232
47 232
137 204
55 195
76 248
133 248
79 248
111 189
70 189
187 218
120 218
147 216
216 238
124 216
66 224
23 224
3 58
40 167
46 167
159 241
132 241
8 25
1 8
144 160
51 160
193 210
93 197
174 197
120 197
84 236
107 249
2 249
157 185
55 188
186 237
100 113
19 221
50 221
113 193
80 235
143 186
173 235
17 51
88 105
49 135
11 208
73 180
2 73
54 81
170 182
182 209
37 81
81 239
107 182
29 154
165 244
165 177
165 215
99 128
128 140
57 93
178 200
156 211
22 156
95 242
95 226
95 131
23 150
150 175
7 41
63 164
22 119
134 187
152 158
92 96
96 219
20 86
86 149
86 213
90 135
90 233
171 212
79 171
171 192
39 171
82 240
87 172
87 153
104 127
104 148
35 104
104 206
33 194
109 202
109 164
24 109
122 190
122 183
10 152
10 74
10 72
31 229
27 179
12 200
27 144
27 129
31 126
12 13
18 60
141 166
141 234
141 201
56 223
56 69
56 65
102 143
97 233
45 247
203 205
14 39
61 198
110 142
68 110
130 198
91 225
89 215
38 110
61 100
101 130
89 239
108 181
108 214
98 227
48 98
98 231
18 241
28 232
28 167
21 207
75 146
121 145
5 28
15 214
195 197
75 134
189 241
146 162
121 139
58 210
49 232
44 112
115 196
185 216
17 196
163 248
81 196
123 125
67 119
36 192
36 42
154 196
106 228
106 151
67 220
163 241
6 60
0 84
57 167
6 123
112 243
11 246
125 246
191 230
158 195
169 208
32 92
83 201
169 190
32 41
43 77
43 231
83 223
0 105
87 112
18 168
18 78
115 220
53 75
71 75
118 224
87 184
63 243
28 141
67 136
26 67
67 85
145 217
45 232
64 204
9 248
112 155
112 199
91 112
189 245
117 189
62 196
94 224
116 167
103 240
116 235
117 221
103 194
44 64
21 31
34 178
30 95
7 222
15 195
7 85
86 203
98 230
14 31
30 199
78 110
