17.982143
1
68
11
3000
3 320
13 127
26 195
27 131
310 383
84 130
193 225
88 364
105 271
288 368
289 393
331 382
117 153
62 172
192 339
301 376
29 398
72 398
114 398
95 398
373 398
165 398
137 284
23 284
239 284
153 284
80 242
99 397
237 397
373 397
91 317
92 317
4 387
253 387
340 341
326 341
304 387
296 341
102 387
77 355
131 341
154 210
154 394
55 154
144 154
57 86
60 86
187 348
186 348
60 134
37 396
380 396
271 396
69 233
233 391
1 233
218 259
218 236
218 320
78 148
70 148
164 228
13 228
89 228
51 228
145 312
22 312
347 378
333 347
332 347
38 347
127 254
15 254
89 113
118 279
260 279
113 285
63 390
211 390
208 302
139 208
208 383
213 230
230 288
84 230
91 230
262 357
27 262
55 379
204 286
286 340
165 319
47 319
8 267
345 362
78 345
120 345
117 269
269 344
170 231
9 364
29 123
81 132
315 388
231 374
6 269
189 388
17 123
389 393
381 389
155 231
132 147
3 9
121 360
7 121
121 272
121 157
257 327
267 327
119 338
36 370
213 370
135 238
54 114
41 346
41 384
135 251
135 168
41 281
107 108
107 307
42 236
42 144
160 291
142 160
150 160
219 224
219 323
146 219
28 68
75 119
75 306
75 316
302 351
81 169
217 265
20 365
20 332
20 62
19 323
5 88
5 48
264 324
51 324
282 353
282 371
56 282
58 227
64 185
58 336
71 369
261 350
350 354
337 350
335 392
69 194
112 366
194 225
220 322
214 220
249 382
249 253
311 375
90 238
100 318
36 100
66 112
11 194
173 243
93 166
166 182
90 105
172 173
194 199
100 256
125 166
173 183
25 112
171 248
171 395
47 171
34 283
73 290
37 278
276 301
245 276
142 240
242 317
241 376
157 241
242 355
10 158
128 339
128 270
24 98
76 190
18 32
263 352
111 274
111 299
10 74
174 178
43 349
263 313
174 180
133 293
76 156
33 250
33 181
52 263
126 305
45 50
111 198
133 185
18 386
133 266
24 87
106 128
126 289
43 96
45 122
39 76
226 255
226 234
151 356
151 187
151 310
321 343
1 321
162 197
162 212
162 192
141 398
200 281
229 377
80 101
176 186
110 183
35 176
143 163
94 258
12 229
209 287
200 322
195 277
203 343
110 247
67 334
79 229
82 198
67 68
258 300
57 235
167 209
235 292
83 209
0 110
328 359
44 143
277 295
328 331
235 325
101 239
203 368
104 244
104 309
44 280
59 335
59 361
138 381
16 146
232 244
46 103
188 353
21 295
137 232
223 305
116 291
129 342
284 390
140 234
97 242
279 396
196 255
154 385
65 284
42 341
218 230
40 242
65 397
175 387
208 312
154 205
86 252
254 319
40 86
86 265
279 308
14 113
49 70
49 349
54 279
228 298
115 228
86 311
113 169
205 347
221 233
61 396
19 254
207 218
8 219
286 399
109 264
109 155
86 268
107 252
113 166
75 367
351 388
42 372
75 135
345 358
2 399
2 177
41 149
242 314
202 388
221 345
14 282
284 294
367 369
64 252
42 58
324 329
121 141
154 159
240 262
97 363
175 194
134 275
34 124
85 86
179 298
222 308
152 303
218 280
128 379
152 179
129 218
196 317
82 279
273 347
10 338
206 254
136 329
18 252
45 252
34 392
208 215
73 112
112 268
33 115
262 330
33 149
31 319
30 319
174 202
229 252
41 138
21 160
24 207
177 191
28 201
53 350
246 324
61 161
100 215
34 85
216 278
53 136
184 350
222 297
76 297
263 275
53 209
258 314
201 294
46 188
