47.115816
1
114
11
456
334 395
69 410
147 335
273 371
312 332
325 332
313 435
310 371
16 384
249 335
216 332
170 410
393 435
218 291
35 291
182 368
200 395
102 395
291 384
395 435
158 340
164 340
288 340
112 272
269 272
70 272
136 426
239 426
242 426
104 188
57 335
364 410
58 441
131 441
392 441
289 334
36 347
44 170
13 132
249 252
92 157
27 313
176 301
285 434
63 226
192 384
181 371
36 435
38 384
275 301
46 334
258 301
299 334
408 434
288 434
149 226
348 434
186 226
34 415
75 415
66 194
90 194
194 301
161 308
83 352
182 352
128 308
335 352
29 167
89 343
295 330
292 420
349 420
19 315
152 327
15 343
175 420
179 240
23 366
196 370
80 389
280 361
279 290
205 339
71 342
32 240
188 339
185 366
383 396
225 359
220 342
157 315
67 339
351 389
324 361
235 359
229 330
193 240
129 327
81 116
311 370
307 359
206 396
150 330
254 290
171 315
62 389
5 290
93 366
189 361
271 343
99 116
154 396
250 410
250 434
205 250
9 332
95 169
110 169
46 72
337 412
174 412
191 365
256 365
202 418
368 418
87 143
18 143
9 167
240 250
278 320
392 397
65 226
146 446
301 329
71 423
89 230
269 444
136 151
227 373
103 200
6 421
204 210
301 421
258 300
11 260
21 28
186 260
3 28
68 300
30 85
183 282
79 238
134 153
178 201
13 82
4 222
187 221
14 85
264 282
47 153
74 122
1 82
119 222
92 238
416 431
304 402
223 402
268 443
227 231
141 221
37 55
6 122
146 236
314 415
194 336
124 334
308 314
352 372
308 318
167 407
104 165
327 397
342 440
9 65
326 418
20 107
262 335
86 148
255 356
0 248
0 73
0 427
124 330
111 163
59 91
43 286
45 118
41 53
132 197
24 251
50 105
60 208
97 142
55 72
133 231
320 445
395 436
410 422
372 401
267 431
210 321
210 444
300 399
28 230
260 388
238 244
55 446
236 423
231 303
236 344
431 442
201 398
402 428
122 338
100 201
282 386
85 447
221 432
222 421
421 431
238 443
9 53
52 361
122 124
56 100
165 228
165 355
116 411
250 387
232 384
143 433
56 282
107 121
107 213
82 84
84 201
265 362
148 199
148 401
323 435
356 406
396 448
0 411
44 381
212 290
359 413
389 413
53 374
105 114
163 378
53 103
142 144
91 190
91 377
118 215
42 353
42 113
217 345
251 322
251 379
118 380
208 306
217 449
208 294
105 375
286 360
163 247
25 376
142 162
286 409
197 405
197 259
25 261
222 439
323 415
173 298
153 430
253 366
343 425
232 315
143 159
363 391
363 390
9 106
320 331
210 328
212 365
8 145
82 297
1 78
78 371
27 126
10 308
139 436
180 262
124 400
9 354
142 262
101 424
101 233
7 168
61 211
7 51
17 317
26 281
64 156
140 257
172 296
64 305
7 243
61 277
26 293
127 270
48 341
172 438
33 151
48 54
39 358
127 155
39 137
140 403
33 346
26 138
17 263
127 385
64 234
49 316
33 382
39 108
172 319
106 373
17 350
49 209
106 207
106 333
61 394
48 177
49 241
140 166
115 210
84 429
203 251
197 203
85 253
76 250
291 414
381 417
217 387
42 429
362 369
31 395
40 226
88 272
198 371
49 56
52 297
363 422
84 140
35 266
88 194
10 221
48 262
145 237
327 414
126 419
145 443
180 232
224 352
180 253
66 302
309 421
115 163
64 203
208 425
91 232
125 370
123 339
420 437
56 298
169 246
0 195
101 400
274 334
246 412
2 418
84 404
262 404
77 441
139 357
101 448
266 412
61 448
169 302
7 212
96 291
56 98
224 320
33 413
276 284
123 260
125 300
28 367
22 180
172 425
127 253
2 402
40 153
231 437
167 283
94 332
135 139
139 245
39 323
9 184
159 214
12 356
0 283
12 118
121 130
184 365
105 414
198 286
139 219
287 448
276 328
120 320
130 433
135 413
25 109
94 369
245 425
17 367
26 31
109 331
120 356
160 354
117 414
160 214
