27.102381
1
72
304
6859
188 272
200 286
18 104
232 267
160 311
82 122
69 324
286 330
238 248
195 333
9 10
33 82
79 171
209 267
219 343
66 110
27 272
80 175
114 307
168 349
302 349
307 333
228 327
119 171
39 287
92 318
129 329
213 225
264 320
7 69
110 248
178 214
175 270
117 214
139 272
331 342
282 311
217 236
171 190
193 327
48 342
76 214
45 284
67 330
257 280
165 178
67 327
190 311
270 338
131 247
16 255
124 209
215 312
91 201
56 92
139 237
42 92
97 153
224 346
164 244
244 319
224 333
174 201
94 315
111 122
250 285
137 201
19 312
16 82
217 244
96 175
233 269
185 311
152 195
271 296
43 328
121 312
29 245
333 341
316 341
18 235
235 250
72 235
51 149
31 149
143 149
149 293
203 314
42 203
222 260
81 260
40 260
147 273
7 147
26 147
101 260
116 203
203 340
53 197
197 349
130 157
289 327
22 131
4 22
91 281
281 295
95 281
281 315
119 194
82 194
194 312
194 291
94 290
43 290
290 314
296 323
157 340
58 300
272 300
172 300
134 300
211 326
166 272
261 266
3 261
48 261
59 261
261 347
24 100
100 219
100 347
306 323
186 290
235 289
159 203
210 232
210 213
98 210
184 338
184 208
184 322
201 305
294 300
149 194
263 317
179 263
214 262
86 275
120 189
120 123
86 283
86 313
120 299
86 102
107 245
107 135
104 107
147 159
29 184
78 230
78 207
78 329
78 181
17 343
17 348
12 17
17 196
182 251
39 71
35 297
71 231
35 97
71 276
35 163
35 124
182 274
182 218
35 57
63 317
63 241
305 306
216 292
53 216
216 225
184 186
176 187
62 187
187 199
205 342
165 205
205 241
177 205
1 126
126 207
130 321
25 152
17 101
85 255
85 251
85 264
85 155
115 304
109 158
109 151
109 304
109 320
71 121
46 59
46 90
170 186
88 141
141 247
141 345
49 141
244 254
175 254
234 311
180 236
112 180
25 130
78 294
20 349
182 265
65 88
5 65
130 277
205 265
44 118
44 293
44 280
145 325
102 145
154 328
57 145
120 203
133 167
133 269
66 133
84 227
15 84
84 129
136 301
136 172
52 248
52 158
142 326
142 271
6 206
206 301
206 339
183 284
183 221
106 220
106 237
192 211
47 239
47 257
87 127
144 162
8 105
242 248
258 336
37 258
21 331
127 335
68 70
93 212
93 342
108 144
113 258
30 70
54 144
127 291
70 246
34 105
105 138
21 334
36 64
36 191
10 36
73 103
9 73
73 279
303 324
303 309
61 303
125 146
0 74
0 287
0 28
41 60
223 229
60 252
13 156
125 204
125 140
13 75
132 161
55 298
55 114
11 83
223 344
11 310
99 243
99 308
2 11
55 256
23 99
89 337
14 198
13 38
14 278
14 150
132 169
60 253
132 332
89 202
89 288
22 210
77 279
116 206
262 281
240 281
192 249
22 226
100 259
126 187
20 187
100 173
125 166
32 216
148 170
70 321
50 71
249 258
115 128
183 234
77 126
132 226
223 259
154 268
32 60
144 148
105 242
99 128
14 173
50 89
11 268
13 268
