1.312294
1
32
0
1353
78 173
24 124
83 111
39 160
36 70
36 83
36 116
110 126
36 195
37 125
38 49
107 115
38 197
39 74
113 140
40 134
41 60
41 67
43 54
43 104
44 65
103 149
102 175
117 197
26 64
26 121
122 126
27 154
29 126
30 32
30 94
31 42
112 189
117 172
31 195
116 147
114 177
33 35
33 153
34 41
99 159
68 134
61 192
88 152
86 168
85 171
84 87
64 186
67 118
89 105
69 114
70 193
71 169
71 170
72 130
72 145
76 111
76 124
93 163
0 84
47 185
50 117
51 108
52 145
54 60
94 100
54 144
100 179
93 114
56 78
56 148
56 166
57 86
89 161
59 90
59 115
138 151
140 173
7 75
6 161
14 22
14 36
5 108
15 41
139 160
7 150
4 190
169 192
4 106
17 126
18 141
170 199
143 152
12 198
168 179
8 52
8 146
9 29
9 149
12 46
9 155
165 193
164 183
159 183
10 176
10 189
161 198
25 97
0 119
24 129
23 91
130 139
23 66
25 53
131 189
132 137
132 199
1 101
175 188
19 125
19 158
136 155
3 128
135 157
3 86
2 169
2 85
1 142
187 193
0 77
77 191
167 169
92 189
90 180
182 187
87 108
79 141
79 194
80 86
80 191
81 175
82 179
130 162
136 178
109 141
135 156
135 147
114 167
134 174
133 193
117 118
105 185
118 120
130 141
129 158
121 179
123 161
128 185
127 150
98 162
94 152
156 169
152 196
95 135
96 153
98 136
127 174
150 182
150 176
140 180
23 151
20 109
20 189
21 104
22 185
23 44
23 75
25 133
25 184
27 56
28 81
28 82
1 32
4 61
9 181
11 55
13 16
16 163
63 94
54 99
55 62
58 184
62 63
54 73
73 141
41 96
36 48
45 136
45 140
