4.896946
34
14
1209
15036
67 89
15 89
110 117
60 117
114 117
12 94
31 97
33 74
9 47
31 81
9 40
73 107
20 74
46 89
38 63
56 89
41 48
31 112
9 104
7 105
60 102
77 109
16 38
34 70
15 117
3 88
28 99
72 86
65 85
53 65
74 84
4 113
28 52
68 73
68 83
17 74
17 24
95 114
41 76
76 82
22 76
76 103
0 76
62 92
85 100
57 100
48 115
37 69
106 115
44 69
42 69
18 51
9 64
45 75
50 75
6 75
76 84
51 98
16 35
71 111
26 35
75 99
54 63
98 111
54 72
57 96
96 103
14 22
14 70
47 61
61 83
0 79
79 117
4 111
90 107
21 90
90 109
62 95
25 89
91 113
39 91
91 101
27 91
34 91
69 75
12 49
37 49
45 80
29 80
80 86
55 80
108 118
75 91
80 108
25 90
11 55
11 59
13 88
13 29
23 43
3 23
7 8
8 31
1 31
1 87
36 93
36 94
32 46
32 78
2 30
2 57
66 87
66 116
19 66
66 93
10 33
10 58
5 119
5 58
