76.231127
115
82
3
34439
46 97
244 281
87 283
190 283
223 283
45 283
221 261
193 239
8 207
51 252
252 273
239 251
50 207
231 252
68 221
207 231
89 239
114 221
85 252
52 221
59 207
86 160
21 86
86 174
86 243
104 267
60 107
19 131
17 111
0 71
60 233
71 136
60 84
131 139
104 225
131 181
71 227
71 88
131 203
111 184
111 112
104 281
34 60
106 269
106 138
106 217
2 29
2 128
2 92
23 92
49 270
49 265
49 182
43 240
14 227
14 154
14 33
33 99
146 250
144 282
271 282
259 260
124 282
246 290
157 180
234 264
177 298
172 230
169 180
237 291
132 287
159 291
37 205
35 205
116 287
117 264
96 294
95 287
32 259
42 205
149 266
146 290
72 298
79 294
74 266
126 180
219 290
189 266
216 230
210 264
24 291
4 230
82 294
98 298
244 259
46 222
222 256
185 222
170 232
232 296
118 247
97 232
200 247
69 248
70 258
31 69
62 130
123 258
133 279
61 133
63 110
113 197
140 187
135 194
161 178
258 292
15 211
125 133
110 114
147 194
25 62
191 196
109 196
211 236
197 214
91 187
39 110
194 280
196 209
178 228
187 195
165 211
69 212
36 62
168 178
76 197
201 257
21 257
164 257
175 188
175 181
16 175
27 198
12 65
56 83
103 148
103 192
47 66
48 103
101 289
22 26
12 299
26 119
26 129
64 224
101 167
53 64
77 226
198 275
77 223
77 183
186 229
186 295
198 213
166 202
179 253
156 268
64 277
83 105
55 186
44 166
142 179
90 101
66 233
66 215
166 249
30 156
83 288
179 238
156 293
51 272
141 272
20 100
20 81
20 208
73 155
73 75
41 171
6 18
5 254
78 163
9 145
5 134
9 10
6 199
41 143
6 121
78 152
3 94
78 115
3 262
3 206
73 263
9 28
41 93
5 38
57 286
54 285
54 218
31 108
90 102
0 108
137 243
81 137
13 164
13 285
120 283
14 239
204 283
2 49
104 274
71 250
111 120
106 274
122 221
99 274
99 120
111 247
158 207
23 211
86 173
120 298
11 60
23 198
23 66
2 235
110 250
23 276
49 58
64 250
40 106
11 99
57 274
99 241
1 240
7 250
67 266
122 264
158 205
158 287
235 291
247 297
176 230
162 294
242 282
197 297
220 232
173 180
194 220
150 290
176 258
176 187
133 151
178 242
151 196
7 222
62 151
122 186
26 67
20 67
58 257
83 162
11 103
11 156
166 242
3 297
12 58
73 220
6 235
153 175
150 179
77 284
67 245
41 162
101 153
242 276
151 255
162 278
80 158
80 220
58 255
5 284
78 204
176 245
7 278
9 40
102 104
127 241
1 127
