19.383333
1
25
0
174502
34 97
45 56
44 86
42 60
41 84
40 98
40 92
36 94
36 88
36 74
35 57
45 61
34 68
33 55
32 60
30 53
27 67
26 64
26 59
24 87
24 58
23 84
61 80
93 96
79 94
75 78
74 86
68 89
68 85
67 81
67 70
66 86
65 68
1 52
60 71
57 77
57 62
53 90
53 79
52 72
51 84
50 98
48 52
21 45
0 2
2 8
2 43
3 24
4 63
4 73
4 87
5 57
6 24
7 77
10 93
12 55
14 26
15 55
17 98
22 93
19 36
47 77
31 64
47 93
29 45
10 39
9 75
54 99
9 49
28 83
26 91
25 46
4 20
20 52
2 91
77 95
78 83
24 31
80 99
83 97
85 99
92 95
11 46
31 67
13 98
11 69
29 53
37 95
13 60
38 55
16 82
38 86
16 26
29 84
20 76
16 25
16 95
18 39
29 76
