63.000000
334
85
0
11513
134 305
142 281
142 254
139 395
139 295
139 174
138 321
136 375
135 441
135 368
135 348
142 382
131 438
129 247
127 330
122 311
122 253
122 238
121 300
117 345
115 370
155 183
167 308
165 387
164 309
162 358
159 268
158 209
157 404
157 239
156 274
115 144
152 246
151 362
151 352
151 309
150 354
147 156
144 438
144 435
144 190
83 135
93 190
91 169
90 340
90 224
89 396
89 247
89 128
88 170
86 183
84 371
94 118
82 101
76 448
75 430
74 336
74 189
74 149
72 229
72 73
70 439
101 175
111 169
110 175
108 268
107 374
106 218
105 395
104 170
102 386
102 137
170 324
100 387
98 156
97 260
97 253
96 216
94 448
94 446
94 360
94 173
285 410
332 425
326 327
321 417
314 406
314 317
308 402
301 330
296 320
292 435
290 296
333 379
285 376
285 331
284 430
283 419
282 367
281 396
271 327
268 412
260 333
361 392
435 447
416 423
389 448
387 449
375 413
371 374
370 440
370 415
366 368
260 307
356 411
355 432
354 390
353 361
351 443
349 435
345 363
338 369
335 395
195 308
216 401
215 425
209 227
208 247
207 247
206 218
205 401
205 244
198 432
197 438
218 323
194 375
190 270
190 201
188 272
183 325
182 305
176 188
175 359
170 418
233 260
257 381
255 371
253 339
250 361
249 282
246 383
246 328
244 273
234 438
0 345
232 244
231 381
226 436
226 433
226 429
226 375
220 404
219 361
218 420
16 282
47 318
27 43
42 72
70 186
43 242
43 378
44 354
20 102
54 216
13 74
13 416
65 156
14 381
15 356
28 338
55 427
17 199
19 305
47 163
31 419
62 253
56 370
17 237
60 432
59 218
47 150
58 209
47 99
22 187
36 89
26 169
3 404
4 327
50 122
49 321
22 394
48 430
24 89
40 416
34 296
69 439
69 448
70 130
70 182
37 345
1 26
223 337
203 395
25 356
203 229
209 266
216 278
203 419
204 294
214 385
214 341
30 89
206 398
29 256
212 418
211 282
210 277
167 184
33 123
175 251
172 391
171 264
170 426
169 203
168 380
33 81
166 285
35 395
164 372
36 161
161 424
160 289
160 279
32 291
202 321
200 350
200 322
196 379
196 235
32 242
244 343
192 248
188 342
188 278
32 407
180 357
180 269
178 305
178 268
310 393
9 126
9 341
10 61
329 419
10 282
10 366
316 398
10 428
314 388
338 393
11 86
306 351
302 404
302 328
293 385
12 204
12 346
289 293
5 431
0 7
414 438
414 434
407 409
1 38
2 53
2 148
5 132
17 80
364 445
6 217
358 365
6 398
350 365
347 430
347 403
341 384
240 416
251 330
248 327
248 296
21 209
246 377
245 299
244 391
179 444
241 338
252 297
22 445
230 441
230 400
23 106
225 364
225 353
265 274
280 297
279 294
278 308
277 427
277 312
17 245
267 282
266 448
223 443
262 357
262 275
261 289
18 23
260 286
258 375
256 413
85 330
120 263
90 145
90 113
66 421
87 371
87 370
121 306
122 185
124 125
124 184
87 314
125 310
125 422
47 303
47 181
132 177
132 403
133 226
133 425
135 202
46 259
46 239
82 200
81 153
80 387
114 313
109 228
107 193
55 71
56 180
103 297
53 247
103 145
102 347
102 212
112 372
113 381
59 80
61 179
70 185
52 306
95 222
95 146
51 367
37 168
63 257
63 322
51 183
94 154
64 448
92 354
92 319
151 286
39 264
141 287
141 299
141 300
75 265
39 329
41 253
142 426
78 282
45 393
151 153
149 344
143 361
144 442
43 211
41 432
45 109
79 416
139 303
72 298
72 154
80 375
71 319
38 288
140 148
156 377
68 297
77 221
116 203
67 344
278 334
277 437
276 304
373 399
398 437
57 154
57 346
267 334
87 243
8 80
8 397
313 342
10 248
67 236
347 405
66 191
77 405
11 315
7 217
32 258
191 243
191 304
191 408
141 166
193 373
32 143
30 442
200 240
154 388
154 213
181 236
119 146
120 431
25 180
222 343
