2.000000
328
11
2
124429
42 55
1 3
42 62
16 89
1 46
1 99
42 65
10 75
69 84
28 34
39 50
12 40
37 43
0 63
5 63
39 63
74 94
60 90
45 90
34 90
69 94
81 94
30 90
88 94
14 92
45 92
5 92
28 41
41 75
23 41
1 36
35 49
25 26
77 89
26 43
47 77
29 61
14 24
65 87
71 96
88 98
79 84
78 95
0 32
53 80
42 83
40 80
12 79
7 32
37 95
10 48
31 73
48 86
52 85
7 18
15 50
21 44
18 93
17 94
35 90
9 36
13 90
8 94
49 56
1 27
27 85
11 67
76 86
8 92
57 92
17 71
33 63
4 63
59 94
61 64
26 57
19 77
41 83
64 87
17 73
9 66
2 17
61 66
61 70
13 20
72 90
41 82
22 92
54 97
58 97
4 44
38 77
26 51
33 54
6 68
20 91
11 59
38 58
6 91
