28.497938
120
40
87
9248
74 154
46 47
87 190
213 216
0 133
9 61
3 93
16 82
82 91
41 84
83 84
172 232
66 83
60 234
51 173
116 123
104 108
102 198
33 45
74 207
164 232
9 62
71 83
3 248
4 199
122 123
1 44
12 47
192 233
84 188
33 141
14 143
107 149
37 234
5 70
34 123
104 240
8 48
160 234
74 137
10 190
177 216
40 238
140 203
101 199
238 246
125 238
201 203
73 238
47 200
43 83
184 234
25 233
18 149
164 206
133 158
44 197
35 102
134 242
166 231
24 121
3 212
24 211
42 133
24 183
44 114
48 193
26 70
48 138
205 242
232 239
9 50
81 224
102 146
84 157
11 216
179 231
69 175
20 175
21 185
126 151
57 151
66 237
148 237
75 90
59 90
90 110
85 217
232 245
85 227
220 227
224 227
52 152
20 162
162 214
47 64
110 181
65 81
32 65
14 194
129 194
194 204
187 194
136 165
95 99
75 99
142 222
70 222
234 244
60 118
6 118
118 168
33 226
42 226
156 229
218 229
34 230
102 230
36 191
191 246
78 82
21 78
19 53
53 243
153 189
120 153
159 161
129 159
33 182
54 170
170 243
72 147
39 147
70 135
44 249
92 204
92 199
24 92
86 125
113 196
196 199
127 149
104 130
132 203
145 197
176 188
144 176
67 247
49 57
49 203
29 151
77 242
77 190
181 227
23 144
15 23
30 173
30 113
68 210
68 143
104 106
186 216
74 202
22 123
22 47
28 161
28 94
6 236
88 126
88 124
9 100
82 100
105 210
105 195
7 17
7 215
112 155
51 112
98 171
98 150
33 98
98 206
98 148
175 202
175 236
74 76
102 163
53 152
90 92
89 120
44 89
111 223
70 111
165 191
2 84
2 3
55 242
55 174
97 174
97 187
86 245
178 190
3 178
70 228
128 194
76 185
31 227
117 133
48 117
64 249
109 231
109 193
102 208
208 233
13 39
13 233
118 167
80 218
44 80
119 149
44 119
53 128
79 115
38 58
38 52
27 56
180 241
103 139
131 135
27 244
151 228
132 191
209 217
78 96
31 221
96 219
127 219
63 215
9 63
176 225
67 225
92 145
103 221
106 139
56 186
229 235
79 167
169 235
169 180
