9.804762
1
22
1
78681
7 73
35 119
86 128
31 139
31 134
31 72
8 45
53 80
7 37
9 69
2 121
69 78
81 109
2 110
2 48
7 87
21 124
25 83
86 127
10 16
45 106
16 85
81 93
18 23
101 129
21 56
21 105
45 59
42 87
41 76
86 96
69 100
57 99
57 112
57 69
19 57
57 121
49 50
4 11
27 77
49 62
49 112
86 115
27 94
82 115
27 65
27 35
16 22
14 61
12 79
84 138
11 79
22 96
6 74
25 51
5 61
69 79
64 101
88 116
77 84
30 67
71 74
24 64
42 79
51 108
51 71
74 111
84 95
31 90
32 107
81 107
2 135
44 47
23 33
40 119
31 120
40 80
0 40
28 34
1 91
33 39
33 76
75 118
29 131
29 36
16 132
43 86
44 54
43 65
53 92
82 91
52 125
92 114
44 94
21 135
15 113
45 97
14 28
13 70
103 123
103 129
81 97
18 113
7 97
83 125
3 78
102 123
19 26
17 133
31 46
8 137
50 104
36 89
81 102
26 138
41 46
98 115
74 115
13 57
57 66
58 90
30 126
115 118
4 20
61 66
88 136
84 136
55 126
51 120
115 130
33 55
49 60
38 58
61 122
61 63
84 117
133 137
68 122
63 89
