75.020238
1
100
0
247
153 351
166 186
165 469
165 257
164 227
162 446
161 376
158 188
155 388
0 122
154 341
167 258
152 431
151 271
150 451
150 261
150 230
149 376
145 439
143 289
142 380
142 174
179 264
193 473
190 333
190 244
189 434
188 291
188 228
185 286
182 262
180 458
180 435
142 146
177 415
177 277
177 180
176 377
173 259
171 443
170 467
168 442
168 246
90 271
111 399
111 353
109 384
105 471
104 262
103 409
103 295
99 155
96 133
94 190
112 180
89 103
88 431
87 345
86 426
82 434
81 400
79 124
78 131
77 111
76 352
125 377
138 351
136 376
134 391
133 406
133 403
133 389
131 346
131 342
130 165
127 455
195 199
124 196
122 173
121 355
120 397
118 258
114 417
114 365
114 236
114 212
306 380
341 445
340 455
339 418
329 473
320 341
315 416
313 480
311 458
311 430
307 426
347 476
305 356
304 440
304 413
304 335
302 411
300 404
300 394
296 455
293 439
290 497
397 429
466 484
453 476
441 442
439 461
427 482
424 473
419 480
417 439
408 418
401 473
290 456
392 416
389 489
369 499
369 467
356 400
351 422
349 433
349 351
348 355
221 443
239 426
235 302
234 428
234 364
233 377
233 290
232 377
229 286
224 369
222 271
243 302
220 286
217 317
215 443
210 234
209 352
203 276
202 352
198 253
197 355
195 418
262 436
289 498
288 366
285 320
283 446
276 402
272 480
270 278
264 490
264 326
264 274
155 202
258 263
255 482
254 494
254 432
254 372
254 331
251 431
248 400
243 390
67 155
18 265
12 491
31 395
12 349
12 241
12 144
18 359
11 134
66 268
18 460
13 446
31 425
19 459
68 223
32 397
33 181
68 245
48 466
28 304
68 312
16 24
30 264
31 105
46 124
17 311
45 290
44 474
58 476
59 311
44 375
60 107
26 63
44 216
60 123
60 412
15 382
15 159
64 416
15 115
29 383
14 87
40 276
69 384
70 300
5 217
55 344
4 278
51 473
7 165
52 442
39 289
51 54
3 480
3 431
72 173
35 50
3 86
40 162
3 15
26 390
55 186
33 266
41 434
24 217
6 49
54 303
49 282
54 367
49 485
55 363
36 431
1 342
26 117
74 177
73 134
26 269
249 304
231 284
253 493
27 80
249 381
237 302
238 337
238 350
27 318
29 281
240 323
242 297
242 362
242 449
28 493
246 275
200 400
214 318
213 379
211 314
208 349
208 252
207 254
205 250
75 309
214 470
199 279
198 492
35 358
36 361
37 493
193 327
192 416
191 396
225 233
31 192
31 280
20 61
231 234
227 310
226 247
225 462
225 299
234 492
32 205
33 157
219 465
219 242
218 324
218 321
215 273
8 475
366 438
364 468
363 450
357 410
352 493
352 398
350 464
349 470
8 194
8 252
369 378
343 438
341 405
335 472
334 355
332 438
330 466
328 373
327 414
326 357
417 481
0 279
463 493
1 226
447 473
446 496
2 177
434 437
2 312
423 482
2 355
325 361
3 34
397 423
393 400
384 495
384 450
376 393
371 486
369 495
269 455
278 370
277 308
204 260
275 459
275 305
273 486
273 466
273 288
271 354
280 300
268 464
267 278
21 47
264 398
22 175
23 421
260 309
18 80
322 478
10 53
314 383
310 487
306 464
304 465
302 496
16 95
17 178
300 327
25 318
292 489
292 483
292 417
292 322
289 387
19 386
287 493
20 37
57 324
134 420
56 133
56 217
131 354
131 338
57 311
128 492
128 358
134 496
124 385
119 327
116 173
60 478
62 492
111 454
108 472
147 426
155 385
49 147
50 53
150 368
54 183
149 267
148 170
147 443
107 370
54 292
142 280
55 97
140 148
139 466
137 387
137 260
135 264
84 113
68 405
87 398
87 267
87 237
85 477
85 433
84 406
84 201
91 386
83 110
71 333
75 488
75 414
75 328
98 132
106 271
66 240
103 354
102 319
102 285
101 178
101 129
100 273
98 129
97 476
95 432
93 323
92 471
92 172
169 258
42 60
180 330
184 201
46 163
38 418
165 393
184 301
188 371
157 289
44 157
43 336
172 316
43 225
175 475
173 368
47 321
160 482
156 281
160 297
183 286
163 462
182 314
41 308
164 314
206 280
360 496
334 379
187 393
354 444
34 338
93 452
8 38
9 398
9 147
407 495
83 132
420 421
2 318
448 452
454 492
457 481
71 260
373 479
374 437
169 464
267 298
191 294
256 457
141 444
141 407
65 157
126 447
294 479
116 314
