27.315756
124
53
14
3324
98 102
197 302
281 302
112 302
31 302
210 253
41 253
233 253
23 60
253 299
187 318
211 316
86 253
257 259
181 309
91 189
4 17
178 314
205 240
114 230
300 339
83 134
141 260
149 260
171 257
188 257
33 187
111 209
136 209
48 209
201 268
139 142
132 230
9 12
55 218
35 187
45 187
228 273
99 301
76 301
152 218
14 68
131 301
96 218
97 268
268 322
52 320
27 230
143 274
177 196
196 338
189 196
34 313
71 324
176 324
146 313
295 320
80 320
22 313
221 324
3 308
195 308
238 244
231 238
46 317
175 317
18 38
18 77
1 18
18 119
1 82
82 309
82 148
82 116
0 252
0 274
0 245
118 240
118 283
2 118
124 126
124 125
124 213
157 280
169 280
32 280
72 297
44 276
110 172
110 261
94 242
242 325
87 110
37 44
72 278
242 348
166 332
273 332
24 332
89 332
210 323
105 323
20 329
119 329
51 202
4 285
246 285
135 285
75 349
300 312
265 312
237 312
107 180
170 234
60 234
23 180
155 248
156 180
68 248
7 169
7 221
143 342
29 165
194 342
272 342
14 287
93 287
95 138
163 218
95 257
187 263
34 236
6 236
250 299
127 250
112 250
150 215
57 215
185 319
139 319
239 257
192 239
19 187
12 167
167 200
224 345
121 247
267 341
333 341
270 321
24 270
56 102
29 206
11 206
129 291
181 291
113 217
182 302
224 315
145 315
47 260
122 334
199 249
199 295
158 199
75 199
158 203
151 259
151 304
151 339
222 253
88 222
150 222
61 235
91 262
11 262
57 186
81 134
81 104
81 142
135 164
137 164
269 298
59 268
168 333
5 269
168 253
113 269
213 258
204 288
284 335
258 294
35 115
74 284
288 292
122 308
88 229
229 251
174 230
229 343
128 229
279 290
26 279
159 279
39 178
39 310
98 108
108 223
108 192
43 296
6 43
49 209
21 92
32 179
130 196
21 321
130 190
17 21
179 327
21 303
82 239
79 320
265 328
120 218
115 317
9 15
15 225
85 159
85 268
16 184
166 282
304 337
26 336
147 255
107 336
219 337
316 331
301 344
36 147
36 277
154 313
18 59
118 163
54 196
54 173
10 214
10 230
100 190
100 286
212 275
264 324
212 347
53 251
65 334
53 204
65 306
140 187
109 289
109 198
0 130
40 198
58 271
58 173
184 227
238 264
227 317
19 332
233 311
28 257
117 138
63 230
84 272
162 249
226 303
311 335
182 332
222 280
78 242
124 207
250 312
67 301
101 238
72 130
123 347
144 235
144 260
69 225
42 193
193 287
123 308
19 50
161 263
69 238
220 260
220 277
0 153
61 163
49 202
243 312
110 140
30 44
73 163
120 202
78 250
243 342
50 293
47 161
239 307
19 326
103 345
232 239
122 151
124 208
44 191
13 122
164 207
39 279
103 183
39 183
79 269
40 217
199 344
162 202
285 340
81 255
81 154
165 256
287 305
64 163
66 186
121 160
56 305
8 56
56 62
30 279
315 346
203 254
160 293
106 151
133 307
164 266
70 269
25 174
39 90
108 216
328 330
331 346
66 241
63 191
