36.942247
159
50
35
4093
71 225
66 220
237 262
82 222
68 293
119 295
95 198
198 224
137 198
173 270
82 100
18 22
139 250
84 86
1 68
122 245
106 176
134 233
121 234
89 233
41 84
235 237
8 256
21 79
154 182
31 253
234 267
63 108
48 70
234 283
44 85
42 84
47 48
30 233
85 287
79 182
98 112
73 299
73 221
73 260
139 295
231 277
31 173
26 254
22 269
55 82
22 27
132 173
90 243
223 273
61 231
174 275
67 223
163 256
110 280
183 223
87 214
206 275
3 295
181 256
17 155
53 234
59 90
7 284
35 68
19 102
170 237
151 236
56 110
102 258
156 284
79 291
48 118
152 155
40 231
11 245
54 185
76 245
110 117
38 160
16 151
33 90
75 182
103 275
28 125
28 76
171 211
101 171
204 281
50 66
111 171
114 201
36 141
10 204
204 241
66 99
25 114
239 256
82 239
114 239
12 182
38 58
38 146
38 254
28 52
114 184
34 177
34 135
34 296
36 294
23 294
290 294
58 294
190 278
83 148
60 148
98 148
169 195
169 286
5 39
169 263
5 188
5 127
71 271
229 271
252 266
6 212
159 212
161 212
2 187
26 279
154 179
42 179
101 242
100 186
186 214
133 186
144 186
68 208
250 261
83 261
261 272
6 129
81 145
54 145
145 150
80 145
1 107
107 216
168 265
159 255
74 203
14 112
14 297
14 104
2 209
48 209
178 209
126 209
79 128
226 244
144 244
123 189
50 227
13 37
15 153
37 217
53 246
196 246
289 292
205 277
185 205
51 172
48 172
131 297
4 131
78 110
66 78
130 233
165 180
73 91
64 91
62 182
72 108
213 215
192 213
213 225
168 213
191 234
155 191
68 199
199 268
90 164
164 238
198 210
165 210
210 217
200 210
124 228
87 228
73 228
228 268
228 247
34 72
56 257
284 298
218 298
202 223
173 249
113 223
90 147
150 194
110 167
176 251
251 288
28 175
221 240
151 230
28 149
4 149
82 232
121 232
105 215
105 158
140 166
140 290
0 84
0 22
77 157
77 124
22 77
63 77
34 136
128 266
257 278
243 259
182 259
9 23
9 157
198 285
171 285
46 155
97 166
69 79
38 109
85 109
85 219
219 235
180 187
143 231
143 237
148 167
65 233
65 102
162 216
120 275
162 197
96 106
49 123
96 238
49 80
92 218
120 295
92 282
207 279
5 175
20 264
20 226
43 242
142 245
142 204
142 284
136 169
202 212
171 274
102 274
186 193
43 208
32 145
203 227
151 276
182 276
46 148
205 255
94 113
29 209
24 62
93 207
115 249
115 147
45 129
88 189
153 248
138 292
93 138
116 205
88 213
57 194
116 248
