6.205445
90
11
68
19362
71 99
8 75
69 90
6 50
38 75
6 47
22 69
4 60
41 85
8 85
46 98
7 98
4 35
23 75
69 98
73 75
64 75
24 92
31 96
26 92
1 4
15 39
39 88
33 96
68 96
3 36
5 92
54 73
30 69
71 98
13 20
17 62
24 62
37 62
51 62
17 77
41 79
79 83
54 67
56 69
14 49
52 95
4 42
53 58
60 89
65 89
37 97
45 74
21 48
28 99
56 62
66 92
11 66
70 98
39 70
40 93
44 86
39 57
57 96
32 96
4 43
16 31
6 16
12 67
29 68
29 36
12 56
84 91
2 84
18 81
20 34
77 94
19 59
34 62
42 80
9 95
44 62
48 56
0 3
0 53
19 80
72 94
49 63
63 78
55 97
76 78
58 76
28 74
32 61
25 91
25 82
10 38
10 27
43 61
9 84
55 84
84 87
18 87
40 84
