48.076482
69
76
15
2861
273 432
151 441
42 441
68 441
15 34
102 178
2 402
79 184
53 98
215 327
215 271
215 430
161 257
136 257
196 381
291 412
21 46
213 432
388 413
386 413
98 413
292 337
281 337
19 337
72 283
242 283
283 372
283 428
158 438
209 438
385 438
264 314
38 244
132 142
58 209
131 263
130 274
193 346
1 300
7 435
207 381
91 415
67 435
10 108
97 390
37 340
157 340
318 340
288 430
423 430
110 427
197 359
304 390
232 390
114 390
216 441
345 439
149 439
244 439
45 381
414 435
46 441
299 343
259 343
343 429
78 360
267 315
180 315
155 360
9 315
143 360
128 395
395 440
66 394
28 394
138 156
138 296
138 422
229 278
278 322
278 376
0 370
0 231
0 362
177 312
20 319
2 319
319 365
312 420
110 312
31 236
236 369
236 355
118 426
118 262
118 141
73 105
73 80
73 159
111 367
111 174
57 409
57 166
123 397
100 123
41 123
56 181
181 277
222 303
222 398
222 342
218 307
8 218
120 347
120 448
120 179
120 147
279 325
279 321
279 329
146 313
379 419
115 305
14 121
305 411
121 126
379 391
117 171
22 323
22 431
22 83
146 361
121 405
101 379
171 206
171 400
5 418
5 393
5 176
92 364
164 364
68 144
144 335
144 357
144 428
144 306
338 344
74 344
227 344
193 194
194 203
194 264
176 194
194 338
162 234
162 437
162 399
64 377
130 377
154 340
154 302
154 266
358 366
3 77
26 77
77 387
38 293
246 293
275 331
122 331
54 127
254 331
135 168
102 127
70 168
99 408
99 103
69 204
69 298
69 352
99 374
49 314
49 133
172 225
153 225
1 289
289 351
263 289
145 404
34 404
3 221
142 221
39 446
27 39
76 112
18 76
76 148
23 76
295 341
151 295
33 119
16 211
205 441
116 243
197 401
10 235
235 340
260 356
163 356
7 392
92 371
154 236
309 326
380 436
97 186
186 252
81 167
55 220
334 389
389 427
87 106
87 184
389 435
138 205
195 396
89 396
343 443
4 15
4 317
4 311
4 381
248 357
249 268
198 282
137 384
119 137
95 137
268 446
238 268
268 399
198 417
50 360
85 252
53 187
208 261
217 368
167 339
51 250
58 261
226 339
187 444
261 445
21 85
368 434
86 297
182 290
182 274
96 353
96 323
96 173
201 251
200 349
349 359
272 283
129 424
129 266
94 301
301 317
13 79
13 224
13 91
25 406
25 150
25 291
35 172
294 312
160 328
328 402
324 328
33 111
276 395
44 320
17 44
173 185
185 435
118 392
107 238
375 387
284 395
65 163
169 390
48 383
175 430
280 384
196 280
217 280
201 278
282 421
112 253
195 237
0 25
84 439
84 215
57 447
35 236
170 202
170 333
258 432
118 286
118 350
125 430
125 381
73 350
35 73
269 302
140 269
43 131
43 74
107 138
63 214
336 413
36 192
265 433
192 251
192 210
316 347
63 281
36 63
212 337
40 230
40 346
278 363
30 178
30 214
109 315
0 363
270 394
0 375
256 445
319 410
316 395
120 183
22 33
33 121
171 183
17 239
135 152
32 430
124 380
152 254
134 400
324 378
55 71
47 419
71 406
378 444
219 257
139 249
343 348
144 183
395 407
354 379
123 330
11 215
11 358
39 154
5 272
211 366
29 246
60 222
69 294
76 183
165 181
146 169
12 144
93 202
93 432
59 111
57 255
104 432
104 215
212 218
52 148
52 275
29 394
222 256
60 364
364 421
82 344
90 211
35 77
165 305
228 279
199 221
154 416
183 332
181 373
218 403
33 75
194 330
162 228
188 356
276 436
113 220
389 443
286 310
284 356
61 279
305 382
137 396
35 241
4 50
255 364
247 401
332 447
99 258
261 354
62 96
6 113
86 188
81 82
81 190
81 410
189 241
137 247
48 248
250 280
270 425
233 377
59 377
39 239
75 240
81 109
240 287
221 308
211 449
88 243
191 371
285 310
309 442
245 396
62 88
13 403
265 336
190 223
24 223
61 382
219 285
348 442
