117.700000
1
126
0
29099
171 189
189 335
188 210
185 398
185 385
185 325
182 418
177 359
174 393
174 336
174 268
171 243
171 238
189 374
170 254
170 223
170 187
169 359
168 354
167 246
166 396
165 293
164 178
163 276
163 236
163 172
201 320
215 221
214 288
212 431
212 362
212 342
211 439
211 305
210 350
210 289
207 361
205 248
201 415
162 165
201 206
199 365
199 294
198 340
197 401
197 378
195 389
195 345
193 389
192 340
191 338
190 435
122 248
136 229
0 99
134 343
133 418
132 383
132 372
132 317
130 211
129 317
128 414
127 428
126 345
136 436
119 143
117 143
116 222
116 150
115 165
114 367
112 343
111 301
110 332
110 259
110 224
108 232
155 378
161 409
161 276
161 237
160 339
160 309
160 282
160 263
159 228
159 191
158 396
157 232
156 349
217 413
153 414
152 299
148 378
146 432
146 282
145 373
145 195
144 290
143 399
140 226
138 370
138 356
303 430
334 431
333 361
330 348
328 354
327 360
326 401
319 354
316 345
313 408
313 321
307 435
306 395
340 441
302 369
301 400
301 382
296 396
296 380
293 361
293 312
290 445
288 363
283 322
280 334
279 425
372 427
439 440
410 442
403 447
402 426
398 414
394 401
390 425
383 391
381 447
381 417
378 422
376 418
278 299
372 397
370 423
369 430
367 430
360 404
359 362
358 369
348 419
348 407
344 435
343 355
341 428
228 231
239 288
238 411
238 242
234 389
233 315
233 266
232 303
230 383
229 446
229 398
228 429
228 337
240 322
227 425
226 329
226 273
226 259
221 426
221 421
221 322
220 402
219 434
219 364
219 304
218 229
260 281
277 312
276 299
274 367
272 449
272 352
272 318
271 428
267 417
265 389
264 402
262 447
260 284
135 189
259 359
257 349
256 414
255 334
251 317
249 257
248 321
247 317
246 311
246 291
245 359
243 293
34 93
46 102
45 146
43 145
42 275
41 412
41 377
41 67
40 313
39 233
38 164
37 73
36 116
46 258
34 35
33 444
33 270
33 253
33 213
32 260
31 297
31 200
31 90
30 366
30 282
30 176
53 78
61 270
61 181
61 120
60 238
58 298
58 202
58 173
58 94
57 428
57 106
56 322
54 110
30 131
52 312
51 185
49 369
48 433
48 171
48 123
48 118
107 348
46 405
46 365
46 353
8 324
13 34
12 435
12 243
12 170
12 47
12 41
11 419
11 295
11 186
11 151
10 334
9 199
14 143
8 106
7 383
6 161
5 367
4 180
4 113
3 42
2 70
1 431
1 387
1 235
1 175
21 310
29 442
29 250
29 139
26 312
24 437
24 197
24 55
24 44
22 145
21 430
21 386
21 314
47 360
20 99
18 138
17 124
17 57
17 50
17 27
16 347
16 241
16 80
15 372
14 221
76 345
78 159
94 354
85 443
94 272
93 284
78 141
77 290
101 395
78 371
75 401
74 417
92 361
73 194
73 183
72 85
102 103
62 413
79 84
79 125
79 184
79 351
79 419
81 248
99 134
98 417
98 177
85 259
83 299
97 165
96 99
95 413
85 184
105 405
86 440
65 191
87 212
65 206
106 424
106 179
66 208
66 323
91 163
91 301
66 324
61 285
64 349
104 397
104 146
68 164
86 88
68 301
69 191
102 395
63 86
70 137
70 261
25 99
109 143
25 34
16 379
19 270
287 447
19 423
313 406
300 396
19 410
19 196
102 300
418 438
109 288
402 406
392 430
105 420
388 417
384 419
4 346
4 379
375 380
94 384
116 287
368 438
368 375
100 431
121 195
357 436
357 416
121 282
331 375
132 203
212 308
31 244
154 340
82 301
82 290
82 85
42 71
42 244
225 233
225 232
73 406
219 269
71 137
70 286
159 203
211 244
210 286
209 243
174 308
204 276
203 270
57 149
201 300
199 388
198 346
59 343
59 349
59 425
28 259
269 360
269 322
25 413
86 154
28 197
147 164
252 420
147 246
249 357
149 398
142 216
142 292
209 216
23 203
23 448
89 244
59 89
25 204
269 448
300 392
