8.000000
726
26
0
36138
93 121
48 107
15 136
115 151
15 114
114 135
53 154
54 132
107 161
5 153
59 77
59 82
10 72
59 85
59 110
59 116
60 83
5 104
1 114
0 93
79 175
154 174
83 128
72 116
72 76
71 107
70 154
125 154
24 68
69 133
73 114
67 170
74 82
75 109
37 75
78 140
65 154
69 162
45 83
171 173
37 141
38 54
39 49
39 59
40 83
41 74
44 52
44 173
61 146
46 156
47 138
49 139
50 95
51 134
55 144
57 93
59 167
132 138
106 126
108 160
110 152
113 133
114 164
119 137
120 159
122 157
123 172
105 129
140 177
143 168
144 176
147 158
151 170
156 178
157 175
159 178
170 177
93 120
79 143
81 140
84 107
86 127
88 105
88 172
89 91
89 95
78 169
93 176
97 165
98 155
99 120
99 170
101 152
103 163
6 96
23 160
24 130
12 14
5 20
11 138
11 20
5 112
5 141
25 87
31 55
2 18
25 174
26 147
27 92
27 133
28 46
29 118
8 127
29 137
9 158
9 83
3 58
16 62
16 72
3 134
34 119
14 68
14 67
34 130
3 115
16 103
17 90
4 93
23 98
22 86
16 157
16 138
102 126
86 169
19 164
16 57
89 129
102 124
89 171
92 97
14 64
96 98
13 120
13 148
98 111
98 100
14 40
130 149
130 166
131 178
133 160
139 150
129 167
150 179
4 42
3 84
162 166
3 21
8 56
7 179
7 43
123 142
124 142
129 145
44 66
32 160
42 65
43 94
44 80
32 117
35 112
36 64
30 179
33 179
73 145
18 63
17 86
30 63
61 163
