21.250000
1
34
2
28558
26 119
61 102
111 145
50 63
24 181
24 140
24 120
23 173
23 164
27 135
95 183
69 185
90 148
119 121
122 171
126 148
36 107
17 91
80 83
53 135
156 178
92 195
92 189
98 118
92 166
74 182
44 103
73 171
1 111
70 103
103 124
28 138
28 112
103 142
104 149
105 119
47 61
11 129
149 176
66 182
10 13
9 171
8 17
7 190
61 72
6 17
61 199
148 177
161 182
163 171
163 174
182 187
0 165
3 178
2 63
115 129
23 88
14 48
56 103
56 178
57 111
36 194
139 189
37 183
14 149
25 188
13 129
38 55
13 110
13 33
38 134
63 153
38 185
97 100
100 103
100 109
54 100
32 106
32 97
32 140
68 151
80 151
39 162
135 162
122 151
151 183
78 89
23 155
22 62
58 62
64 78
78 188
68 78
62 74
133 155
78 82
62 114
51 119
36 51
65 137
101 139
101 165
30 71
54 71
48 71
79 136
132 136
85 136
136 191
116 178
116 148
92 116
69 141
15 190
15 192
81 141
15 131
93 141
45 84
28 108
5 49
75 129
75 103
146 183
12 79
5 132
144 184
64 184
44 67
67 118
67 179
96 174
96 168
60 160
36 130
38 196
127 154
133 160
25 158
182 196
61 125
98 154
128 130
40 113
21 193
22 113
0 193
41 158
13 125
36 76
76 85
20 35
149 167
19 31
17 167
35 157
86 143
42 111
16 63
29 119
83 86
59 135
16 135
155 162
62 155
7 46
129 159
114 172
61 117
192 197
58 159
147 171
157 198
99 152
43 82
52 81
43 182
15 155
123 137
100 169
32 150
84 186
42 162
12 146
87 116
180 186
34 100
32 198
32 175
94 151
169 180
29 31
15 170
77 108
4 123
77 87
18 59
152 175
4 52
