57.000000
537
87
4
6445
182 434
73 277
93 335
221 334
79 292
79 178
77 350
76 211
75 481
75 265
216 434
223 254
223 326
197 301
93 305
72 494
72 476
72 253
224 353
216 364
82 220
82 295
82 462
84 422
212 285
133 153
85 268
245 470
246 324
211 348
211 330
206 230
89 141
89 266
91 119
200 218
54 130
60 371
234 290
10 350
134 435
212 284
251 256
55 287
54 236
61 474
54 129
252 275
52 333
265 347
266 341
268 388
153 433
48 340
160 287
62 105
233 274
231 482
231 327
230 350
65 218
66 404
67 270
67 286
70 492
159 223
71 460
127 321
125 231
125 212
124 463
158 399
122 405
71 167
71 201
123 481
122 312
11 67
134 210
63 222
119 483
161 241
119 372
161 256
163 452
166 237
114 291
153 403
130 487
131 166
225 287
111 443
112 475
134 469
147 470
0 161
139 352
140 481
141 358
143 475
141 488
142 265
93 258
184 427
183 377
37 452
196 454
196 273
193 221
97 419
97 498
188 316
186 495
186 457
186 357
184 478
36 374
7 218
229 426
105 132
175 404
105 174
174 212
106 452
172 491
170 459
110 492
111 249
111 420
166 390
244 266
307 446
113 321
398 426
321 458
29 357
321 377
12 442
12 304
320 428
12 278
316 368
14 268
112 438
29 116
13 54
306 321
306 316
34 185
303 324
34 369
35 139
36 44
36 135
23 257
361 470
23 344
308 484
337 426
21 432
20 216
19 184
22 139
345 405
343 475
23 179
340 423
291 472
79 473
40 405
17 186
25 462
26 272
366 446
322 404
384 446
322 340
28 72
29 95
43 464
46 428
441 474
452 453
3 394
277 340
42 60
43 93
466 498
43 418
43 115
272 485
3 260
467 492
3 56
479 498
270 378
272 289
282 342
291 313
426 438
283 486
221 451
223 412
45 381
138 493
32 138
138 389
363 405
184 363
54 363
211 363
144 282
144 447
386 444
195 444
119 444
318 444
394 444
162 430
196 430
317 430
413 430
307 379
379 417
146 379
120 379
274 411
385 490
126 189
78 411
181 385
30 385
118 126
315 385
228 385
234 411
43 126
67 207
191 475
72 191
191 316
151 328
69 74
74 293
34 242
242 293
192 448
99 235
99 338
99 158
99 332
324 396
378 396
374 437
331 437
172 396
290 437
52 396
73 437
38 145
119 367
29 367
449 465
128 465
353 465
279 387
351 387
266 416
153 349
30 349
349 452
206 280
233 280
68 280
18 383
18 318
205 486
67 205
148 414
389 414
323 414
157 197
157 170
121 276
58 268
58 169
276 496
171 257
171 271
171 222
9 312
9 296
9 217
171 275
144 363
381 425
425 498
425 440
298 436
400 480
217 325
177 380
192 436
189 380
5 480
81 114
81 141
81 446
63 325
101 227
247 406
154 239
186 393
239 319
98 356
79 401
227 398
156 365
37 247
15 429
15 299
59 350
59 390
302 354
399 450
84 450
297 450
267 373
267 422
117 404
109 218
117 212
150 321
150 287
4 196
109 324
250 309
60 309
57 254
57 463
57 288
166 202
25 213
223 269
228 263
161 355
310 346
3 355
319 489
105 409
250 300
139 202
5 346
350 431
34 263
21 489
49 431
124 213
291 445
289 409
45 300
80 397
315 397
134 382
265 336
328 477
359 477
118 215
107 215
111 439
439 474
402 458
23 155
103 402
280 363
180 333
53 383
168 475
375 405
8 180
129 204
12 16
221 410
261 262
187 311
262 432
281 428
82 149
216 375
266 281
105 168
23 203
1 187
410 481
203 311
204 238
164 340
41 252
41 362
139 198
198 261
102 231
50 211
136 484
468 470
50 167
136 455
33 169
27 498
33 407
31 183
214 342
214 461
31 308
102 291
100 492
100 426
92 499
94 255
9 138
38 411
363 365
144 401
81 430
3 415
34 165
141 421
338 391
101 376
279 395
85 497
265 497
162 243
349 387
349 416
111 219
212 219
108 467
429 471
90 363
209 417
6 317
104 121
173 196
29 314
329 400
264 476
294 392
314 332
83 354
324 329
194 200
157 387
58 465
240 428
2 141
96 474
51 324
74 302
87 408
88 449
47 372
47 72
88 141
226 448
199 424
16 411
90 126
27 385
191 232
276 370
4 276
151 456
64 99
64 396
39 74
38 86
38 149
24 448
38 468
356 370
248 424
138 208
58 176
81 339
92 393
152 207
39 226
190 191
259 448
87 448
392 465
137 382
155 248
339 456
94 164
276 360
24 137
51 471
