51.050000
1
75
0
11787
169 209
176 362
174 397
174 318
173 336
173 312
69 121
173 304
172 370
171 295
170 347
170 257
170 208
65 274
72 217
166 273
164 191
75 192
163 386
75 241
75 289
76 382
77 89
77 143
77 220
161 370
189 381
223 311
222 390
214 364
49 280
49 337
202 333
51 265
199 365
195 355
54 140
55 240
57 189
160 365
188 240
61 102
61 218
62 345
63 156
63 333
184 355
64 398
183 240
182 345
65 247
115 238
100 106
138 324
105 276
135 360
135 260
134 334
134 147
109 189
131 354
112 299
114 156
115 225
139 398
126 329
115 389
126 290
116 353
124 328
117 354
123 358
123 173
122 333
121 384
121 348
121 275
93 181
159 240
159 163
157 176
156 316
82 276
84 333
86 116
87 364
88 248
88 382
90 147
93 150
187 375
93 270
94 136
145 323
145 295
94 314
143 276
143 272
142 398
97 169
141 263
99 163
29 135
22 277
23 77
277 282
273 308
272 326
272 323
27 57
27 211
266 333
27 307
28 377
20 187
265 374
262 273
256 309
32 169
33 106
34 147
35 163
36 277
37 126
38 140
38 152
301 370
0 56
1 358
366 377
364 367
344 382
3 276
335 365
332 358
331 351
5 25
8 112
45 385
8 264
8 267
9 134
13 128
13 236
13 380
14 174
15 45
16 163
18 27
19 106
245 354
228 377
41 154
250 370
41 60
41 239
45 282
234 382
251 272
40 209
45 153
253 377
41 261
38 179
43 49
229 295
224 256
212 340
210 265
137 281
302 394
137 339
134 395
205 303
138 303
298 348
297 370
297 333
141 268
295 325
291 371
289 313
286 377
143 305
144 221
283 382
196 341
127 135
227 320
391 392
221 256
349 372
216 388
216 321
125 275
338 398
215 351
328 372
213 216
325 364
127 189
319 361
127 354
129 343
318 327
132 230
317 371
132 285
133 388
317 363
169 246
161 371
162 173
269 399
268 293
163 201
393 398
187 235
187 231
165 189
165 377
167 170
168 256
261 372
191 361
258 358
252 271
255 390
254 273
255 376
174 396
181 200
175 359
175 394
176 233
194 215
283 322
146 203
146 387
232 299
178 206
281 284
232 331
278 284
147 287
147 369
148 202
149 198
204 346
151 266
151 383
155 188
155 226
277 306
156 396
194 197
158 237
240 330
244 278
193 365
52 382
65 133
61 352
61 342
59 355
59 93
121 167
53 379
65 168
50 185
49 210
49 120
48 292
48 217
48 58
47 356
47 164
71 91
76 204
75 193
74 340
74 294
73 399
73 292
72 196
71 126
47 53
70 124
68 249
68 230
68 185
68 119
66 392
8 193
27 186
26 103
25 158
21 110
18 268
13 242
12 155
27 259
8 148
7 178
5 70
4 350
4 207
4 26
2 248
2 17
0 132
40 313
46 290
45 369
44 50
43 127
42 263
42 222
42 177
41 254
41 190
54 178
39 155
39 108
38 294
38 200
33 338
31 45
30 129
30 103
110 223
83 205
85 111
85 206
116 201
115 306
115 196
92 393
94 149
113 313
110 391
94 180
95 288
120 345
98 204
98 296
99 288
101 104
101 366
108 387
108 355
106 196
107 315
107 311
118 119
81 265
117 352
78 79
78 92
4 52
2 320
132 258
110 167
31 284
118 196
130 369
132 193
130 373
268 369
357 378
2 243
252 363
2 242
252 300
42 231
244 368
6 284
298 327
10 296
11 24
302 361
11 378
305 373
286 372
284 310
313 379
125 178
279 368
67 330
83 96
186 219
80 108
80 180
162 357
216 395
46 252
233 300
243 259
96 127
