13.703414
161
19
8999
19194
117 139
64 101
65 79
23 91
47 99
32 79
51 107
43 88
54 95
89 110
38 53
36 116
68 85
75 99
85 124
85 113
11 84
100 114
113 126
20 90
22 85
90 136
8 81
112 114
53 112
18 95
43 86
77 92
41 102
76 127
95 134
31 95
5 8
11 27
0 8
34 85
44 92
11 109
111 126
105 126
70 133
40 126
131 139
41 129
36 114
23 93
31 108
26 92
11 71
27 114
53 110
0 119
46 90
59 63
43 82
53 138
16 93
9 48
6 59
76 94
17 59
24 53
2 95
1 2
53 59
52 91
41 135
29 81
14 139
12 41
103 125
60 125
8 13
98 107
125 132
55 98
76 106
41 106
10 32
10 43
45 128
6 42
42 122
62 88
13 45
4 126
43 115
115 139
1 115
115 125
16 120
55 120
87 120
74 83
38 74
3 103
11 39
37 128
66 69
18 30
68 69
61 133
59 61
19 62
28 132
28 76
96 123
123 135
4 97
73 117
39 97
30 37
73 120
90 130
8 130
33 90
33 99
78 99
78 92
25 50
25 121
25 77
9 25
25 118
11 25
49 64
49 116
21 48
21 137
7 72
7 53
35 51
35 58
15 66
15 104
56 104
56 80
57 67
57 119
