53.321429
1
77
4
6500
54 141
204 328
45 134
47 389
48 351
49 139
49 147
49 186
212 354
51 343
205 329
43 301
155 394
44 338
56 257
47 60
61 130
61 194
61 197
179 393
179 372
64 394
223 278
223 267
223 226
221 301
177 340
66 297
67 159
41 387
230 261
228 345
36 351
112 149
179 216
114 222
66 136
220 354
219 261
41 190
41 302
41 355
68 333
42 368
90 283
43 366
100 261
217 358
45 233
45 244
45 329
215 218
214 327
99 323
138 331
128 398
141 295
90 378
97 348
95 370
128 285
94 174
94 101
128 374
131 377
250 301
135 331
20 185
45 143
105 139
105 329
121 354
108 329
119 218
117 159
114 366
112 133
62 228
112 163
20 37
83 228
71 336
169 249
168 240
161 218
75 328
159 167
158 387
29 333
146 371
17 162
155 322
79 114
80 381
47 357
151 277
149 343
148 310
148 224
148 158
17 74
86 131
146 299
146 214
145 314
142 277
141 380
255 370
336 388
306 340
5 195
348 353
5 96
5 68
297 368
29 395
336 337
20 102
296 319
253 348
4 25
344 368
20 61
13 319
20 386
17 227
318 343
316 397
15 66
265 340
231 258
262 389
316 324
257 287
31 314
25 391
381 399
323 350
327 336
259 343
18 249
312 316
331 364
335 350
187 394
200 368
47 334
26 292
240 291
240 282
238 239
280 370
281 351
29 309
11 358
277 355
22 338
23 81
2 25
11 40
358 382
235 350
360 381
350 365
247 257
276 328
30 240
157 270
241 350
242 269
243 338
249 341
354 389
23 132
25 265
23 359
26 308
46 308
157 308
251 308
240 330
153 330
5 330
330 396
9 196
70 331
70 336
70 252
70 248
70 114
57 257
39 329
39 98
39 131
39 338
141 150
150 179
59 150
45 150
131 317
7 392
78 317
7 185
7 104
7 36
49 115
115 223
29 115
12 28
206 290
131 206
73 295
69 73
16 172
58 271
170 383
170 373
170 178
16 91
231 271
16 279
10 16
89 170
66 140
10 19
59 85
85 264
196 384
201 384
6 319
236 304
236 320
236 389
50 292
24 242
24 262
24 279
6 351
6 316
6 49
50 107
200 236
50 274
24 325
209 254
322 346
311 346
99 254
63 114
218 367
194 367
126 248
107 126
307 314
257 300
95 202
300 373
266 345
92 277
55 176
55 215
266 396
9 330
165 376
106 192
192 260
192 233
33 165
35 238
125 127
127 269
65 127
27 35
28 35
9 70
180 239
180 181
166 180
123 368
103 164
111 272
103 203
33 111
111 144
25 123
53 103
123 358
218 369
46 294
41 245
256 369
109 363
171 288
89 339
154 339
0 294
94 245
282 288
32 363
225 284
154 284
228 273
23 273
90 152
78 137
52 137
118 389
128 193
263 331
193 261
286 370
342 376
207 316
91 313
125 315
159 352
315 398
122 183
258 356
210 342
313 383
17 263
20 77
356 385
38 234
160 181
2 160
120 328
120 348
1 276
1 22
3 112
8 326
93 208
34 350
188 360
268 301
3 394
14 124
76 321
93 303
14 337
116 362
268 340
246 249
188 261
184 347
8 270
116 153
76 173
9 202
320 375
203 332
164 191
113 131
260 298
114 275
57 129
109 199
20 156
57 229
32 88
211 274
173 379
213 272
305 338
182 244
88 311
94 211
232 303
175 349
82 267
82 314
7 165
19 361
39 110
57 246
19 103
84 115
7 34
77 271
12 293
19 234
19 184
63 183
9 199
9 237
21 92
111 352
87 123
72 271
152 293
140 390
271 289
50 198
175 236
129 189
156 232
289 379
