7.000000
210
17
0
85996
111 114
9 56
9 31
57 111
62 106
55 113
35 119
39 100
52 106
39 108
72 119
42 95
26 106
79 113
109 113
23 108
92 95
91 106
90 119
46 108
85 111
81 106
25 108
40 49
45 112
43 118
44 82
22 89
38 60
46 112
38 41
37 115
36 113
34 80
33 106
33 67
33 54
30 35
29 34
27 74
24 106
24 32
0 64
64 108
94 117
89 110
80 99
78 119
78 95
76 82
75 78
73 88
73 75
68 97
66 81
66 71
47 48
63 68
60 102
59 98
59 82
58 104
54 115
52 82
51 106
51 102
51 101
50 93
48 103
2 33
16 24
16 86
17 80
14 100
18 27
18 58
3 104
6 15
11 61
14 67
11 17
4 47
5 106
9 96
9 65
20 111
21 41
12 50
9 36
8 74
22 62
70 110
70 83
69 86
3 117
7 51
65 87
8 12
3 51
116 118
103 105
97 107
93 116
1 80
3 13
87 116
84 105
3 84
10 116
77 103
19 107
15 69
19 28
30 40
40 53
29 78
20 40
24 78
10 28
