45.983333
1
51
0
96758
123 183
58 155
59 185
60 158
63 108
63 120
63 155
63 195
64 133
124 158
58 80
66 74
123 152
119 191
119 127
116 181
68 151
69 94
70 172
71 90
50 126
45 117
46 150
47 149
47 169
47 175
128 181
48 154
48 192
49 159
71 140
52 62
52 99
127 185
127 141
54 125
56 125
57 63
58 61
58 78
95 135
105 170
91 121
91 130
91 161
92 172
93 115
94 106
94 157
105 111
107 172
96 100
104 159
98 126
100 134
100 150
100 162
103 117
102 123
103 105
79 199
72 79
74 144
74 191
75 150
115 183
77 83
77 165
79 166
79 197
129 156
81 119
82 185
84 137
86 126
86 172
114 126
113 115
112 123
108 125
11 48
7 90
7 118
7 153
8 125
9 42
9 184
9 189
146 185
10 149
6 178
11 84
12 77
141 198
13 159
14 133
15 135
45 89
17 48
18 36
156 165
187 199
181 199
181 182
1 35
174 187
173 187
159 195
156 193
156 177
16 119
155 158
4 44
5 51
5 136
6 32
150 192
6 101
6 145
36 133
30 52
31 133
33 45
34 172
35 39
35 86
35 160
36 131
141 196
36 176
37 85
37 167
37 168
38 77
40 158
41 97
43 140
140 148
24 137
24 97
141 163
23 44
22 187
26 44
21 119
137 142
137 139
135 180
28 91
135 165
19 97
150 194
179 199
65 151
132 143
123 164
115 194
127 188
132 186
132 157
105 138
147 155
132 178
147 165
29 110
3 143
53 68
52 67
48 122
44 164
36 122
6 87
65 73
27 121
27 70
27 55
25 53
20 45
10 65
9 20
7 190
87 125
94 171
91 138
100 190
0 133
0 159
2 5
2 101
0 37
86 179
67 137
67 116
67 74
3 76
0 88
29 179
65 171
76 109
