57.097619
1
87
0
5423
237 290
165 436
251 358
250 274
246 409
60 154
243 499
243 306
243 244
113 424
167 203
238 299
237 474
58 424
234 439
233 328
230 474
228 439
226 254
66 429
225 466
167 342
68 214
225 329
225 302
70 416
50 72
45 476
161 376
47 382
48 93
48 223
48 326
270 380
48 489
162 353
164 425
265 454
265 351
224 461
265 342
165 181
261 383
116 384
115 339
165 275
114 484
114 360
114 325
54 439
56 370
57 70
103 148
105 117
201 328
84 161
85 214
85 359
85 390
86 254
199 254
197 492
197 338
103 386
89 498
202 368
103 142
194 377
92 241
92 271
194 332
194 213
94 465
178 498
185 289
191 400
185 314
188 424
77 351
224 354
221 383
169 202
72 208
73 125
73 358
110 376
216 265
215 428
109 353
76 105
173 358
164 448
78 497
174 264
79 452
209 309
209 235
81 124
106 197
205 364
205 292
205 222
105 212
347 373
133 253
13 224
353 481
133 227
350 431
17 432
133 163
18 344
19 72
347 447
146 281
355 460
346 498
346 453
45 403
130 455
130 319
22 70
334 400
328 472
130 258
321 380
318 427
394 432
482 494
2 424
439 452
427 460
423 497
139 433
420 456
140 167
414 498
410 431
405 409
131 460
6 341
7 15
384 498
384 396
144 465
7 458
382 453
9 66
382 415
133 363
370 397
279 341
154 291
293 384
293 383
289 464
289 401
155 372
157 174
36 106
281 491
280 409
37 330
35 433
39 474
278 463
40 432
41 431
42 370
43 480
120 420
276 420
160 494
45 310
161 316
299 328
26 103
305 402
27 388
154 248
303 383
27 361
298 400
125 281
29 305
27 32
177 313
158 260
150 362
167 256
177 340
159 432
141 305
167 295
152 231
162 232
138 254
176 288
138 243
179 224
182 496
136 433
161 320
186 475
187 206
151 229
145 281
172 343
171 374
154 381
174 219
155 272
174 304
174 435
152 186
153 383
145 265
176 207
170 256
147 307
176 238
149 218
166 285
136 409
176 366
177 215
284 372
317 387
311 424
311 347
308 349
304 400
297 488
297 358
292 493
288 471
284 428
318 374
278 375
277 407
277 363
276 335
274 495
273 352
272 430
268 420
267 356
267 314
354 434
469 474
465 469
438 495
421 431
416 451
413 485
384 395
382 412
379 450
371 460
262 400
352 441
352 385
348 497
347 395
344 493
343 463
337 370
336 495
327 478
197 211
210 247
209 367
207 249
205 395
204 284
202 412
202 296
200 470
200 414
198 477
198 465
210 250
195 336
195 289
195 255
194 393
193 328
192 494
192 419
192 366
192 312
190 337
189 480
225 381
260 398
260 325
260 324
257 487
256 479
255 478
252 406
249 391
239 493
231 444
189 221
225 378
223 331
220 392
220 257
217 245
213 422
211 483
210 384
210 252
25 147
83 127
82 407
81 343
80 450
80 164
24 179
79 285
76 229
75 485
24 468
75 483
75 323
25 434
26 331
27 90
27 153
74 289
71 392
71 300
28 127
92 437
20 165
99 204
98 263
98 186
97 333
97 195
96 380
20 209
95 462
21 168
70 421
92 322
91 383
90 133
88 317
87 290
87 175
86 189
85 159
83 426
52 55
59 308
36 446
54 218
37 195
53 424
53 305
38 317
40 315
43 496
52 158
34 229
51 434
44 114
49 370
44 341
49 358
49 353
45 296
45 320
48 417
46 187
46 408
31 283
69 269
67 328
28 312
30 242
66 297
30 399
65 380
65 142
64 457
0 232
31 477
64 307
63 256
63 91
62 287
61 494
61 164
60 118
33 385
59 473
128 287
126 493
112 382
112 369
128 282
8 468
111 398
114 143
10 72
129 206
110 266
108 486
130 437
132 156
133 193
107 191
124 317
4 361
4 365
122 433
122 129
121 189
5 174
123 434
123 490
130 335
5 439
118 497
20 34
126 440
7 74
115 156
103 297
100 410
135 190
101 189
101 262
102 362
100 150
3 95
11 266
12 379
134 419
1 449
10 497
134 339
3 434
14 242
18 229
134 180
135 269
105 143
105 469
133 422
451 459
33 220
467 469
295 411
286 449
286 294
445 487
442 495
284 393
21 411
331 399
10 493
23 49
21 357
21 259
16 21
352 378
16 446
349 471
301 348
404 443
418 443
315 331
317 418
10 345
23 404
111 268
108 186
104 395
176 240
177 236
183 206
183 322
184 206
184 490
99 389
186 371
96 282
137 259
137 263
141 294
134 196
147 217
119 417
240 459
