21.033333
1
24
1
170920
6 76
8 87
9 41
9 86
23 40
11 95
12 47
14 15
15 38
7 9
47 77
48 73
49 59
49 75
54 82
55 90
56 57
44 93
10 91
6 67
6 50
5 87
4 27
3 70
2 26
1 98
0 98
15 72
21 27
16 33
17 48
19 49
20 95
39 48
27 52
27 82
30 82
31 47
0 56
46 70
34 64
37 44
60 87
40 58
40 92
42 95
43 98
44 81
33 95
57 61
25 57
26 33
32 33
63 68
64 65
64 89
68 69
68 94
82 97
84 90
91 99
62 90
23 81
24 91
78 98
71 95
15 35
83 87
83 98
22 83
85 87
36 83
35 82
35 48
35 65
28 97
28 44
47 85
49 85
28 90
9 28
70 85
13 40
13 33
68 96
45 88
22 88
78 79
74 91
64 96
6 74
53 79
70 80
29 50
29 69
9 80
66 85
28 51
18 71
