10.000000
530
20
5
54710
78 98
10 52
1 93
1 78
1 135
97 120
107 138
48 67
1 131
28 58
28 134
30 78
32 78
36 119
40 120
50 120
75 136
1 22
9 12
9 79
9 137
66 107
52 111
52 63
126 136
51 119
45 107
52 99
19 124
48 106
17 136
80 92
45 92
92 113
26 92
35 128
90 128
41 128
77 128
28 72
72 108
14 72
1 25
37 91
37 94
28 68
33 68
117 124
117 139
85 117
39 109
109 130
49 103
15 49
18 49
49 60
2 10
2 48
2 119
39 83
23 107
23 121
25 92
46 53
84 136
19 46
52 84
3 16
44 133
16 94
80 82
82 129
43 56
64 97
64 139
8 53
43 102
95 116
59 92
26 54
118 127
7 127
35 86
5 115
2 72
68 117
25 49
1 21
74 77
107 110
57 73
110 120
18 74
9 88
3 87
24 73
24 63
20 100
4 78
20 96
25 133
25 125
2 70
28 61
6 37
15 132
59 65
112 136
42 56
29 90
108 123
104 136
89 137
31 107
11 119
114 120
95 109
27 122
71 96
71 103
0 102
101 118
21 37
68 81
4 109
83 105
69 70
62 65
72 76
72 101
13 117
6 88
2 47
0 117
5 87
38 81
8 55
27 105
34 123
