29.000000
5259
34
0
77695
37 132
58 129
56 155
56 133
56 105
56 95
52 128
51 131
51 66
50 127
47 110
46 147
44 147
43 107
42 110
40 94
59 120
34 114
33 135
32 127
31 99
31 97
31 70
30 114
29 125
29 53
28 158
28 80
28 56
26 128
26 119
26 112
94 115
145 149
133 137
132 133
129 140
127 141
126 145
125 148
120 150
116 125
106 120
102 157
102 135
96 136
96 106
95 120
43 154
87 94
86 147
84 145
78 96
77 130
76 110
73 157
73 121
73 79
71 77
64 144
64 111
62 135
60 96
16 55
4 56
5 6
5 83
5 98
17 145
9 21
10 77
16 159
11 13
7 129
16 17
15 90
13 27
15 75
15 68
15 50
14 94
13 106
13 108
26 51
26 110
22 114
20 133
23 156
21 38
3 123
3 104
21 103
21 97
23 143
12 26
3 39
3 24
106 152
64 109
63 146
63 115
12 64
61 135
2 122
2 37
127 142
133 134
0 65
100 138
5 61
93 117
91 94
89 93
87 93
85 120
65 125
8 73
8 114
75 139
74 145
8 147
67 81
35 88
43 142
18 64
43 85
18 82
57 135
41 82
39 110
36 69
36 52
41 124
19 88
21 118
31 65
23 72
23 118
28 109
24 35
28 54
25 72
25 138
45 88
57 130
56 91
54 129
53 81
51 151
49 56
16 61
46 113
101 134
61 92
1 151
74 152
1 48
88 153
65 93
