60.492764
106
66
22
50398
79 216
66 125
129 224
41 234
187 224
154 224
36 216
176 189
49 216
69 214
175 214
180 214
139 189
23 189
105 229
16 179
37 192
181 192
155 207
143 234
83 207
34 234
186 212
7 212
193 229
55 212
192 227
168 211
190 191
39 211
71 121
80 145
121 242
107 121
39 121
12 145
106 145
94 220
150 191
141 191
92 229
51 207
135 191
164 211
20 70
116 195
125 221
89 221
30 211
127 192
45 181
64 221
6 181
78 158
158 195
76 158
114 204
114 217
114 188
95 114
82 217
82 169
27 82
82 126
124 196
72 196
196 232
149 201
16 222
73 149
21 162
122 222
93 183
35 134
14 246
103 246
246 249
81 138
65 183
3 162
13 35
25 35
138 202
183 239
108 138
222 225
42 149
162 219
104 123
123 239
123 223
123 137
145 146
146 229
159 237
159 170
70 159
35 146
146 149
8 236
119 190
148 245
8 19
5 68
68 85
0 8
120 152
46 147
119 197
48 119
43 151
128 148
152 165
68 110
26 43
43 194
152 244
20 46
148 156
112 174
112 181
98 112
96 247
112 118
96 160
46 133
17 96
1 191
1 189
24 58
117 124
10 33
9 57
10 209
9 145
117 216
24 54
24 240
10 177
10 215
40 220
40 132
40 157
18 57
18 111
18 91
1 138
11 233
11 97
11 209
4 130
44 203
28 198
31 185
2 241
47 199
28 63
47 200
32 213
31 182
44 56
44 208
207 210
59 228
2 22
32 102
4 60
59 226
32 53
47 61
31 178
59 167
4 206
28 50
2 161
222 235
101 115
15 115
94 115
75 136
126 136
163 246
46 117
9 96
30 248
116 248
131 166
205 218
148 235
8 235
140 159
121 153
140 152
43 52
68 163
113 181
4 9
32 117
10 52
77 166
66 77
77 86
38 74
90 192
173 214
88 211
84 221
84 224
142 218
142 172
29 212
99 234
158 173
15 144
82 88
162 230
67 200
28 140
29 196
47 210
31 210
52 59
2 163
62 183
9 109
144 146
29 119
1 87
24 62
18 153
24 184
235 238
171 210
140 231
163 243
52 231
11 99
44 62
90 115
230 248
131 243
87 131
131 238
62 109
67 248
100 131
184 205
38 99
100 171
