9.000000
253
19
3
53845
59 138
30 112
30 87
27 95
29 64
29 53
8 97
59 86
117 130
33 80
5 97
10 72
3 97
2 84
33 132
14 29
21 113
21 89
96 127
47 94
16 96
44 48
43 81
42 94
21 81
25 30
82 84
97 106
17 33
96 98
84 133
34 63
59 104
108 126
61 73
19 73
92 111
111 121
111 118
9 70
21 91
39 123
29 91
65 123
57 70
118 123
44 70
70 116
24 97
24 52
24 96
20 50
20 30
101 110
32 55
46 55
37 49
49 52
18 77
120 130
50 136
90 120
63 120
1 136
72 74
74 125
74 99
74 82
13 139
33 131
97 135
78 115
68 75
95 103
33 76
8 51
51 107
54 79
123 126
39 124
43 88
40 114
21 114
10 88
66 134
27 124
71 129
102 137
71 102
46 67
69 94
67 110
4 33
6 66
7 92
7 94
35 104
23 108
6 34
22 58
101 126
73 120
73 115
12 126
12 73
76 111
25 36
57 105
83 125
62 70
0 90
0 107
60 132
11 122
31 99
60 137
35 73
100 111
85 91
24 119
54 135
62 75
69 136
38 131
93 139
103 109
105 111
56 111
41 123
83 120
128 136
45 136
22 85
18 28
23 93
26 129
15 119
4 28
11 31
