50.660735
55
83
27
2507
112 337
220 387
60 434
102 161
88 193
172 318
304 318
247 481
232 363
21 438
191 366
332 482
45 72
314 487
212 314
200 497
299 318
428 468
180 363
35 82
205 216
226 479
344 438
12 136
120 170
40 337
300 430
359 440
165 446
314 384
257 463
156 458
47 463
241 378
84 468
125 332
176 209
94 355
229 340
31 205
196 462
44 284
284 402
284 492
14 458
355 393
95 290
34 132
73 95
95 349
293 453
175 293
13 372
293 335
13 138
37 458
178 314
132 451
116 215
209 287
309 458
161 334
207 231
161 207
152 462
72 217
315 434
132 480
215 481
178 429
352 438
182 429
51 72
163 429
90 212
52 336
47 478
186 478
118 463
153 401
340 391
245 358
135 223
273 378
332 404
315 469
353 389
91 463
276 498
166 478
150 373
254 353
4 476
75 404
331 389
103 164
100 103
126 443
193 337
143 462
316 434
17 340
79 114
129 341
374 476
434 493
462 473
416 475
209 446
8 205
103 154
319 403
342 476
151 498
147 245
54 289
35 135
423 443
86 484
209 301
285 475
10 86
312 481
80 89
332 445
5 111
294 389
389 477
28 371
39 89
121 211
54 86
150 485
150 288
398 498
251 254
111 378
254 407
185 361
128 185
270 479
420 492
443 450
317 363
11 135
233 491
185 280
19 180
19 234
19 183
155 281
155 362
159 322
283 322
2 322
192 322
305 448
305 408
106 397
106 336
106 228
391 488
96 488
122 488
162 442
439 494
90 494
466 494
142 367
82 367
12 367
181 376
181 368
181 235
32 395
119 379
32 427
119 400
119 369
32 306
249 466
164 249
77 249
249 458
249 498
219 321
88 321
53 321
93 279
179 279
200 279
456 491
120 243
87 243
371 456
243 266
121 323
79 323
20 323
41 76
389 474
289 474
430 474
211 474
64 311
64 480
33 382
218 382
309 382
150 250
250 478
197 303
177 303
261 302
137 347
148 347
114 347
394 440
170 394
219 370
136 272
313 496
375 473
143 327
203 269
159 327
269 366
269 325
71 269
327 421
233 269
327 386
171 190
187 220
190 344
436 449
189 449
157 187
75 343
185 396
205 271
343 380
213 239
128 239
63 292
292 424
292 296
46 389
46 350
69 167
27 209
16 275
16 330
16 263
16 91
27 194
27 153
27 390
426 463
426 468
116 208
41 208
5 130
130 454
18 49
365 415
415 468
351 411
123 432
197 465
201 245
246 345
245 435
53 435
297 496
222 297
73 297
231 297
131 174
52 174
174 308
6 87
133 245
381 420
146 381
189 221
25 36
0 209
390 441
438 441
105 134
134 319
42 412
42 308
134 330
42 452
134 173
43 476
43 354
124 444
124 203
195 258
195 493
139 424
72 139
293 392
338 471
291 414
267 338
338 351
262 338
262 291
155 426
64 442
278 283
61 161
103 422
28 320
320 409
19 274
265 486
29 401
29 261
230 413
66 230
63 97
97 360
97 425
277 385
255 277
66 277
332 399
24 135
93 107
24 439
199 246
199 403
24 354
24 421
199 206
199 333
356 387
356 457
326 356
107 434
107 479
95 107
98 254
98 314
50 463
62 89
243 249
99 249
105 149
149 475
383 488
363 472
141 472
218 388
191 227
227 406
55 263
55 470
252 340
284 490
252 429
48 298
249 250
274 488
78 481
78 475
225 295
144 225
1 210
1 168
61 322
329 469
108 329
305 422
72 419
168 419
326 483
64 474
26 141
103 455
15 238
56 300
264 461
26 68
113 129
15 81
248 445
113 311
57 140
248 260
38 355
318 455
242 287
242 418
307 433
56 339
286 443
86 286
70 497
59 237
59 123
188 467
135 431
188 310
70 346
13 67
240 355
282 438
161 169
184 205
253 377
340 417
328 385
67 471
23 453
115 294
104 137
145 194
101 192
158 238
410 412
378 499
58 71
65 144
447 467
332 348
150 348
364 437
209 364
19 38
155 236
62 494
76 85
9 318
9 245
198 260
64 269
27 99
89 92
204 382
250 464
347 489
184 494
383 495
396 495
85 292
3 32
321 490
109 119
181 431
224 302
74 81
74 171
7 224
327 411
426 465
83 375
0 405
202 208
83 244
110 256
313 356
279 499
278 449
324 465
256 489
109 323
22 244
357 392
297 392
174 392
57 370
298 426
277 399
65 272
167 268
30 115
253 449
110 117
202 268
127 208
3 49
49 417
432 460
214 345
221 264
36 282
259 324
483 486
160 356
392 447
388 459
101 307
160 460
