5.135998
99
10
78
12526
63 76
3 60
29 84
8 32
30 48
3 13
25 92
35 89
62 92
3 52
61 89
30 36
75 89
17 98
8 34
1 76
76 99
27 59
14 27
71 98
46 71
67 71
5 83
3 65
95 97
78 97
30 97
79 97
69 84
80 89
43 74
9 86
5 56
3 81
23 47
21 47
76 93
8 53
68 77
4 74
42 64
57 91
30 57
8 44
24 83
30 70
0 54
90 95
30 45
88 94
19 28
12 16
55 73
73 77
22 92
22 66
18 81
7 72
7 23
39 66
39 85
11 89
3 11
42 71
49 65
16 49
38 44
33 67
8 33
31 87
51 97
9 12
31 58
38 45
20 47
50 96
58 80
19 96
18 53
43 87
24 47
50 56
40 59
40 76
51 88
28 70
15 82
4 54
0 93
2 92
2 8
2 37
10 29
10 21
6 41
6 37
20 68
26 82
26 90
