48.409428
101
74
64
2452
172 360
238 293
274 401
62 381
268 441
74 366
372 382
20 215
202 419
179 224
119 171
269 273
169 357
131 406
10 208
67 240
172 364
98 257
98 164
202 341
64 125
46 271
83 414
139 383
48 424
324 339
157 388
76 139
88 143
98 358
3 79
117 396
150 273
50 367
171 290
117 435
286 397
17 66
153 171
274 426
385 442
74 335
78 264
113 343
69 132
113 151
78 128
78 100
4 131
57 122
81 104
74 285
206 367
141 214
156 332
226 384
226 430
97 120
294 440
246 421
279 296
169 339
309 390
157 199
46 361
46 261
120 121
229 380
284 418
117 134
221 405
400 414
293 394
79 146
159 173
92 367
29 367
82 111
7 157
87 440
54 414
171 248
53 265
30 172
327 372
212 418
10 101
16 62
114 193
73 275
224 302
72 262
172 210
90 436
71 214
102 106
13 172
125 318
110 390
104 305
275 415
40 273
172 235
2 418
8 156
220 255
62 162
143 313
122 312
14 158
265 429
215 423
127 229
24 293
322 390
158 427
258 268
155 193
22 143
46 167
218 275
22 158
158 348
226 255
156 344
193 321
26 443
65 368
61 104
299 372
113 300
158 234
17 353
70 131
171 237
124 274
339 355
62 181
48 347
67 148
202 238
147 436
69 166
215 409
69 275
109 443
17 330
224 248
48 118
133 440
198 265
369 443
10 403
139 376
83 152
142 442
69 102
51 79
180 202
367 416
182 416
251 416
65 413
326 413
205 447
123 447
336 447
259 404
368 404
181 404
23 393
251 393
297 393
23 408
40 408
331 363
182 363
340 377
5 340
426 449
35 375
288 375
28 433
365 420
420 448
159 420
155 281
136 200
200 217
379 439
183 362
210 362
47 82
30 47
18 410
177 184
44 184
103 184
211 216
212 216
63 354
1 354
131 354
56 314
1 283
86 398
246 398
188 378
7 333
243 371
75 371
72 140
140 253
316 389
109 434
244 296
170 244
19 407
99 407
213 323
89 436
165 337
131 337
106 115
55 115
115 227
33 73
98 315
5 352
46 349
226 241
48 241
241 299
241 268
202 241
19 145
56 145
157 338
283 433
68 228
26 68
129 391
10 292
154 383
51 154
190 202
43 213
194 214
245 436
352 393
33 363
186 339
202 298
242 336
242 370
221 242
4 242
272 282
272 290
111 272
205 272
272 416
12 372
12 69
107 177
314 362
231 374
206 231
201 362
222 350
350 397
143 373
156 373
11 329
162 329
45 274
45 275
48 276
398 410
69 204
204 265
184 325
138 144
194 404
36 156
219 447
263 390
135 263
175 229
172 438
309 438
171 239
62 239
84 122
84 123
32 103
32 268
25 339
85 249
249 279
25 416
195 230
80 116
116 196
116 152
203 393
319 442
95 125
191 306
77 439
308 345
308 328
46 356
15 446
15 271
21 151
27 412
27 391
95 413
386 444
125 386
129 317
37 310
18 37
0 445
0 135
149 437
149 360
192 293
157 192
333 378
122 137
79 137
176 282
176 243
160 334
160 358
34 252
252 417
252 289
252 444
175 363
236 241
38 158
38 443
59 143
59 288
105 422
77 201
161 216
193 277
115 320
245 247
186 247
315 320
319 375
41 62
126 418
126 217
91 113
78 91
338 422
161 398
216 292
303 442
303 418
42 98
42 94
21 375
120 197
197 211
325 411
144 281
266 403
67 207
36 420
256 431
256 291
52 122
52 365
104 395
98 174
17 174
6 228
6 307
308 317
93 273
93 209
96 432
260 262
39 130
31 267
49 163
108 117
260 334
96 173
60 405
39 286
31 346
60 233
223 359
74 185
215 287
287 414
280 434
232 345
214 232
189 417
189 428
189 316
178 421
178 342
89 187
277 363
120 168
168 440
58 387
270 301
270 328
9 359
9 58
145 387
194 402
145 349
399 402
145 278
194 351
43 278
329 392
329 425
249 323
107 254
112 311
254 350
223 311
184 395
125 225
225 291
241 304
295 356
250 297
250 267
195 276
49 389
108 112
116 308
207 350
266 306
185 304
