120.083333
1
127
3
28515
6 447
12 400
4 90
8 203
9 184
9 338
9 361
14 112
10 396
11 29
12 251
22 327
22 277
12 407
13 63
13 148
13 268
393 438
13 442
405 429
35 45
36 440
37 58
37 78
16 147
17 418
17 419
17 440
18 164
19 175
44 72
20 422
21 92
385 421
71 399
12 333
22 335
22 415
23 226
23 437
24 57
24 199
20 331
4 110
4 145
5 376
26 86
26 208
26 362
27 191
28 233
384 424
28 363
28 386
3 326
382 440
29 414
3 310
40 388
32 242
32 296
33 50
33 262
411 415
33 290
33 403
29 53
178 405
179 210
15 76
381 422
377 439
38 107
39 195
377 416
39 296
24 318
40 216
40 254
376 445
31 296
72 101
41 177
42 118
42 279
42 375
42 379
43 176
39 315
24 371
25 313
26 34
55 95
48 358
49 337
50 108
50 242
374 411
58 179
51 214
52 187
54 96
45 213
54 255
47 187
55 250
56 421
58 64
58 93
70 137
50 366
78 448
79 125
358 397
45 439
66 317
80 426
64 235
64 133
64 97
63 156
359 412
367 405
368 437
61 447
59 304
65 137
82 330
67 360
68 163
3 115
354 376
353 438
351 374
3 215
45 109
75 318
60 125
75 348
346 432
3 84
72 316
73 344
73 394
78 189
73 429
74 98
75 154
75 244
81 107
72 159
76 120
76 287
76 352
77 128
78 164
73 413
14 259
14 312
14 429
90 330
93 228
83 370
84 194
2 377
85 313
87 191
71 341
89 314
90 147
424 439
46 175
91 193
289 413
345 387
92 256
92 266
93 170
88 360
71 328
71 375
106 293
54 226
144 315
343 376
94 125
94 153
98 105
98 311
99 192
100 147
101 356
102 297
330 409
313 382
126 250
125 436
315 390
107 369
107 421
314 343
111 448
113 272
114 257
116 141
313 425
324 346
147 317
305 366
302 431
301 337
299 412
297 411
297 410
297 406
296 417
162 314
124 424
173 270
318 387
127 366
128 231
295 391
128 378
129 166
130 181
130 223
130 402
122 270
93 389
132 188
0 4
294 358
293 440
293 332
292 360
136 304
137 202
137 339
138 163
139 337
153 249
153 243
288 356
141 322
141 334
141 349
142 331
143 157
143 207
143 223
143 430
146 315
179 392
148 396
149 350
286 426
284 304
281 400
151 369
281 282
280 412
279 363
131 381
289 314
189 212
153 252
155 437
156 166
158 195
160 220
160 426
277 337
273 359
272 349
277 360
214 443
188 223
164 321
164 434
166 209
167 431
168 370
169 245
169 343
169 364
177 306
272 342
188 220
163 373
271 405
270 326
269 281
175 449
176 197
176 372
177 208
177 261
169 398
214 349
7 130
211 272
30 196
307 350
179 309
180 438
182 346
183 331
185 448
186 205
187 224
94 250
208 350
188 444
310 447
189 234
189 320
190 356
191 383
191 400
192 202
192 285
192 300
265 374
225 431
203 276
194 308
267 377
194 357
195 435
195 446
196 283
196 291
196 382
198 281
193 274
264 350
257 423
263 366
203 404
204 214
205 278
205 287
205 340
206 293
260 295
232 448
172 250
258 296
257 375
248 346
247 330
219 257
221 242
222 381
193 202
224 420
242 347
227 295
193 303
223 304
240 374
239 387
238 421
237 387
236 396
230 424
163 287
203 355
3 355
128 355
355 370
412 428
251 428
174 438
174 437
37 174
295 428
107 174
119 171
119 429
94 119
121 380
121 324
121 274
121 165
108 323
123 323
9 401
98 401
171 323
40 336
28 336
336 356
135 143
104 201
104 273
104 420
92 135
135 166
287 319
319 382
72 253
293 441
13 329
194 329
208 298
338 441
175 253
90 298
202 433
433 439
103 275
275 411
39 241
241 277
427 431
37 246
62 187
29 62
381 427
134 176
229 426
161 400
69 151
152 343
152 223
140 411
134 203
161 375
140 318
69 395
1 54
1 358
117 349
229 331
34 200
200 370
150 194
150 380
121 428
218 428
119 408
319 365
117 135
325 365
218 325
217 246
217 408
