63.782763
218
81
13
4005
273 284
68 427
241 276
26 433
67 440
266 321
103 233
43 300
214 224
235 410
209 212
48 131
131 350
72 131
131 191
131 329
192 328
0 160
187 254
49 339
123 212
191 212
212 349
172 212
128 305
35 190
337 447
253 277
104 319
317 436
23 437
437 445
257 437
287 383
40 383
339 383
407 437
0 252
212 252
252 355
105 252
199 388
199 449
120 199
199 429
199 435
152 354
303 354
74 354
285 424
330 424
347 424
24 227
227 398
332 372
197 332
92 332
221 332
266 391
391 416
135 391
175 384
58 384
70 384
384 442
15 367
243 411
183 367
117 411
284 367
63 148
148 164
30 148
93 213
2 291
213 383
213 327
73 291
132 213
68 314
314 399
309 314
100 200
200 296
165 200
102 306
67 239
202 216
126 239
201 216
288 325
62 288
216 443
306 313
239 286
216 401
288 382
306 342
218 306
17 430
358 430
403 430
157 359
157 255
4 157
157 319
173 441
362 441
133 441
96 428
259 428
235 428
107 190
107 113
107 289
59 107
193 400
193 278
193 283
142 186
159 186
31 357
289 357
54 186
188 357
301 448
198 356
75 268
181 356
27 316
273 308
299 370
177 308
351 448
310 316
316 335
167 268
208 448
53 370
308 395
76 268
254 370
175 356
388 406
390 406
406 446
137 439
137 365
44 204
44 374
44 223
130 137
237 360
91 237
42 237
4 57
57 373
57 294
57 82
274 423
139 220
171 393
87 144
112 274
13 245
265 326
240 326
138 171
16 25
326 385
9 144
215 245
6 274
144 246
245 396
25 379
56 139
7 331
7 256
7 61
7 78
350 421
3 421
97 250
97 277
97 106
20 228
20 161
20 95
20 75
116 248
276 297
150 297
115 297
241 394
278 394
37 394
189 364
35 364
141 270
77 155
94 206
81 295
127 184
141 321
65 158
141 143
66 375
81 244
127 182
65 185
77 336
39 125
125 290
108 127
125 281
94 187
29 65
66 211
66 305
94 352
57 411
1 118
118 392
118 203
118 413
50 269
50 304
50 272
34 174
36 122
36 431
36 88
45 103
45 134
45 267
115 425
425 431
376 401
86 145
47 131
145 418
47 412
145 174
21 90
195 197
134 408
218 366
119 387
85 366
256 387
354 378
236 386
236 445
36 227
109 412
12 264
109 226
33 109
22 304
84 331
84 128
84 146
84 427
219 247
160 219
219 224
18 392
27 422
69 82
69 349
36 367
229 410
229 320
214 318
209 263
17 205
345 444
99 263
234 302
225 249
71 205
19 260
5 437
43 225
192 402
322 440
131 207
262 383
324 345
292 322
52 260
341 432
49 169
26 225
169 232
318 353
260 317
261 302
432 449
80 159
166 199
12 424
405 447
176 405
163 332
34 306
200 376
47 200
397 420
343 397
337 397
145 239
124 314
251 437
11 436
11 51
279 280
8 156
1 129
8 72
153 212
60 83
280 363
129 242
60 433
361 417
361 438
147 202
147 151
38 434
38 179
38 300
149 383
149 434
55 404
55 133
408 430
64 347
140 409
140 264
64 116
109 291
107 376
356 425
222 391
238 288
279 334
88 311
19 334
168 239
195 406
101 441
227 230
333 357
7 34
210 367
86 89
89 437
370 419
148 369
10 97
137 238
154 281
178 386
150 293
63 348
46 226
28 261
180 380
360 377
293 444
348 383
121 131
121 437
282 373
312 438
44 219
137 368
323 343
381 428
180 252
41 232
118 394
311 411
213 231
196 315
46 199
298 346
168 274
162 216
326 368
18 139
127 425
41 354
97 98
124 248
227 377
227 307
32 316
162 448
145 378
79 391
298 424
81 101
50 419
148 196
45 368
275 291
237 271
20 415
101 145
25 369
144 230
32 171
94 262
34 426
245 271
10 217
414 425
66 381
141 415
217 376
47 389
21 389
193 323
109 368
125 153
77 251
65 210
98 136
163 402
22 111
101 170
344 422
338 340
114 166
69 110
79 171
111 340
110 260
136 222
258 297
333 371
14 338
69 194
5 312
80 371
14 28
