33.585714
1
48
2
30700
120 204
125 142
39 108
38 204
60 217
128 220
129 190
130 164
105 231
36 57
132 152
62 219
34 52
153 184
40 76
31 235
31 185
139 163
64 129
65 221
142 152
30 114
30 59
29 175
99 103
27 33
110 120
88 217
110 130
55 128
113 213
113 177
48 111
48 206
54 57
113 150
117 142
95 220
109 231
220 244
46 171
46 159
46 93
1 184
45 208
45 186
57 71
45 49
57 123
42 231
42 173
122 157
226 231
4 31
41 152
40 155
40 133
122 229
12 48
19 42
73 189
236 246
73 241
74 129
16 173
8 219
221 237
14 19
13 48
8 101
0 229
205 215
205 242
8 203
77 92
84 226
219 248
83 152
19 141
103 230
104 204
168 205
92 246
2 33
156 175
69 142
3 229
24 183
24 146
158 186
70 92
39 227
19 43
91 124
5 219
6 130
73 96
173 214
21 103
173 216
174 221
20 229
23 33
22 204
22 171
22 221
8 188
157 239
201 239
238 239
144 163
144 217
52 144
239 245
94 144
67 144
86 218
37 79
37 142
37 55
37 197
18 126
51 126
162 175
33 192
118 162
129 192
113 160
31 160
85 178
57 58
115 137
207 217
73 207
82 85
10 35
61 229
10 211
196 238
198 247
176 249
63 249
20 247
84 247
106 158
140 224
136 140
66 106
106 200
53 140
40 89
89 205
56 148
148 223
32 72
148 194
72 147
72 139
30 149
130 228
142 143
136 151
220 228
91 209
24 143
118 121
92 149
113 243
35 151
15 167
80 121
71 243
28 187
42 145
66 199
9 181
36 167
39 199
9 11
17 187
9 179
18 209
210 232
48 100
169 236
45 116
97 217
44 169
210 234
27 81
68 161
81 221
67 170
116 184
170 180
90 103
90 152
26 50
127 201
7 233
127 182
22 86
30 165
65 222
21 98
31 138
63 165
165 175
155 240
24 138
56 212
177 225
154 175
107 130
135 223
225 232
112 147
17 134
25 152
25 178
172 224
172 184
22 140
126 202
89 188
47 162
89 144
196 202
78 239
137 191
86 87
131 191
37 100
148 162
9 202
161 202
78 131
7 58
26 61
47 102
86 212
86 166
119 239
37 195
75 102
126 135
126 134
193 202
97 166
