91.126190
1
111
3
6220
264 469
72 290
245 394
251 261
253 449
258 415
258 483
261 291
264 415
55 452
281 326
265 461
267 393
142 262
270 355
272 349
279 299
280 390
35 59
29 454
17 133
73 257
17 178
17 213
73 118
57 481
41 436
40 290
281 347
38 277
20 262
38 174
70 363
37 409
36 409
35 152
35 68
234 376
227 307
228 258
229 388
230 285
231 476
231 496
233 338
211 303
245 296
235 390
240 275
242 435
226 386
360 468
363 371
364 457
226 247
216 376
281 480
287 367
288 397
289 422
291 422
268 275
210 445
233 389
32 380
218 242
219 476
220 333
220 378
222 260
223 405
225 485
17 70
2 443
77 319
51 160
5 275
84 370
83 225
82 290
47 368
47 109
77 199
9 387
84 273
80 487
80 214
45 461
51 202
8 297
80 132
8 491
78 359
156 168
155 313
51 360
12 233
15 264
14 359
43 198
51 430
46 404
10 359
77 492
11 481
77 362
51 491
52 388
1 261
3 468
54 196
32 470
64 163
64 112
31 60
31 74
33 312
31 328
32 134
59 463
64 212
65 366
53 187
76 402
76 278
76 245
75 327
73 337
4 47
67 285
50 59
35 39
58 317
25 242
26 462
58 397
59 256
168 322
174 266
28 38
65 482
61 128
65 368
73 159
65 209
34 258
143 246
185 220
104 345
106 381
107 401
108 270
98 271
179 449
180 226
95 426
104 162
186 387
187 320
189 428
192 285
193 393
195 422
196 312
312 377
97 462
86 475
88 98
89 285
90 443
92 225
94 376
95 261
182 363
196 475
108 304
100 254
100 306
100 432
102 104
102 403
103 212
201 447
156 221
145 497
147 353
148 224
148 300
148 428
176 270
155 459
369 442
145 284
156 330
156 414
158 491
161 363
162 303
165 436
167 481
104 123
197 404
198 283
198 291
198 385
200 272
201 263
201 311
201 340
86 443
206 312
210 248
196 348
144 190
144 276
144 306
144 429
145 266
451 452
476 498
479 486
404 413
293 303
299 490
303 405
307 373
325 397
474 479
314 407
315 415
315 439
315 464
315 499
353 441
324 327
307 493
84 472
292 491
369 383
375 461
379 392
379 453
379 458
381 411
35 51
126 155
407 477
407 494
418 465
419 452
422 495
430 484
433 468
388 484
329 390
120 166
121 157
121 245
125 225
210 434
126 407
127 231
118 290
327 384
139 353
140 476
141 492
0 76
142 408
142 420
143 181
128 341
351 465
118 409
331 405
332 424
335 436
343 465
344 424
346 405
448 449
323 424
110 369
113 201
113 291
114 128
115 143
264 446
135 393
352 387
210 361
228 361
225 488
465 488
357 488
183 218
103 183
183 426
183 305
122 183
173 431
77 173
173 209
302 407
302 353
61 302
99 455
390 423
47 423
285 423
100 423
136 381
136 452
136 396
188 318
318 382
318 403
41 318
35 237
237 281
71 130
237 405
39 71
71 339
71 263
265 417
6 111
85 410
6 166
85 440
85 222
85 401
129 207
129 304
129 440
6 31
70 85
6 62
203 245
148 203
77 203
243 481
220 274
243 387
243 427
242 274
63 143
81 443
63 477
63 476
81 397
205 358
295 391
29 150
250 295
150 367
191 466
238 487
104 191
191 461
116 400
23 233
23 235
105 473
412 485
105 357
259 308
310 364
38 282
282 404
259 317
96 259
131 310
294 310
400 438
396 460
365 438
356 460
250 438
157 425
149 425
20 138
138 374
138 454
194 287
137 194
194 301
350 471
7 184
334 350
7 239
7 297
79 142
79 452
79 449
65 456
327 467
64 467
51 164
145 456
87 232
107 232
151 321
321 455
35 170
131 170
27 299
27 308
199 217
66 395
286 312
215 388
336 424
18 30
187 236
376 416
30 466
144 336
204 272
395 478
217 316
208 468
32 286
59 204
416 436
84 208
241 379
119 299
119 226
241 491
244 303
44 118
19 128
44 291
69 196
69 275
42 462
101 156
101 479
177 309
177 457
42 393
124 171
252 369
244 359
124 260
19 307
169 414
154 415
175 398
169 399
56 80
98 354
62 249
421 471
155 354
93 249
87 298
409 421
187 406
184 406
381 489
129 302
269 493
11 21
13 223
342 359
437 478
117 269
21 111
47 437
153 231
91 137
91 462
24 147
48 479
48 436
24 391
358 423
310 488
63 318
22 488
56 173
302 444
237 372
146 417
191 259
203 444
79 238
49 243
172 412
49 282
175 282
138 252
99 255
16 172
236 450
154 450
146 255
