73.429269
208
93
18
6538
177 431
146 236
1 236
286 419
151 396
214 390
277 443
379 395
362 405
188 321
375 424
27 236
274 341
238 301
181 197
183 263
121 263
212 231
428 438
391 443
240 249
289 410
313 376
271 375
271 420
141 271
69 271
57 235
37 235
235 324
235 337
263 376
77 410
114 410
250 260
259 260
209 260
124 245
42 168
131 394
377 441
53 263
206 293
282 396
56 372
66 278
30 190
100 308
155 308
140 308
96 308
268 443
30 329
138 376
329 446
205 214
88 214
196 376
187 214
106 329
340 396
170 293
155 293
118 396
97 353
195 319
126 434
107 443
258 329
176 280
280 303
280 323
234 355
36 147
6 372
305 447
190 372
222 309
136 309
242 309
344 434
24 344
58 344
186 288
384 408
288 418
198 288
307 367
180 384
288 441
7 367
367 414
345 384
217 336
133 219
28 331
150 439
62 336
163 331
148 331
223 439
35 219
134 219
295 336
50 439
33 52
23 33
33 178
33 259
113 296
65 296
296 393
3 232
126 232
232 247
158 166
31 166
166 251
154 386
154 327
154 184
279 366
39 211
130 211
211 322
366 369
156 366
381 436
132 381
118 381
221 310
221 395
103 221
44 299
102 254
64 338
275 338
68 226
292 364
273 292
200 326
224 299
74 254
45 292
421 426
338 389
299 302
326 430
239 326
162 226
342 413
411 421
26 421
254 402
226 334
413 417
300 413
49 380
49 405
49 111
49 314
84 173
84 263
85 87
87 419
87 435
257 428
202 257
257 359
92 145
92 264
92 315
92 100
33 221
119 256
256 283
294 449
256 328
218 294
294 427
116 228
228 316
228 277
11 216
216 234
216 227
112 165
101 112
112 168
21 177
21 448
21 282
21 269
41 358
41 129
41 348
41 286
86 337
54 86
86 298
208 233
160 172
157 215
215 265
215 416
208 314
208 318
160 164
93 160
130 287
181 287
95 287
63 262
63 276
63 70
84 299
48 51
48 404
31 48
94 365
94 272
94 401
12 159
12 67
12 431
47 98
47 192
47 379
20 38
20 378
20 353
131 352
109 352
42 349
122 444
191 444
75 349
144 424
144 201
144 398
72 312
72 355
72 397
5 19
5 387
5 442
78 128
13 128
225 383
36 383
291 383
0 429
16 81
0 99
16 281
0 90
16 270
225 332
46 427
46 333
344 432
149 261
261 393
80 388
15 308
15 22
15 347
15 43
15 188
80 328
84 215
213 220
89 382
169 360
305 360
125 171
171 243
82 171
171 212
120 351
120 242
120 238
154 332
29 214
29 372
246 280
246 274
246 346
236 297
117 152
152 278
399 433
17 399
367 382
210 394
108 210
123 125
123 343
123 240
284 370
284 362
237 284
182 284
167 329
4 272
4 309
4 443
263 339
241 267
241 341
297 336
253 357
357 370
245 357
149 409
409 423
207 288
384 440
76 376
199 293
199 271
142 407
83 384
49 261
204 410
122 139
184 229
303 415
107 139
182 185
367 407
344 350
174 249
174 363
230 290
230 371
154 167
105 280
105 308
9 60
60 301
255 361
143 377
104 445
97 104
143 161
89 255
66 143
55 252
255 438
55 197
79 213
71 79
207 211
25 179
25 195
127 319
127 354
84 320
2 235
14 260
61 110
18 368
61 447
18 22
4 221
412 439
338 339
326 440
14 331
10 219
83 232
204 296
77 266
266 280
78 373
236 373
8 166
244 402
194 324
59 276
32 330
19 59
306 433
91 280
350 366
76 87
112 382
41 382
216 406
325 369
226 285
8 421
400 413
86 440
381 412
115 256
2 292
10 254
34 228
257 392
48 135
248 294
115 208
48 356
20 297
63 317
332 360
72 135
84 425
160 392
5 339
16 167
383 385
332 357
46 385
332 374
261 335
46 193
137 432
189 220
297 403
189 437
167 437
47 400
339 403
10 12
203 382
171 406
153 297
73 422
144 285
246 440
422 440
287 425
0 248
48 91
4 374
34 311
304 352
175 193
40 175
40 317
10 320
230 356
25 167
32 360
246 306
244 304
