62.536539
17991
68
33
25911
222 237
69 284
179 292
16 237
84 96
74 172
140 231
98 131
59 215
143 172
22 72
5 215
72 173
158 236
12 84
38 135
206 291
43 72
182 273
72 285
217 276
7 122
122 291
22 164
221 283
123 263
135 234
200 272
65 290
52 215
138 296
47 264
164 172
54 145
87 273
14 286
98 276
276 293
187 286
115 266
9 218
156 296
118 263
65 163
84 298
184 296
117 122
84 139
72 168
90 237
124 212
58 286
105 284
65 205
250 266
137 261
163 273
11 263
229 236
267 286
25 292
68 261
53 172
70 266
125 135
91 257
283 299
49 65
111 261
193 231
145 157
75 283
17 157
251 252
32 236
180 292
157 196
159 174
81 197
82 218
44 231
13 81
255 284
51 257
218 224
106 251
174 235
35 81
204 251
257 269
42 174
84 112
40 242
133 184
6 219
40 215
40 63
3 40
56 73
6 275
4 6
6 297
73 124
73 210
71 237
71 101
71 116
171 239
1 171
99 146
18 99
30 57
30 243
27 277
27 140
27 134
27 275
39 296
39 85
39 114
144 267
142 144
144 209
109 189
61 109
109 191
46 119
46 208
46 59
46 260
46 248
154 199
154 264
64 154
201 294
201 272
190 201
43 153
153 258
153 289
230 279
183 194
110 256
20 282
92 95
60 92
230 271
129 183
83 160
89 110
76 230
26 97
160 198
110 175
26 152
160 169
20 23
183 268
92 181
26 295
34 206
34 232
34 176
81 162
162 296
189 226
168 226
136 226
15 78
15 167
15 54
15 90
77 195
77 249
77 281
166 251
62 155
62 121
62 131
29 223
29 200
29 253
126 266
41 288
45 259
120 265
119 288
133 259
19 265
150 265
47 288
162 230
103 128
132 185
132 254
0 246
103 278
79 141
79 227
132 270
103 130
0 211
79 280
0 8
30 126
160 166
110 126
183 186
15 166
241 281
170 274
274 298
0 162
276 287
10 84
80 286
48 102
21 202
143 202
150 214
178 207
225 247
161 257
213 238
178 213
213 233
66 218
66 172
165 276
2 122
2 238
31 170
31 174
36 212
12 36
36 93
19 36
149 295
192 237
192 244
112 240
72 177
171 240
107 135
109 165
132 186
65 216
216 283
46 149
88 292
88 157
187 245
2 153
104 236
37 299
20 207
113 162
33 273
33 263
40 220
24 73
86 261
86 296
2 92
147 284
28 225
28 262
28 244
107 144
99 147
94 224
71 94
39 245
30 37
104 154
166 228
55 215
55 99
65 151
151 231
29 287
203 242
135 203
108 126
100 186
62 161
80 265
77 177
188 228
10 188
28 186
103 220
24 79
50 67
50 100
108 214
102 247
127 241
148 213
