9.777247
52
23
6777
14693
26 146
64 172
9 155
46 172
139 172
10 17
120 160
43 172
113 136
17 48
9 148
41 136
8 80
66 105
58 136
16 140
116 178
141 160
31 109
72 138
109 145
3 93
103 169
9 52
31 162
169 175
37 145
85 93
38 173
120 166
62 173
161 173
101 165
85 158
36 109
80 169
92 147
44 140
32 129
24 101
80 143
38 159
139 151
32 47
121 146
17 132
57 80
70 93
9 77
23 54
126 127
127 177
168 177
2 160
163 169
88 116
32 147
17 89
1 149
107 137
107 177
9 86
126 170
170 176
94 170
19 133
133 134
24 133
35 133
50 106
39 106
106 173
123 134
123 140
11 79
37 79
87 119
30 119
119 155
69 119
119 159
21 77
21 150
63 81
81 112
97 109
130 166
28 87
4 95
114 156
3 114
40 146
69 91
91 125
112 131
35 114
33 82
14 68
1 68
122 138
122 158
0 116
59 93
59 136
110 156
110 121
0 170
60 164
9 118
118 154
14 108
108 151
106 111
99 116
99 128
42 173
42 177
74 172
17 74
12 113
27 94
27 117
56 146
56 73
111 114
130 131
114 164
73 135
20 135
33 114
9 102
7 64
7 92
55 128
55 167
46 104
104 144
5 82
4 5
5 149
2 6
6 49
5 97
5 153
13 161
71 152
71 119
23 157
51 157
76 157
40 157
15 162
15 53
80 96
63 115
100 115
98 105
90 98
98 100
96 153
95 98
18 61
18 80
83 90
83 124
25 61
25 45
29 66
29 174
84 152
84 179
65 160
65 142
67 124
67 78
22 75
22 72
34 171
34 60
