55.000000
1667
75
0
6284
0 385
122 131
120 381
119 179
114 295
113 128
111 370
111 364
111 337
108 255
122 309
106 140
104 397
100 122
99 385
96 126
94 203
92 367
92 180
133 355
142 323
140 373
140 240
139 248
137 355
135 383
135 343
134 211
90 311
132 209
128 164
126 366
126 232
125 310
125 242
125 206
124 233
69 148
72 347
72 269
72 136
70 327
69 320
69 287
69 204
69 178
73 179
66 330
65 382
63 371
61 371
58 322
58 276
58 110
57 255
79 100
87 392
87 363
87 225
86 122
85 226
84 271
83 330
81 371
146 158
77 386
76 305
76 247
76 121
76 107
75 323
73 349
73 258
264 393
292 355
291 298
286 319
286 308
280 374
277 339
271 285
270 372
269 278
293 359
264 327
264 301
264 281
263 362
263 282
252 339
248 360
248 312
342 359
381 394
380 383
378 382
374 382
353 389
352 353
350 386
343 386
247 355
339 396
329 342
326 330
325 332
315 353
311 359
303 373
296 361
173 226
191 332
187 230
183 230
181 231
179 297
176 397
175 366
174 226
196 227
170 215
170 198
168 327
163 231
159 385
154 332
146 340
146 175
220 233
246 399
241 246
239 369
236 311
234 286
222 388
222 331
222 284
108 235
213 323
211 317
207 211
202 226
200 255
197 336
196 345
196 238
4 299
47 311
4 161
53 92
52 221
52 153
46 294
52 112
4 256
9 46
24 53
48 100
4 328
4 334
46 148
5 246
6 286
44 359
11 288
45 219
45 267
35 383
16 327
56 146
56 128
15 165
38 271
16 115
27 270
2 171
2 182
37 45
42 397
17 72
17 233
13 230
2 390
3 179
25 100
36 302
11 145
177 244
177 235
21 152
205 395
170 335
177 247
177 338
21 62
20 231
184 382
185 279
19 384
188 324
188 388
18 245
195 272
15 313
203 245
29 205
144 196
151 268
150 248
149 205
147 261
147 189
26 80
26 256
143 277
28 33
138 346
28 209
29 103
58 71
170 217
155 264
159 185
160 251
162 314
23 188
165 321
166 330
167 243
167 387
169 357
169 375
22 270
170 212
22 179
8 186
8 37
8 19
7 381
272 395
273 356
286 379
298 304
307 312
307 371
311 357
314 381
263 300
316 326
317 351
321 376
4 20
333 385
335 397
339 348
2 184
2 43
354 377
357 383
358 386
375 392
237 306
211 243
211 333
212 278
212 361
217 324
218 289
14 117
222 257
223 356
223 368
231 307
233 348
234 283
12 387
12 273
210 283
237 319
239 251
11 289
241 259
11 166
10 377
249 328
10 199
253 260
254 261
255 273
255 365
257 359
259 385
93 249
79 316
80 344
82 214
82 291
45 300
45 150
88 346
89 212
89 274
91 218
91 369
42 307
93 129
94 313
95 129
95 341
41 112
97 105
98 224
98 302
101 247
102 353
103 157
103 253
103 266
103 280
105 173
55 327
59 266
60 117
60 201
60 303
62 188
54 332
64 177
64 290
67 204
67 229
68 140
68 226
69 91
52 141
52 74
71 246
72 194
73 194
73 254
50 323
74 111
50 146
49 313
78 92
78 100
126 127
39 91
114 151
36 151
115 272
116 260
123 389
32 174
32 132
125 357
105 275
32 88
127 230
127 263
31 123
129 172
129 338
130 233
130 271
30 149
105 336
51 205
51 228
127 250
7 14
304 341
144 273
188 354
51 156
190 193
273 313
272 358
190 228
265 379
1 51
1 105
59 391
351 398
265 318
105 141
40 216
54 192
188 208
91 357
102 109
228 262
101 318
118 143
118 192
34 290
109 307
40 228
151 155
