37.153258
372
42
149
17368
89 135
55 142
24 121
27 188
65 111
34 95
49 86
51 115
16 93
59 145
51 145
5 145
75 135
84 113
87 134
48 90
55 109
66 124
124 138
105 158
80 157
7 95
0 188
33 74
148 166
42 108
31 103
24 85
93 178
158 180
150 163
127 137
44 49
96 193
58 125
127 159
11 33
79 129
124 132
103 197
151 187
79 181
112 191
52 143
165 174
83 111
44 103
15 80
79 83
61 90
123 193
54 163
3 68
122 196
136 191
21 93
63 92
37 171
6 30
40 115
89 159
17 111
43 196
89 133
52 189
141 163
181 193
146 188
148 191
24 88
36 108
46 58
119 127
124 125
54 134
95 179
79 195
6 21
41 108
113 149
98 196
6 110
60 128
62 102
62 147
63 71
60 97
37 167
62 177
37 140
62 114
60 104
63 72
67 151
33 56
131 151
29 115
4 146
93 169
23 52
12 58
18 183
76 158
101 134
19 113
125 158
172 193
35 80
172 198
10 33
103 107
18 190
26 90
59 130
89 182
113 125
6 175
80 102
49 69
174 184
103 118
89 161
17 78
4 82
22 28
53 82
10 28
28 32
2 115
2 188
106 186
32 154
154 174
153 168
58 168
55 139
108 144
63 162
39 132
39 199
39 197
39 100
49 192
24 192
24 170
170 196
102 156
23 156
94 153
45 94
39 78
14 73
68 73
73 185
73 106
91 121
151 164
111 164
64 151
21 155
90 155
25 33
25 60
52 116
116 145
37 116
38 198
21 38
152 173
115 152
57 75
13 57
126 127
90 126
81 117
117 118
20 176
20 182
160 191
79 160
8 111
8 134
70 99
65 70
1 108
1 56
58 120
18 120
18 50
50 95
47 55
47 193
77 186
9 194
28 64
9 77
116 194
73 144
91 162
