26.914862
41
38
3032
38426
98 168
41 142
15 58
78 159
63 166
74 104
37 144
104 138
28 105
124 130
108 171
16 165
9 87
48 133
139 165
54 121
89 178
19 57
117 130
152 162
68 106
20 63
1 23
4 118
118 160
41 147
123 128
23 170
8 143
53 89
24 75
8 66
15 135
131 171
23 149
98 163
128 146
0 87
71 76
147 167
19 176
43 110
26 61
112 158
24 38
8 21
46 162
7 175
18 71
29 142
63 134
25 104
57 81
100 128
91 137
31 133
9 48
24 154
109 137
64 162
69 89
15 34
8 147
13 122
24 158
95 133
37 125
102 158
37 92
19 73
47 122
114 142
106 175
45 148
65 71
105 148
110 157
119 137
15 78
90 158
103 110
35 36
118 156
84 147
79 106
22 57
88 105
132 165
80 171
99 153
42 57
59 99
86 153
67 136
127 145
77 121
72 77
61 77
70 97
36 62
14 150
150 151
62 70
24 39
118 164
35 164
14 39
36 96
39 86
87 96
71 96
96 100
158 161
155 161
161 162
128 161
82 136
52 82
87 120
57 120
93 120
101 120
6 113
6 31
6 129
60 97
60 179
17 74
17 124
17 147
56 138
6 67
8 169
165 169
57 126
30 89
51 116
42 51
30 151
56 145
3 36
3 105
83 122
11 83
77 126
36 85
85 104
15 85
85 122
2 26
2 173
2 174
27 98
27 173
23 140
44 127
106 140
12 172
7 12
12 155
44 50
5 93
5 40
37 49
49 63
107 171
107 147
115 133
110 115
32 141
32 50
10 177
10 116
55 98
55 137
33 54
33 111
94 125
24 94
