9.473374
126
14
3328
35333
34 73
53 70
13 14
36 38
74 79
15 65
8 61
15 83
37 97
35 43
16 43
11 38
53 82
9 93
20 55
20 81
20 46
64 92
78 83
33 43
2 90
54 91
8 13
2 50
13 58
24 92
51 91
2 10
17 99
32 37
73 87
34 77
62 91
27 31
53 59
34 88
26 83
83 89
37 85
1 19
21 45
45 57
40 45
45 52
37 49
48 49
18 31
18 34
18 57
1 18
13 47
22 68
9 47
20 22
21 69
17 96
69 70
76 93
43 76
19 23
24 98
23 96
12 20
12 13
0 85
84 95
84 99
56 83
30 56
41 81
4 41
41 79
41 48
18 41
2 94
94 98
28 91
2 28
5 67
5 40
7 30
7 71
3 71
3 72
39 80
39 87
11 39
39 66
39 89
25 38
25 90
29 65
29 42
6 75
6 67
63 75
63 86
44 60
38 44
