23.445648
352
28
26
36482
42 53
52 72
72 80
124 125
99 104
87 125
93 99
97 123
29 53
23 125
53 61
17 97
56 96
92 99
48 97
87 97
122 128
56 90
7 56
27 55
27 69
27 135
0 27
100 120
36 120
66 128
15 74
15 87
15 51
15 95
15 43
25 57
52 76
46 87
28 74
18 98
74 76
33 72
108 117
125 138
105 120
19 74
16 34
1 129
5 129
129 131
108 128
73 78
67 73
30 117
30 50
20 30
9 127
9 106
9 84
24 126
44 115
39 139
39 113
12 24
24 107
44 102
39 46
38 44
63 89
63 81
63 83
118 120
53 118
11 31
11 136
11 130
91 133
2 133
49 86
109 114
35 129
35 128
35 51
36 47
5 40
27 40
21 88
21 64
2 21
56 58
41 49
13 74
13 103
14 132
14 85
32 68
68 98
34 68
3 26
16 60
60 77
60 85
60 106
87 110
45 65
65 103
8 72
8 89
4 119
4 54
11 118
8 73
30 94
6 135
56 70
62 109
6 116
99 101
62 75
8 44
10 25
10 121
10 87
82 119
111 116
79 111
22 79
35 47
41 118
9 70
24 59
71 88
9 134
71 73
35 37
35 68
37 137
26 58
86 112
112 114
21 59
101 110
10 82
