23.000000
262
47
0
15176
141 216
127 272
129 254
38 104
132 293
133 199
36 127
133 257
136 172
34 186
34 174
34 151
33 45
139 259
127 259
30 241
144 145
26 48
152 281
162 280
165 242
168 194
22 169
169 209
172 198
172 208
176 241
103 104
81 202
70 85
83 195
84 299
67 83
85 105
64 216
63 202
62 216
59 85
95 214
96 145
99 293
291 293
104 156
51 264
110 188
113 273
116 191
116 255
46 169
116 286
122 281
42 264
124 145
125 273
254 296
3 104
202 247
3 216
14 110
242 245
11 254
2 16
242 260
243 278
16 262
226 283
226 284
9 110
194 292
7 172
5 254
234 287
7 242
18 235
107 249
233 299
112 221
93 250
94 121
111 161
96 100
234 271
97 161
108 225
102 256
106 297
97 181
98 163
104 159
98 290
90 270
241 282
100 160
101 102
84 100
75 175
75 197
77 147
77 230
80 130
80 162
87 285
275 281
82 136
269 271
83 220
83 253
92 157
261 264
249 274
85 179
85 282
87 115
87 231
88 248
89 210
89 215
90 263
233 266
91 133
92 100
157 194
140 274
140 289
200 229
143 219
197 212
145 227
146 213
147 153
149 154
149 182
149 277
150 297
193 281
153 240
200 241
158 293
159 273
192 276
164 202
164 268
189 244
187 254
184 270
169 237
171 235
183 236
180 276
173 245
179 215
123 285
114 217
115 135
177 228
116 267
116 276
232 268
118 278
119 135
119 213
120 192
120 295
229 290
123 246
228 250
114 190
224 232
222 294
221 226
214 223
213 294
133 251
134 216
207 242
205 293
201 264
137 222
138 252
139 149
12 258
50 241
50 280
39 118
53 169
53 172
13 44
12 288
54 185
55 68
15 94
57 103
57 112
35 210
58 79
11 58
74 157
34 205
34 126
46 253
43 127
43 194
20 166
19 142
44 52
18 149
17 242
41 167
45 223
12 52
47 121
48 140
49 225
49 263
40 216
16 267
16 82
15 189
1 216
6 177
66 70
31 249
24 190
31 76
5 61
68 182
4 261
69 226
60 141
1 211
71 194
28 101
25 88
25 218
26 150
27 264
73 238
73 270
0 110
65 276
61 243
61 287
65 193
8 78
8 95
8 217
33 252
9 157
24 32
23 251
20 187
20 100
173 196
23 237
155 212
170 276
27 213
161 164
173 181
155 249
21 53
21 71
159 279
24 206
158 171
24 163
170 225
159 173
10 76
227 240
8 37
6 128
236 252
239 275
252 298
0 203
265 279
0 72
20 29
17 28
201 204
178 219
203 218
12 204
213 230
10 185
91 117
93 131
87 298
94 106
56 207
53 86
68 148
86 178
140 265
37 128
32 41
142 225
109 196
