36.542593
287
46
18
9725
86 244
26 84
144 214
130 144
144 219
34 132
98 190
124 182
96 186
5 199
13 199
171 199
48 234
123 228
123 181
109 168
131 234
199 246
67 234
189 222
112 189
135 189
160 217
65 217
36 100
100 142
77 100
59 234
123 216
73 105
105 233
61 105
137 240
141 240
220 240
62 242
23 242
169 205
125 205
241 243
81 243
167 243
72 242
128 151
128 163
19 128
83 153
42 153
153 172
2 31
2 161
2 57
80 122
80 146
33 80
95 212
95 215
95 136
25 95
37 99
99 150
71 99
88 165
88 162
46 106
46 194
20 46
46 56
134 226
97 200
32 134
17 63
63 178
200 236
52 200
49 134
66 229
9 66
66 149
87 247
58 87
87 147
110 159
0 110
110 213
7 70
84 120
166 223
75 101
69 166
120 164
70 108
166 245
70 127
120 126
101 124
101 193
143 206
143 204
199 230
217 230
68 177
68 174
68 132
14 168
14 208
14 225
155 249
22 155
93 118
179 191
77 191
35 235
67 235
96 192
192 237
21 197
21 82
21 195
27 129
129 227
103 129
129 184
28 189
85 218
26 218
55 152
115 139
139 199
116 139
139 186
139 222
156 173
20 173
91 231
80 118
105 203
117 172
12 22
1 12
9 207
18 248
18 239
18 47
92 157
92 234
31 78
27 79
41 78
79 113
123 224
8 123
8 246
60 71
60 183
98 158
158 201
76 86
3 137
76 210
3 109
76 123
3 238
3 209
34 76
207 240
205 207
55 99
55 134
7 175
45 153
0 111
120 230
55 87
105 145
90 189
11 53
104 248
104 202
176 231
94 176
100 180
30 182
24 190
89 181
53 152
30 198
89 133
123 196
170 196
196 239
196 219
15 144
2 50
46 207
74 144
38 74
154 242
211 243
45 200
128 211
14 155
50 66
80 145
44 100
40 43
54 184
64 116
123 187
114 247
28 155
44 205
39 202
39 94
119 128
128 221
95 180
88 154
18 101
138 209
70 92
117 230
100 107
107 241
88 114
63 187
111 143
90 166
121 129
15 110
55 232
18 203
6 91
68 148
24 155
12 92
4 140
92 232
140 188
76 188
21 148
51 230
129 221
10 55
12 185
4 102
16 29
40 54
29 185
