18.478324
91
34
76
4730
79 85
182 193
148 217
194 207
52 191
20 134
115 166
22 193
105 123
103 199
77 220
79 235
156 165
88 90
151 186
111 194
206 212
61 153
39 80
79 202
141 217
53 79
54 199
128 160
220 239
166 221
115 155
131 153
14 156
187 193
20 211
32 88
19 20
160 234
55 160
73 88
105 214
171 220
105 181
109 220
16 199
191 220
89 160
163 238
168 204
129 143
95 212
41 100
141 230
102 143
48 233
140 191
63 191
35 240
128 223
136 161
108 115
153 210
157 212
11 240
75 223
99 151
167 194
195 240
151 247
45 223
223 248
32 218
113 150
93 150
116 133
133 232
100 125
110 125
114 227
67 227
61 231
231 238
48 231
70 231
10 192
88 179
96 216
189 237
25 184
76 184
59 248
69 146
6 146
22 172
145 172
57 120
46 57
93 159
97 101
101 106
69 101
42 124
124 143
1 18
25 121
121 241
9 121
119 121
4 130
80 130
130 241
94 162
49 51
51 193
127 194
112 229
160 174
54 169
212 222
236 240
42 224
224 232
36 224
81 152
91 122
6 91
2 18
0 2
136 249
218 249
196 249
8 37
37 119
62 171
33 62
147 246
147 181
135 246
28 143
29 132
23 134
5 126
12 56
115 200
180 200
188 244
49 104
20 118
149 201
137 240
137 201
137 190
87 137
58 212
27 156
159 216
126 150
125 215
98 105
12 121
156 205
150 200
84 187
84 230
74 204
215 227
86 182
176 229
183 220
198 213
78 146
3 71
3 112
30 227
121 175
78 172
175 228
169 192
91 176
1 146
174 244
105 164
164 199
146 198
130 188
115 197
79 197
138 234
40 138
142 202
26 142
72 101
59 127
68 153
68 199
66 223
66 143
94 172
144 172
64 185
213 249
160 245
151 245
28 227
82 87
82 151
13 46
13 190
15 64
91 139
30 185
24 191
24 154
107 130
104 170
118 170
21 242
107 242
60 222
38 67
38 226
135 178
58 231
158 206
158 173
81 236
60 225
23 178
224 225
17 177
56 200
43 86
17 139
29 208
117 208
117 209
7 243
7 145
74 237
183 237
31 126
44 243
44 168
149 209
27 31
65 219
65 189
47 97
47 203
34 83
34 41
50 221
50 92
