36.683333
1
40
1
81048
9 86
138 154
3 137
4 113
4 119
5 83
5 125
5 129
130 144
5 155
6 27
111 114
8 93
125 148
9 69
151 159
10 40
10 101
10 118
10 136
123 152
123 145
122 140
12 74
117 147
27 126
14 59
7 9
50 51
89 113
21 90
109 132
19 84
18 79
17 81
17 72
17 37
16 147
15 136
15 106
14 116
109 139
109 119
106 143
14 76
49 73
103 108
23 34
23 60
23 73
23 87
24 84
102 110
26 49
27 88
105 133
154 158
1 25
1 120
1 153
41 153
29 123
29 127
30 79
31 133
32 77
33 113
33 147
34 74
35 74
101 137
100 154
98 107
39 144
49 115
52 82
42 159
43 90
44 137
94 106
93 156
93 134
0 98
46 90
47 50
93 101
92 114
91 102
49 62
96 159
28 77
29 36
50 135
53 122
85 144
85 106
84 149
55 144
56 133
57 113
58 84
63 65
64 102
29 63
82 97
81 159
68 122
67 137
82 121
79 85
78 98
79 128
77 124
75 77
80 103
74 75
73 122
71 105
70 103
70 85
9 45
13 95
17 146
20 73
20 85
54 65
45 103
95 101
102 146
45 82
45 84
43 54
54 99
54 148
74 142
1 22
50 104
66 147
66 133
2 14
2 123
5 150
24 131
22 27
38 71
38 129
41 131
141 154
98 150
109 142
104 114
11 114
11 82
84 157
20 146
20 61
112 141
48 61
48 112
