41.375765
118
47
29
43152
71 116
29 136
32 176
48 152
16 136
103 112
38 74
33 38
105 171
25 38
76 105
52 101
114 174
113 135
41 105
3 101
22 63
89 136
89 167
89 113
6 103
30 167
59 176
141 176
83 172
49 82
111 167
134 152
12 63
35 82
99 101
43 172
21 113
0 103
36 113
79 136
68 152
97 172
117 167
46 82
55 63
14 89
94 144
58 94
94 118
143 177
62 178
62 66
62 70
4 107
4 130
4 123
4 106
60 153
60 114
2 60
31 158
128 159
24 164
91 162
28 39
90 128
91 154
57 173
39 71
50 115
128 149
20 31
19 129
57 150
115 166
11 19
64 91
102 121
102 155
115 142
19 69
45 102
31 87
39 131
24 40
37 57
8 24
88 116
88 104
88 137
17 160
17 56
17 132
17 22
63 145
145 176
145 152
44 175
44 125
44 139
7 47
7 110
7 125
7 100
44 177
13 84
13 80
13 170
13 62
9 157
119 157
10 157
106 157
53 109
53 75
23 95
23 34
23 151
15 65
78 103
101 126
38 67
15 18
15 146
19 78
57 126
78 115
91 126
31 67
85 148
14 148
92 108
96 108
1 122
1 9
5 89
140 168
119 140
73 140
26 98
26 54
138 174
77 138
26 177
81 118
93 105
92 93
15 67
34 51
128 163
39 93
6 156
42 86
86 147
145 163
27 94
145 169
44 169
7 81
82 133
60 161
120 172
13 81
101 165
4 133
102 127
1 126
24 27
88 127
23 81
51 157
53 156
72 147
72 168
53 120
78 124
67 124
93 148
1 179
1 93
140 161
61 179
156 165
