20.000000
659
36
2
22791
158 236
128 180
117 193
18 205
135 167
115 229
45 158
137 191
74 243
133 174
142 239
115 226
114 117
0 17
71 135
70 244
117 234
22 206
127 180
23 191
158 189
126 175
118 180
86 112
122 205
122 135
121 174
27 50
126 219
70 130
82 229
36 197
140 248
129 185
79 185
180 231
60 181
5 143
5 172
5 209
61 185
54 115
36 235
4 70
108 112
181 212
9 232
20 126
2 174
181 195
22 95
159 232
1 191
240 243
112 117
166 234
50 145
50 196
224 232
99 205
65 158
177 239
221 246
185 249
66 69
69 172
69 218
15 181
15 225
15 50
36 162
135 162
203 228
57 228
123 186
164 186
207 228
32 131
30 73
73 170
40 115
40 70
7 214
198 214
181 214
44 187
113 187
187 208
19 190
55 103
55 75
72 136
72 189
13 195
13 163
30 77
5 211
82 171
76 171
10 21
81 158
81 232
151 154
147 149
241 248
44 77
117 119
37 241
4 201
119 126
68 210
49 79
110 239
68 102
88 210
88 198
42 107
80 136
100 178
178 222
0 105
128 216
205 245
25 188
135 188
66 188
161 230
63 168
63 147
120 216
50 230
93 217
103 233
112 245
10 78
135 217
6 105
52 78
43 233
87 165
191 202
25 132
58 59
93 220
59 124
132 140
155 173
33 155
9 87
17 90
22 227
12 221
3 115
3 125
53 192
94 176
51 239
51 180
12 213
92 199
94 161
35 150
64 225
152 243
15 228
69 187
154 249
5 41
175 215
100 242
112 238
124 179
126 144
75 98
76 184
36 179
58 184
69 84
15 16
69 110
134 137
31 205
32 109
169 232
33 34
2 169
148 243
48 70
97 247
139 236
109 207
111 181
160 213
153 205
62 182
11 203
223 243
26 164
153 181
39 42
21 162
28 73
40 91
40 49
35 249
21 55
84 190
55 101
106 162
204 228
73 227
131 200
29 186
152 228
91 138
107 211
40 90
46 96
14 138
157 190
149 188
21 38
13 85
21 146
28 89
14 53
101 141
83 249
69 116
62 249
31 186
34 186
8 131
47 73
56 131
40 67
73 156
96 104
92 202
160 190
13 183
201 242
16 104
80 237
97 220
89 139
64 194
24 144
39 134
