15.887844
47
29
39
7329
54 190
27 175
83 170
88 195
82 151
3 92
80 148
87 111
82 155
43 135
103 160
12 160
74 195
172 190
16 92
50 189
35 160
34 116
111 175
142 175
61 178
2 195
50 95
58 81
38 187
38 193
18 38
63 81
64 137
61 101
127 173
96 115
90 137
80 137
90 183
10 137
2 11
11 192
11 62
21 66
34 45
90 114
50 90
1 152
61 99
188 190
96 156
1 199
67 94
50 124
44 151
81 166
96 169
27 89
34 121
39 170
65 170
100 195
147 151
92 181
113 141
25 141
87 186
144 186
116 184
58 130
84 130
72 84
13 72
55 102
102 127
31 102
158 173
17 158
89 163
163 182
137 171
118 171
69 104
7 109
7 137
42 52
122 197
165 176
119 165
66 165
150 177
149 177
122 177
33 93
0 78
138 195
109 138
6 138
55 138
30 61
53 100
16 53
25 168
92 168
60 160
48 105
133 155
0 133
112 133
40 179
11 198
90 123
79 106
21 106
129 167
38 194
5 50
5 176
5 96
4 195
4 175
141 194
14 76
34 59
59 61
40 51
51 93
49 51
151 164
28 137
28 180
19 170
1 19
29 137
29 190
22 29
81 125
117 135
117 190
94 117
99 185
43 120
120 126
5 184
134 160
20 68
1 128
68 91
34 37
73 90
1 41
140 174
140 175
131 151
20 131
24 108
24 103
32 46
132 139
56 132
46 71
71 97
162 191
15 30
57 75
75 123
34 143
143 154
57 177
77 159
133 138
133 159
9 154
9 196
167 177
110 145
70 91
70 85
36 129
36 48
36 157
76 104
42 76
51 198
33 125
78 136
23 138
8 90
8 56
76 161
51 161
5 162
47 136
29 146
23 153
26 185
32 117
73 134
105 110
128 146
41 107
26 98
86 98
