86.425253
13392
97
10
13651
98 105
53 323
74 248
237 375
173 315
151 322
58 316
337 371
46 252
87 186
2 178
1 30
118 377
126 264
116 167
183 331
190 388
272 388
144 388
363 388
152 396
0 396
246 396
213 396
277 378
262 277
47 277
277 292
75 230
381 397
318 385
143 385
257 381
284 381
210 381
74 230
102 230
353 385
41 80
22 41
233 238
153 233
100 233
29 140
83 229
70 329
109 296
296 376
51 70
229 274
229 304
140 313
163 229
14 70
197 296
140 331
44 140
175 324
16 175
175 290
53 391
219 391
28 391
20 286
84 383
158 383
224 383
256 271
256 315
119 256
125 330
56 291
26 291
228 253
135 330
49 389
68 265
112 320
37 253
308 389
86 253
189 320
59 202
235 343
60 330
325 343
373 382
97 202
171 343
82 269
122 202
321 382
118 291
147 265
58 269
269 305
319 389
200 265
279 382
206 320
108 121
105 108
16 236
236 328
108 295
236 281
236 310
360 372
141 360
130 360
57 76
57 377
57 149
98 187
187 346
134 187
9 61
239 345
45 61
123 345
180 255
307 384
103 307
248 307
87 180
177 231
161 231
36 180
231 301
126 349
221 349
349 368
166 222
20 222
222 317
88 138
88 137
88 361
69 338
44 338
338 366
195 273
273 363
302 336
65 273
179 302
92 302
367 394
227 369
369 370
30 120
54 99
294 323
127 162
314 380
146 350
39 106
128 245
245 303
48 127
21 297
241 348
348 398
203 289
6 208
38 106
3 203
169 216
258 314
13 294
106 157
297 354
73 348
225 367
8 188
155 309
188 266
218 367
259 294
342 350
99 151
120 393
216 374
208 282
129 208
226 245
4 127
114 216
77 188
155 379
247 297
350 359
85 99
193 314
139 155
55 120
340 369
63 203
32 71
71 365
71 332
11 177
1 148
23 31
148 392
31 339
31 237
148 234
12 347
81 90
176 251
196 357
244 299
94 244
176 344
244 386
207 267
43 288
104 176
33 35
90 96
15 17
90 285
17 124
43 132
165 196
12 268
196 312
17 390
35 278
35 316
207 276
19 355
19 250
19 322
141 211
64 264
64 356
64 89
5 205
154 214
154 164
154 186
242 396
160 283
160 292
46 160
50 327
34 78
145 335
145 263
145 209
50 293
34 191
117 136
117 192
117 204
34 174
50 199
159 365
27 309
260 277
198 337
252 287
178 198
287 375
2 52
52 62
175 286
57 70
184 388
358 385
18 66
66 223
91 254
0 25
25 298
150 304
150 167
150 362
182 399
168 371
168 284
168 172
182 341
211 230
11 296
41 101
41 159
41 220
214 240
104 243
223 334
92 243
39 215
275 306
17 286
188 242
260 348
208 260
99 260
242 350
131 296
232 321
107 385
222 358
84 352
352 399
280 286
211 330
358 367
113 277
110 388
34 286
154 256
249 381
101 256
108 131
131 345
42 242
120 211
133 229
156 216
156 245
35 358
24 297
24 294
140 387
159 273
181 233
101 203
70 113
201 391
217 338
67 291
40 389
40 269
111 360
201 343
260 364
79 108
253 351
351 382
71 217
181 383
31 131
101 148
10 320
181 202
113 265
159 244
27 176
12 27
170 230
10 61
231 300
180 249
93 307
64 156
142 160
115 156
5 24
27 42
300 314
67 369
127 133
175 306
106 351
302 311
11 333
233 326
61 215
95 395
11 351
111 196
211 212
107 142
11 181
7 207
115 212
101 194
43 387
24 72
90 311
270 345
72 131
95 364
24 150
387 395
7 145
88 270
79 117
50 93
242 261
170 207
43 261
91 387
185 220
326 334
