97.357724
90
110
21
7942
130 203
114 298
15 130
226 393
361 393
84 87
306 322
306 343
393 420
87 217
130 397
185 298
229 357
92 306
393 449
409 424
411 424
27 424
6 420
112 385
127 385
148 382
126 246
276 418
93 319
211 431
311 319
10 447
381 432
239 357
302 410
0 432
316 447
237 319
243 261
329 418
368 385
37 246
208 418
144 410
255 432
14 410
253 357
140 246
62 447
104 313
267 313
62 159
92 193
157 193
131 193
65 309
206 309
133 309
289 313
43 108
303 431
197 271
177 429
86 413
145 243
111 243
366 382
382 412
401 431
114 382
236 243
69 321
129 298
192 322
135 306
184 378
388 413
348 413
37 259
285 413
304 416
367 420
26 191
115 387
360 420
69 87
297 433
202 268
417 435
377 409
9 331
341 429
250 341
189 341
80 105
35 105
175 437
380 437
344 387
40 344
155 344
159 205
205 280
94 205
115 123
123 334
70 123
286 422
138 286
137 286
67 345
295 345
345 377
384 414
288 315
158 160
7 171
53 142
242 364
58 160
315 396
142 284
174 364
201 212
212 269
90 315
4 171
171 350
364 370
160 238
63 384
132 384
60 142
8 212
254 327
75 88
87 327
29 213
76 444
327 359
20 75
29 433
29 152
29 41
76 85
75 356
75 167
14 76
76 400
327 342
173 337
173 398
173 184
66 308
66 422
66 104
66 139
66 331
408 434
294 408
117 367
117 198
117 436
117 390
117 292
74 179
179 362
179 417
42 240
33 42
42 136
5 97
97 419
97 227
91 118
12 91
91 416
56 441
56 245
24 56
34 214
34 443
34 263
34 351
32 231
39 43
231 257
113 151
168 213
57 153
317 448
77 106
150 275
277 376
231 291
317 358
39 146
28 77
96 277
299 363
39 82
77 395
153 225
54 406
153 290
168 180
109 403
252 379
73 150
150 425
151 181
156 299
188 252
121 317
299 394
277 305
168 233
151 293
252 353
52 54
109 222
54 262
109 407
81 354
61 354
61 307
61 230
98 402
98 194
98 374
128 321
128 221
128 260
45 301
45 375
130 162
45 419
22 282
45 265
162 418
102 247
102 178
2 386
2 134
2 378
223 325
223 324
223 292
204 304
204 251
204 272
81 364
3 340
3 285
3 149
22 384
79 356
79 371
79 248
22 75
162 327
25 151
259 349
216 349
258 385
258 432
98 173
17 68
17 163
372 421
372 435
372 392
228 346
71 72
31 195
143 256
143 445
23 405
31 232
44 64
23 219
147 172
228 389
141 319
13 266
147 224
71 154
13 426
199 244
50 320
199 442
44 373
143 207
147 170
50 182
228 270
13 164
23 335
71 165
199 287
50 116
31 103
44 369
19 404
234 423
15 310
243 310
210 431
210 415
210 246
141 212
119 333
13 25
38 323
83 446
191 352
26 46
30 83
9 83
1 183
183 234
282 352
21 183
46 330
352 438
59 407
59 431
33 339
160 310
226 241
283 410
65 283
200 447
19 200
16 187
16 202
49 365
16 249
16 296
105 279
279 401
25 215
413 430
261 326
214 326
25 333
273 439
271 274
99 274
153 258
420 440
313 440
81 143
49 286
21 391
200 315
281 427
105 427
22 71
23 162
51 306
51 298
29 279
347 415
108 347
59 66
264 338
355 393
318 437
161 309
48 193
36 220
336 357
36 197
95 428
36 192
95 296
78 424
169 341
169 382
89 273
89 209
89 268
91 323
204 404
117 200
101 228
101 147
314 344
107 123
245 332
54 323
171 383
186 345
34 283
142 186
328 385
11 25
22 166
81 312
50 141
76 336
150 241
283 299
25 125
128 241
102 241
45 49
187 399
18 173
399 437
42 107
125 408
176 408
3 323
210 372
173 332
56 78
101 278
79 279
61 120
98 120
231 318
317 355
48 252
277 314
18 77
31 59
141 339
100 166
190 215
89 101
11 258
102 328
110 423
235 310
100 110
210 300
17 336
161 199
59 312
44 176
49 124
279 339
122 339
200 278
17 55
196 300
235 383
36 430
47 124
264 391
196 218
