5.984822
1240
12
70
6920
18 73
39 117
42 106
20 117
45 87
34 87
6 67
6 91
6 98
46 74
14 74
20 88
77 104
50 73
101 117
80 104
14 117
75 106
73 95
14 114
87 108
14 64
15 100
26 100
68 100
79 83
38 89
3 57
12 57
23 112
1 77
79 111
55 107
88 107
72 107
48 51
25 48
6 30
0 11
51 76
8 117
19 90
17 37
66 106
14 115
15 115
36 87
16 105
73 81
32 56
12 56
14 60
99 102
97 113
17 97
57 107
56 83
63 68
83 93
14 61
61 92
83 102
43 94
34 43
89 93
21 66
9 26
9 25
37 112
54 57
29 44
44 105
28 85
16 21
6 78
69 111
5 106
0 30
19 107
36 85
24 41
24 52
10 53
10 38
4 41
4 80
47 57
1 60
28 54
63 112
8 81
35 59
35 73
33 106
33 116
62 119
59 62
69 96
5 112
22 70
70 112
27 72
27 31
7 96
14 71
71 82
40 118
40 82
78 109
49 103
56 103
56 84
84 110
86 109
7 86
2 65
13 58
2 46
13 76
