2.000000
172
17
316
47011
56 132
60 128
38 109
11 39
52 98
23 126
51 134
27 53
65 101
36 80
64 117
81 82
95 134
94 95
32 68
13 45
29 92
14 57
35 121
21 63
62 105
14 55
68 128
88 106
5 58
34 101
25 87
88 105
38 49
18 126
79 81
132 137
19 136
91 101
10 23
62 80
134 135
44 124
76 115
29 109
60 102
25 127
127 129
59 104
86 126
108 134
41 83
69 93
106 126
2 131
11 22
73 98
81 133
13 44
100 119
64 83
31 83
4 89
52 101
81 123
41 114
4 112
8 74
2 8
59 129
84 118
5 103
53 82
0 120
11 103
99 135
8 53
8 89
1 63
5 93
20 87
68 78
6 97
30 81
27 118
92 137
75 92
50 118
31 123
76 126
17 73
6 131
120 138
100 126
47 81
9 134
45 118
63 116
72 139
66 71
15 87
61 72
69 87
10 125
90 92
28 134
28 56
60 92
113 120
21 90
16 118
53 111
71 136
37 122
77 112
11 19
37 120
50 68
5 96
77 107
26 60
48 118
5 83
18 70
85 91
0 92
110 139
7 133
16 54
40 124
24 74
12 32
125 138
5 43
14 121
46 81
3 68
53 110
14 66
126 130
33 43
24 34
42 67
42 122
