7.300000
1
17
31
120044
34 71
36 64
59 114
49 75
9 14
38 83
67 82
88 117
34 90
3 72
22 105
102 108
49 109
101 108
96 97
55 60
62 69
41 112
6 103
5 59
48 67
66 106
95 106
62 102
90 107
34 58
9 77
19 96
91 108
43 57
34 55
86 103
96 119
18 67
9 108
23 103
92 96
103 113
80 108
77 111
77 82
60 62
72 73
13 64
0 77
7 112
76 108
77 98
88 110
40 103
49 81
75 96
49 56
59 78
38 52
43 88
22 66
12 107
4 65
22 103
24 48
4 58
112 116
43 108
7 75
4 50
114 118
9 31
17 31
75 84
72 84
47 68
43 68
29 45
45 75
29 87
30 87
2 22
34 104
103 104
46 99
59 89
75 99
44 49
9 42
43 115
32 108
20 32
33 43
33 61
53 112
4 53
26 75
79 85
85 88
54 70
10 62
15 34
36 93
28 112
5 28
10 83
1 119
62 100
4 51
25 39
94 115
16 46
8 63
11 21
16 35
8 86
11 24
37 39
22 37
27 42
70 100
74 93
51 74
