46.100000
1
51
3
102101
22 172
125 184
23 50
15 41
17 27
19 141
20 78
20 179
20 198
21 163
122 192
14 115
49 166
25 156
26 199
27 132
28 182
29 45
30 147
105 178
107 176
33 120
109 151
100 165
100 170
100 195
102 135
103 120
31 137
61 193
32 81
5 98
110 141
112 199
120 146
121 190
122 172
38 190
48 190
126 133
41 104
41 95
45 175
40 102
39 130
41 152
46 57
14 48
46 88
49 149
47 147
44 89
36 61
49 80
43 171
44 73
4 185
5 11
43 137
24 109
0 9
0 123
1 106
3 14
4 44
94 102
46 129
5 44
68 102
5 188
6 74
7 51
12 81
13 182
49 192
86 134
50 82
51 124
91 114
91 169
92 125
92 174
93 109
58 128
84 126
87 156
50 116
91 107
51 186
52 61
53 99
53 157
53 185
70 196
94 134
74 142
74 165
97 127
79 106
69 130
70 111
70 187
54 137
71 130
56 126
96 131
74 176
77 163
79 81
67 70
81 181
146 198
147 177
150 178
131 189
134 143
134 162
126 163
141 192
141 194
128 192
19 53
61 71
153 163
154 172
158 182
178 196
190 191
106 139
64 108
65 72
129 190
131 183
59 92
0 8
61 196
62 100
64 90
128 167
64 173
94 147
66 178
136 156
127 148
127 159
127 165
128 145
117 190
117 156
27 117
10 81
10 91
137 168
0 168
44 168
45 140
65 140
155 160
155 171
15 155
51 144
55 138
42 138
126 144
113 138
163 197
131 197
109 197
119 130
119 182
50 119
41 164
64 164
85 94
118 120
18 83
14 118
83 184
180 196
63 165
75 192
35 190
2 106
35 199
2 92
60 113
27 60
37 98
161 193
16 199
37 45
161 189
16 50
101 117
168 180
85 119
34 101
63 76
34 76
