41.000000
519
65
0
5684
142 300
145 337
145 302
54 306
288 321
286 386
286 358
145 217
57 309
58 266
144 336
286 324
148 198
62 98
62 205
62 218
283 347
142 242
232 343
64 101
232 374
64 266
66 127
137 200
45 213
38 229
39 44
40 198
223 261
303 309
42 114
42 265
157 373
157 369
44 314
44 380
136 240
157 234
225 232
48 94
48 152
48 177
154 182
49 248
153 185
149 185
289 321
90 253
79 346
79 367
82 100
82 358
240 379
114 338
114 298
87 200
114 292
89 102
89 156
79 336
112 295
92 148
110 148
243 251
95 357
96 129
246 307
99 207
106 260
253 351
105 388
266 393
69 116
134 280
69 156
69 199
132 209
271 309
129 245
129 169
128 342
127 224
126 230
48 211
126 147
126 130
125 381
125 280
76 89
125 243
125 151
258 346
122 358
79 244
21 69
14 326
14 365
14 370
15 395
17 79
212 226
336 349
336 340
19 191
212 229
38 210
209 304
186 212
185 281
184 191
183 395
183 315
180 360
180 305
320 346
180 264
25 266
6 355
203 395
204 295
1 91
2 296
3 12
4 280
197 253
6 31
6 32
206 240
212 251
208 309
7 246
209 250
194 295
358 378
9 64
191 319
12 47
12 279
13 213
38 187
36 53
29 157
28 321
315 346
28 197
312 317
173 280
174 286
38 113
213 375
114 366
209 274
158 212
124 364
165 304
240 339
118 361
119 230
119 319
120 317
220 273
155 248
123 399
194 259
123 293
192 235
120 356
121 212
222 346
160 265
202 266
106 361
107 175
202 253
246 297
109 278
200 399
221 342
158 239
160 330
200 299
223 322
113 270
196 309
161 163
164 216
164 361
207 371
227 334
152 172
172 238
189 321
135 162
135 379
189 311
188 232
148 262
138 175
138 287
185 377
215 282
140 267
172 340
142 262
212 385
180 285
142 359
143 241
143 306
232 249
178 367
213 274
127 332
220 267
191 274
220 260
180 228
125 389
155 201
216 363
170 334
127 179
80 294
166 394
190 252
170 391
129 196
215 296
131 241
131 308
154 161
234 399
153 318
133 392
36 291
302 335
41 355
308 348
40 398
38 310
311 313
37 176
37 68
44 108
35 396
35 274
312 322
34 286
313 352
34 126
33 344
316 396
30 329
50 233
59 276
59 254
57 103
54 293
53 146
52 272
52 155
290 386
295 350
30 269
50 78
49 322
48 263
48 78
46 382
295 372
44 366
6 362
20 55
16 215
14 121
12 195
11 139
11 46
10 353
346 350
363 398
20 118
6 247
6 140
5 280
368 376
371 390
2 43
1 172
383 388
0 62
323 384
29 228
27 368
27 182
27 65
26 384
26 371
321 334
323 354
103 150
331 385
333 398
22 256
22 85
21 237
334 358
336 339
88 233
72 145
270 357
95 291
93 376
269 387
269 294
268 399
74 155
93 103
89 310
264 277
97 111
86 276
75 347
86 108
77 214
84 263
83 391
81 383
257 389
256 332
255 270
255 397
65 192
61 326
284 361
283 384
60 178
282 299
104 384
278 348
64 139
103 105
100 392
72 125
277 331
272 298
71 364
97 162
71 146
69 117
68 138
249 277
366 394
247 345
341 392
254 328
0 18
220 377
231 327
233 301
233 325
275 383
233 362
297 322
275 353
222 231
221 318
270 290
269 398
219 328
219 236
215 301
259 354
56 141
63 181
63 168
61 115
56 277
67 138
51 361
77 141
75 193
73 327
70 341
67 332
8 167
18 327
8 190
23 80
24 117
24 179
27 329
33 115
165 168
171 215
167 334
159 372
155 285
195 236
