78.276566
63
97
84
4273
275 299
141 377
168 431
81 395
19 71
43 64
4 106
204 359
19 398
298 431
161 192
256 291
380 412
297 428
138 320
92 428
333 392
178 359
81 413
110 388
194 239
4 389
287 420
69 330
6 285
180 201
141 152
86 373
288 338
200 355
217 223
212 248
402 435
151 372
41 245
314 354
246 442
184 260
35 370
79 226
12 185
30 216
122 225
306 435
104 187
188 318
281 374
46 281
100 305
101 136
3 448
355 422
81 308
80 184
18 127
429 442
52 111
39 116
185 427
38 336
78 96
29 217
127 213
212 438
2 187
379 381
331 442
60 446
85 300
78 94
38 307
78 350
52 290
373 378
38 331
5 179
130 412
389 392
52 438
27 294
129 281
5 414
5 31
39 172
271 430
52 270
283 335
360 444
257 341
4 273
151 382
119 366
288 420
243 245
189 200
19 346
212 313
186 212
97 379
373 385
257 396
420 448
259 349
352 362
78 405
178 242
418 434
225 269
283 321
244 315
6 358
244 311
89 412
43 73
90 102
90 351
35 129
88 317
371 431
38 62
428 433
43 353
214 275
316 430
410 411
50 382
136 303
63 140
81 243
197 355
113 424
158 161
264 304
36 312
90 163
399 408
23 169
51 239
134 292
302 419
55 256
93 161
379 400
56 222
226 230
239 368
101 268
146 181
318 326
15 435
22 399
189 222
149 366
280 287
171 279
175 301
17 442
108 219
10 360
204 229
153 439
20 301
256 449
219 310
45 217
28 162
241 448
127 209
354 404
369 431
352 418
45 288
173 187
245 340
174 327
105 178
155 255
165 204
207 427
344 360
67 354
272 366
139 301
9 180
254 294
77 352
72 137
1 287
61 318
84 281
403 427
222 329
218 349
107 180
226 237
8 410
178 407
0 219
14 217
35 334
123 171
245 332
118 127
137 302
213 225
128 410
6 330
198 287
48 317
4 357
182 283
36 112
148 446
28 425
70 288
171 382
304 337
16 448
49 91
81 182
109 184
11 108
216 440
120 153
94 412
7 138
274 294
302 364
155 265
227 349
21 101
393 446
294 435
382 443
155 423
263 430
91 147
141 262
95 425
193 425
39 356
253 432
110 432
303 432
74 325
162 325
325 387
224 325
113 247
199 215
32 215
85 215
215 331
177 401
276 401
143 401
87 164
240 284
164 240
228 361
76 228
63 240
190 267
53 266
170 266
266 375
177 415
218 415
436 438
194 252
83 211
72 83
47 83
12 347
100 347
33 232
230 238
319 331
143 345
9 345
263 348
275 348
117 365
58 283
58 431
58 223
58 376
58 157
59 94
15 195
180 390
125 235
135 420
293 382
360 437
44 367
367 397
410 426
37 426
103 178
103 294
103 161
61 103
75 289
170 394
258 394
294 394
19 233
90 233
42 425
42 184
42 273
35 233
42 155
216 233
131 431
153 205
127 144
34 256
138 417
141 409
349 409
94 115
115 157
115 258
353 409
76 115
54 115
115 317
355 409
318 416
154 410
324 424
183 324
181 324
324 438
40 104
66 377
66 171
210 420
145 386
210 292
23 210
145 317
127 339
43 339
236 239
236 366
295 413
69 295
57 249
126 199
126 317
202 204
202 222
65 174
65 305
275 447
19 447
44 65
65 309
6 99
99 159
4 231
36 231
282 445
125 282
282 327
156 286
286 384
286 351
286 387
225 342
342 379
75 121
121 363
132 219
132 430
257 296
289 432
11 68
68 191
124 257
81 124
58 267
232 252
247 394
114 390
91 322
322 427
26 211
26 91
206 373
206 399
277 354
278 428
251 301
203 388
203 328
105 167
167 250
167 244
167 363
5 160
160 168
39 261
256 261
261 352
98 434
98 323
176 239
176 216
13 250
13 343
101 196
196 446
153 220
220 226
187 220
138 150
150 304
240 416
142 406
391 437
391 406
42 142
42 319
24 383
293 383
103 208
234 399
180 234
277 432
133 421
133 208
221 235
24 221
154 195
57 238
251 401
25 103
114 261
82 304
82 95
34 205
83 278
365 441
166 296
166 441
