47.000000
385
68
0
2510
86 127
69 280
69 288
70 249
72 251
72 347
75 261
76 298
78 128
81 345
82 97
82 225
82 319
82 341
69 257
86 180
88 129
88 287
93 335
99 119
100 249
102 289
105 310
115 283
115 349
117 310
120 243
121 303
58 276
47 138
47 346
49 106
49 191
49 306
51 72
53 56
56 181
56 236
57 128
58 85
58 194
58 241
124 289
59 119
61 129
62 262
64 170
65 139
66 204
66 215
66 320
67 238
68 114
68 288
69 233
69 243
252 272
192 318
196 212
203 320
209 324
210 260
210 265
210 304
211 345
234 314
239 262
244 314
245 342
246 314
192 202
261 300
261 343
266 344
270 293
271 326
271 327
287 331
289 343
291 345
293 311
303 325
303 330
309 346
154 249
126 217
126 332
128 182
129 218
131 322
132 152
134 295
135 295
138 299
142 234
151 287
152 310
154 242
0 133
155 289
161 266
163 168
163 346
164 166
164 219
167 342
168 176
170 286
173 196
185 272
189 320
23 126
14 253
41 286
40 266
5 301
0 145
0 196
5 292
38 115
36 129
29 192
35 168
7 67
5 186
26 242
32 315
46 346
32 308
0 200
1 76
31 103
32 254
31 183
2 66
19 243
3 26
18 68
31 263
25 67
26 281
27 138
12 271
10 342
44 286
13 67
42 262
14 122
14 101
26 89
235 293
109 141
108 129
6 197
107 210
104 271
131 177
20 295
22 153
132 348
20 141
222 344
136 153
235 310
146 160
125 206
115 222
116 290
221 257
118 272
119 130
119 178
220 284
123 336
24 26
21 317
227 336
112 317
229 306
125 322
115 305
109 223
126 224
22 297
116 226
159 187
159 266
196 250
162 286
162 320
14 118
164 198
164 230
195 348
10 313
13 45
168 307
158 255
190 302
169 324
190 297
171 231
172 269
11 119
174 243
174 286
175 320
177 268
184 261
178 314
214 248
137 310
138 305
139 159
140 193
140 334
142 205
17 91
143 267
98 342
147 171
147 208
214 335
137 193
213 282
149 340
213 279
6 209
16 90
15 337
8 111
15 312
9 53
156 213
206 229
205 207
34 238
60 80
60 310
302 333
39 192
297 323
63 287
64 116
66 169
37 328
36 90
67 240
68 104
58 116
296 320
295 307
34 93
293 313
33 164
69 338
102 228
72 258
32 188
73 264
2 87
32 184
76 278
52 149
338 346
338 345
48 128
48 303
49 55
45 312
49 108
45 269
45 115
50 296
50 302
326 336
51 87
71 273
54 126
319 336
314 317
55 76
0 63
43 235
43 83
57 130
42 158
241 328
96 201
30 73
91 294
86 188
90 316
86 221
90 123
84 196
95 277
95 201
94 125
28 52
243 274
92 255
89 297
79 282
274 294
32 96
77 249
272 307
4 16
92 146
92 112
264 273
80 143
31 198
92 110
5 9
5 24
83 256
84 144
259 264
224 247
130 237
11 33
235 275
328 329
179 338
275 285
4 111
216 220
213 278
199 336
199 285
307 321
28 348
79 157
79 339
30 329
77 113
91 107
92 250
98 150
39 302
39 232
39 216
74 240
165 179
116 148
148 208
150 247
