106.950000
1
113
103
23797
106 239
72 264
163 197
49 172
37 338
6 169
251 380
92 273
85 332
170 323
79 375
77 365
76 184
96 325
29 172
63 144
214 391
148 254
22 237
112 226
75 336
5 83
51 180
67 71
18 92
87 347
111 330
18 129
66 228
229 373
101 146
36 156
55 261
142 190
135 336
190 202
288 359
80 293
101 128
98 130
45 343
46 88
21 286
34 292
37 360
37 212
204 366
214 328
114 307
29 309
45 250
45 178
78 316
17 150
9 209
16 162
14 72
211 300
150 364
88 158
96 283
5 151
2 311
8 239
9 48
221 342
380 386
77 370
99 161
165 216
192 241
99 329
204 315
202 296
289 380
1 313
32 198
225 326
15 273
207 228
208 211
151 196
67 222
228 382
37 215
78 339
113 313
14 93
226 265
181 252
181 187
77 202
97 141
171 369
29 197
92 263
15 305
145 227
68 133
171 358
15 136
167 294
214 390
28 173
96 281
14 201
148 230
29 166
140 354
187 380
76 189
59 261
110 259
130 393
76 296
352 377
34 40
24 261
95 274
224 332
92 346
99 195
147 208
59 347
187 259
149 167
73 295
79 399
9 350
302 367
208 351
147 394
150 243
70 214
109 164
352 373
106 226
2 169
233 350
345 367
20 233
101 352
270 372
3 180
19 55
157 159
23 114
152 233
264 378
10 261
297 303
166 235
148 163
153 154
72 120
92 344
124 354
180 195
94 259
73 208
129 387
67 234
66 165
282 318
89 189
85 310
2 45
101 126
151 310
144 284
378 385
96 195
282 360
78 81
50 166
187 296
169 277
59 293
91 355
72 168
71 377
67 69
122 221
70 340
115 132
196 304
313 396
44 203
36 387
202 392
115 288
41 228
133 273
130 240
25 355
97 294
44 324
200 392
184 362
174 354
175 293
345 356
159 395
160 189
131 180
357 384
181 217
184 271
311 337
274 322
97 238
176 227
314 340
143 214
102 115
109 341
262 290
28 56
42 88
36 104
253 330
374 379
309 331
204 291
116 330
293 381
303 330
355 364
47 311
33 227
114 137
129 280
140 290
130 264
109 247
237 387
129 232
267 336
196 276
103 148
192 301
172 236
165 368
154 205
97 360
100 292
144 283
151 171
133 231
190 353
165 348
140 326
191 394
172 188
9 396
85 221
266 332
163 274
218 226
309 320
108 373
162 333
32 194
77 317
62 379
127 259
288 384
66 306
19 155
144 288
168 337
134 154
133 287
149 347
99 256
143 166
145 214
15 107
169 206
258 379
266 322
43 211
286 359
44 61
333 372
5 398
9 380
183 282
237 363
4 5
28 299
242 326
34 88
192 333
219 308
115 269
274 361
119 162
70 372
117 144
31 72
268 302
64 286
60 340
308 377
74 290
211 356
186 354
123 162
125 313
311 334
53 340
246 309
27 159
335 336
332 388
239 376
79 220
199 265
73 138
40 177
70 323
73 255
155 223
312 323
32 257
14 30
245 394
267 379
275 392
344 394
26 155
189 321
36 54
213 292
237 383
182 292
79 278
40 285
249 326
259 374
32 267
330 333
85 154
11 181
150 327
121 392
40 57
260 303
7 114
150 278
192 397
272 378
244 303
14 65
298 377
67 278
196 248
179 378
109 163
12 347
44 76
35 171
0 373
204 208
193 384
349 351
13 221
84 296
84 306
66 114
190 319
199 233
118 282
34 372
279 323
39 303
239 389
371 384
7 139
28 39
65 227
139 210
185 349
185 270
2 38
38 360
82 267
82 264
86 259
86 288
52 159
52 286
105 278
105 195
58 355
58 78
90 290
90 229
