16.145238
1
27
1
46022
7 71
81 163
37 169
0 168
2 26
156 164
51 122
5 56
1 46
1 40
1 10
0 27
7 35
7 69
14 90
0 119
56 144
129 163
130 134
49 95
141 142
12 156
58 97
163 165
9 56
8 105
7 157
69 163
85 145
84 105
14 162
15 60
16 156
126 141
115 141
59 60
18 24
18 80
18 99
111 134
20 70
105 131
23 52
0 57
26 79
97 136
26 133
97 110
97 104
30 37
73 76
91 134
90 170
90 146
44 57
36 179
36 101
36 60
25 171
48 171
38 148
87 125
148 163
147 148
78 105
102 122
102 158
54 102
35 87
80 102
78 175
28 87
25 87
23 78
76 78
56 148
78 101
77 174
19 107
4 178
22 61
22 62
22 83
22 85
88 109
98 134
98 161
98 179
100 156
13 136
17 62
32 128
41 118
34 128
29 118
13 162
109 158
65 173
65 73
55 98
60 154
109 115
77 118
150 172
156 172
95 109
75 172
60 177
45 90
42 155
37 177
52 151
18 160
47 105
28 166
26 124
74 145
43 97
21 108
66 153
3 120
20 166
1 92
21 42
72 74
151 167
143 153
89 140
89 147
96 134
103 132
127 139
114 120
103 121
31 135
108 161
0 96
68 139
67 106
53 106
87 174
9 113
33 81
41 82
6 83
53 123
55 112
60 86
64 116
66 152
68 94
54 116
134 176
114 123
82 127
86 164
18 117
34 138
112 121
1 176
6 11
171 172
17 171
102 178
36 43
135 171
39 171
22 107
102 159
93 148
109 124
100 106
149 154
36 63
87 137
50 159
50 92
106 152
137 138
