10.999710
18098
14
57
25693
57 96
43 68
27 66
1 48
40 50
62 94
15 94
13 61
25 50
90 93
39 64
59 95
84 95
71 96
54 96
35 96
61 98
1 93
21 43
49 66
1 61
61 74
39 63
67 90
1 9
1 44
35 90
34 89
60 89
38 94
18 50
43 46
2 66
6 90
0 76
37 77
0 69
37 73
37 70
0 65
87 88
55 88
20 78
5 78
38 82
14 79
71 79
26 39
14 26
5 36
8 72
1 58
39 53
53 55
31 86
31 33
22 96
22 66
52 94
43 52
10 46
1 10
29 81
30 41
16 41
41 49
51 95
51 91
39 47
37 47
32 66
32 95
12 61
12 60
4 33
4 30
83 94
0 83
23 42
23 56
45 70
97 99
3 94
50 80
11 43
7 29
7 92
80 82
24 82
82 97
17 74
17 42
36 75
28 58
41 81
72 85
19 28
19 75
11 85
