61.150000
1
66
4
54515
127 202
125 188
83 169
83 209
83 229
83 245
84 123
84 151
84 237
85 221
87 206
88 121
90 158
91 193
80 142
92 132
93 186
94 133
95 123
96 200
97 154
98 166
102 238
104 127
104 210
105 205
106 203
107 238
63 74
50 113
50 179
52 170
54 80
56 126
56 171
56 195
28 244
59 137
60 95
62 139
62 152
62 220
115 143
0 15
67 242
68 186
69 176
70 241
157 159
161 230
72 207
187 219
73 221
74 110
74 208
75 77
76 233
77 163
180 201
156 238
157 196
160 188
160 170
155 206
172 176
170 175
168 225
168 213
167 168
166 233
166 181
72 109
183 233
192 197
193 247
194 230
198 223
205 210
212 245
219 246
224 231
226 241
227 242
233 248
36 62
116 230
117 122
119 128
121 215
121 229
122 221
124 176
124 211
124 219
24 131
81 128
128 136
130 134
65 166
130 140
132 185
133 232
133 234
137 217
141 203
144 157
146 201
147 188
149 224
150 219
154 174
154 236
29 153
28 96
11 56
11 50
10 27
9 190
28 124
28 177
42 165
29 71
8 249
29 118
11 74
30 198
31 127
32 77
33 241
8 103
35 80
57 193
36 72
36 80
8 90
15 218
21 203
20 192
19 95
18 132
22 230
22 241
23 205
91 199
43 206
24 157
24 162
15 86
15 66
14 170
50 82
11 121
25 72
26 192
12 24
27 138
45 141
41 127
41 224
42 45
42 79
46 190
4 176
46 51
130 135
41 128
44 235
7 211
3 224
44 199
27 61
2 190
1 196
44 239
40 53
48 201
7 164
7 182
0 238
6 16
37 242
6 36
6 173
40 148
39 143
47 84
40 240
0 132
6 189
101 218
101 200
49 101
1 101
198 204
130 204
203 204
27 216
40 216
170 216
42 89
83 89
89 192
99 158
22 99
99 212
34 99
44 55
55 201
166 191
74 191
111 186
51 111
111 145
111 117
114 137
84 114
154 243
221 243
120 186
22 120
64 190
64 77
64 95
11 228
36 228
124 184
129 133
0 78
41 58
7 129
17 242
112 193
108 168
17 233
108 206
112 188
188 222
40 178
143 178
167 222
5 71
5 198
58 204
13 89
214 216
38 184
38 214
78 100
13 100
