76.775652
486
91
20
4932
79 270
17 228
228 442
153 318
186 438
229 264
15 26
265 394
189 233
321 419
192 387
213 441
47 180
261 427
5 149
350 378
57 341
22 424
78 228
55 135
362 420
317 409
241 379
95 286
241 286
230 286
79 401
112 401
293 401
265 421
3 228
245 424
258 265
41 228
334 418
164 424
55 424
216 350
39 350
136 388
123 265
285 321
1 321
257 265
267 350
228 322
239 405
353 430
228 382
229 341
233 305
321 337
29 140
20 140
102 140
70 175
12 405
92 405
18 19
19 391
19 120
305 415
65 305
125 341
81 224
26 224
224 444
311 437
153 437
323 437
58 176
49 58
58 136
255 368
158 439
150 227
242 411
4 408
36 404
141 227
260 408
6 411
344 386
390 411
121 392
54 392
173 386
208 431
108 434
9 435
86 439
62 392
212 227
271 386
23 435
304 404
53 431
72 434
11 368
385 434
362 368
148 408
371 435
425 439
139 431
144 350
144 294
133 144
144 244
134 199
50 134
134 351
110 325
240 325
325 430
243 272
221 243
243 263
219 365
214 402
99 365
200 402
187 320
5 320
320 448
77 291
77 185
77 89
145 397
40 397
346 374
119 374
87 332
83 332
332 388
85 396
154 396
91 129
129 186
129 288
170 296
170 247
14 170
170 250
131 276
7 310
207 226
127 246
268 330
201 376
246 287
310 347
276 295
376 443
222 310
178 376
59 302
162 302
51 207
128 207
132 276
330 433
302 324
157 330
196 246
18 167
167 406
167 393
114 313
114 412
114 278
114 258
30 354
30 269
30 251
19 30
48 289
289 361
289 364
13 360
13 215
13 38
71 124
71 96
37 71
25 46
25 204
25 370
78 98
98 290
98 249
352 356
298 352
80 297
80 363
3 80
318 422
375 422
389 422
377 422
174 262
43 166
174 236
174 253
43 97
43 232
181 245
181 237
142 409
181 235
75 142
142 447
35 250
35 118
35 358
177 225
177 317
177 312
111 231
111 327
111 117
69 278
69 292
69 161
331 439
31 73
31 175
31 68
42 446
42 184
42 279
429 436
171 436
77 174
13 30
345 426
63 326
213 326
238 300
252 300
180 426
76 300
334 398
369 398
129 309
44 115
60 281
10 146
44 335
10 70
44 104
60 445
10 384
66 275
66 182
60 137
66 106
147 315
191 315
234 315
309 310
224 315
267 413
256 413
202 357
342 357
373 434
373 411
197 321
100 197
197 361
151 285
197 408
197 386
52 329
308 329
380 410
52 410
294 400
24 400
194 202
252 333
283 349
283 372
47 283
264 283
340 348
107 282
282 366
8 105
56 380
0 56
165 286
126 140
179 274
179 379
190 370
90 203
203 238
64 203
203 442
223 265
156 192
156 418
61 156
156 168
88 152
149 152
218 366
37 254
27 424
27 171
341 399
399 401
343 367
165 392
58 218
218 431
330 373
101 279
109 228
144 399
143 437
333 397
286 423
67 224
299 402
32 355
64 355
165 332
113 414
67 325
19 205
205 375
306 349
217 261
183 277
217 270
306 319
188 416
24 183
248 328
130 188
248 427
74 189
74 381
45 168
74 441
280 405
280 350
45 210
103 414
103 211
129 428
417 435
116 341
93 389
93 337
93 135
138 243
14 160
172 227
365 440
44 309
134 417
167 266
193 404
170 254
223 302
218 246
114 266
303 368
207 399
33 80
66 331
234 316
316 321
23 449
140 449
193 320
77 122
19 163
160 402
303 374
98 206
13 109
2 191
163 404
122 396
309 348
21 305
21 127
144 359
134 359
190 309
155 405
43 407
383 401
43 223
276 307
174 254
352 432
28 331
116 376
94 416
34 242
71 307
10 33
58 94
2 77
338 396
169 344
169 284
113 352
16 195
16 420
138 177
155 365
243 383
69 432
111 440
94 374
60 299
93 331
42 423
197 259
339 373
165 395
151 198
31 172
105 410
407 410
194 301
126 336
156 165
25 34
198 336
254 403
314 343
209 407
82 259
159 339
143 273
159 273
74 428
84 314
220 301
82 220
84 338
