74.204762
1
85
1
3087
188 283
204 272
204 265
203 290
203 233
202 204
200 216
97 159
197 335
197 311
196 296
194 252
192 208
191 333
190 306
206 235
187 347
13 205
21 37
44 206
19 299
47 318
48 293
19 289
19 241
19 105
16 58
14 159
13 258
42 60
170 314
267 330
263 321
263 265
257 296
251 308
170 238
184 322
183 302
180 183
179 197
178 312
174 281
174 266
172 192
13 31
187 222
168 187
167 323
165 263
164 182
162 300
162 292
162 260
161 204
159 268
198 250
207 293
206 264
66 213
38 320
39 98
22 206
21 145
3 228
4 341
4 129
4 83
63 247
63 174
63 306
64 120
65 191
66 123
36 324
66 307
67 68
67 329
61 318
3 108
3 49
9 239
9 236
9 115
9 112
8 27
1 137
2 226
27 121
12 169
52 332
53 118
54 153
54 201
12 87
54 274
12 76
11 182
55 263
24 67
69 326
27 288
30 92
137 181
27 93
26 247
33 250
34 91
34 151
25 77
24 75
1 74
34 259
35 238
36 185
36 265
36 313
96 343
149 320
148 192
125 160
145 334
145 317
145 255
143 343
142 283
140 275
140 230
140 201
139 191
77 348
0 174
150 193
94 226
92 186
92 119
90 251
86 336
84 291
83 235
79 342
97 175
77 319
77 188
74 316
74 210
74 188
128 187
278 336
131 215
136 170
135 312
134 290
133 137
132 285
132 254
132 163
131 340
131 243
138 245
130 140
128 338
282 336
127 296
126 331
126 173
126 141
125 327
125 315
146 306
157 344
156 267
152 320
150 304
150 295
150 273
211 242
240 306
236 342
236 333
236 312
235 318
250 298
231 294
224 283
223 251
221 332
216 270
214 247
212 294
211 262
74 85
291 323
337 344
323 328
318 346
317 342
308 340
303 342
299 339
295 336
294 349
211 219
287 326
283 305
245 248
74 127
73 197
72 131
104 267
122 267
120 325
120 134
117 245
111 182
110 312
109 226
107 259
106 216
159 249
102 299
104 132
244 326
246 344
247 288
247 297
235 245
97 343
98 280
99 203
100 234
100 276
101 183
97 344
28 293
28 100
124 262
124 270
28 111
28 126
32 170
32 162
7 148
7 296
7 299
20 251
113 345
113 192
7 98
67 82
78 144
82 145
113 220
95 144
58 144
144 169
29 269
3 113
29 104
176 217
59 326
60 217
92 195
88 171
23 320
62 84
62 310
81 236
59 66
75 147
69 286
70 209
88 89
125 155
3 271
51 63
125 189
154 277
45 183
43 89
46 147
182 199
23 203
185 261
34 189
35 62
211 253
37 154
40 72
40 177
40 179
41 53
41 166
42 154
131 195
137 225
286 345
10 265
261 299
187 309
271 332
191 253
232 295
229 252
232 338
116 188
235 284
218 226
216 218
253 294
16 88
15 17
250 309
13 225
118 232
57 232
51 97
107 114
54 225
104 114
27 199
56 120
56 265
114 184
301 323
17 269
18 114
19 45
158 170
191 227
50 78
158 343
50 220
103 332
100 227
6 198
5 98
61 103
6 293
28 29
20 256
29 237
81 113
43 70
253 256
225 279
229 301
10 80
71 155
