39.316667
1
45
0
119525
40 162
96 98
78 170
98 167
100 178
48 122
47 127
103 110
47 63
103 163
103 177
43 150
108 116
42 160
42 46
41 70
95 148
108 136
108 150
37 81
109 178
36 117
112 122
113 164
114 155
78 124
34 176
34 171
34 45
34 44
33 122
70 104
69 83
69 113
67 81
66 148
66 138
66 117
65 145
65 141
65 101
65 82
64 125
70 82
81 99
82 103
82 170
116 120
86 138
87 172
90 116
70 174
57 77
56 111
56 81
55 133
54 93
52 144
93 105
51 55
93 124
79 144
148 149
14 88
137 138
14 17
13 172
12 152
139 162
142 172
11 68
11 60
11 25
10 125
9 37
8 77
76 136
146 170
14 118
150 157
6 69
5 162
5 148
3 150
2 168
153 170
1 169
1 39
155 156
1 17
155 171
75 138
74 148
24 92
31 98
30 175
30 165
30 53
116 129
29 144
28 42
27 132
117 173
123 172
125 135
25 91
24 171
24 131
24 97
77 102
22 121
22 107
22 37
21 69
20 136
132 178
133 151
18 117
16 133
134 155
136 154
14 147
115 128
77 94
80 82
80 108
84 140
94 178
96 119
164 179
133 161
143 179
158 159
0 4
35 170
49 125
49 93
47 71
47 59
45 106
42 161
38 125
12 26
37 49
35 172
11 126
14 49
15 122
32 128
30 38
15 162
26 89
26 32
19 26
19 159
23 58
59 62
0 27
71 144
69 72
62 140
2 130
7 66
50 85
59 110
58 168
72 98
58 123
0 21
51 128
50 158
50 111
7 171
73 130
15 166
0 15
61 119
126 166
49 106
