71.750000
1
83
2
16257
106 283
105 277
162 219
110 151
117 265
116 182
115 248
113 232
113 115
112 293
111 283
110 267
119 309
110 147
94 149
164 306
105 236
105 153
104 299
103 268
101 244
128 269
133 271
133 217
133 138
132 346
132 315
132 311
81 186
101 191
127 301
127 246
127 201
124 222
123 289
122 307
120 345
120 206
78 195
84 180
83 328
81 329
131 306
130 286
81 108
79 334
78 265
86 306
77 235
77 121
76 307
75 331
75 296
75 280
74 219
68 307
91 100
245 281
206 212
97 343
95 298
95 177
95 126
94 172
94 159
135 279
92 318
92 232
91 321
91 209
101 109
89 92
210 241
220 345
223 241
228 240
228 283
229 310
234 240
237 264
242 287
206 230
87 128
90 174
293 300
290 328
203 349
202 310
199 233
198 337
198 319
198 224
197 266
275 279
316 345
307 339
299 312
293 333
174 200
99 115
288 309
285 295
190 264
274 345
263 349
262 347
259 264
258 308
253 349
247 334
245 327
148 323
18 58
139 231
160 242
158 182
157 347
157 303
157 276
155 231
166 240
148 254
146 286
145 293
144 286
142 170
140 197
47 270
138 166
180 185
187 328
187 226
187 199
182 252
182 246
181 206
180 340
180 197
1 243
176 323
175 196
53 285
81 120
54 115
173 245
172 249
171 258
169 262
22 297
15 197
51 225
14 65
13 56
33 148
22 54
64 238
174 256
22 69
22 107
51 80
54 310
55 65
31 231
11 286
56 346
11 75
58 228
23 240
58 284
35 132
34 334
19 279
41 123
39 310
38 51
45 196
37 242
47 145
36 283
47 211
56 221
48 119
48 137
65 152
118 343
48 174
48 305
48 317
49 196
50 231
66 309
28 98
24 161
63 142
64 93
4 299
64 213
58 314
29 243
65 224
11 47
24 178
24 306
3 46
2 348
2 282
2 103
25 262
26 142
0 128
27 285
10 44
9 222
8 291
8 258
24 62
59 324
59 344
7 243
6 123
60 77
30 265
28 207
65 114
264 304
110 304
27 304
101 304
15 214
214 262
133 214
135 330
12 251
249 330
251 291
216 330
216 251
57 251
105 136
127 136
24 136
88 219
88 128
85 184
85 208
3 85
88 161
67 215
67 195
193 197
198 294
4 227
77 294
17 187
42 242
42 148
123 193
115 193
17 343
42 65
73 147
43 73
45 167
10 336
255 336
55 336
48 168
168 307
205 334
205 306
21 51
21 95
176 250
21 196
54 278
132 302
192 250
44 273
183 257
194 313
188 243
180 188
24 272
218 309
163 174
16 182
204 326
12 156
272 299
125 142
134 148
64 163
120 189
155 183
143 326
28 125
82 194
59 134
11 320
91 218
2 16
273 332
52 265
20 68
32 241
179 349
179 231
32 92
52 293
72 228
20 261
20 70
285 325
28 335
59 96
328 338
299 335
191 338
208 239
157 165
260 317
222 260
231 341
71 204
141 261
71 114
154 342
102 298
102 245
154 343
61 313
61 219
136 330
17 136
129 304
129 214
88 336
88 320
5 42
278 322
167 189
17 150
214 341
292 302
21 72
150 292
85 165
17 141
40 322
