88.150000
1
97
0
2220
99 207
212 227
213 295
102 247
102 232
102 217
101 160
100 312
99 269
211 214
99 189
214 290
98 132
97 313
97 303
97 127
96 120
217 261
205 233
112 139
197 278
199 331
200 302
109 331
201 224
202 345
203 223
218 295
106 267
105 346
105 300
206 241
105 210
208 265
208 275
210 318
78 245
82 215
230 338
81 260
81 121
81 113
231 257
233 268
78 255
82 249
78 178
77 232
76 236
75 175
73 241
238 273
72 136
71 231
230 247
219 316
220 242
223 270
224 257
224 307
90 179
89 250
89 240
112 332
87 296
87 225
87 118
230 281
84 325
83 87
82 336
151 236
160 330
160 310
159 291
177 315
179 188
156 316
155 312
153 202
162 232
149 302
148 342
147 306
147 234
147 150
179 219
146 287
146 172
171 256
175 344
175 333
175 249
174 286
174 204
173 328
173 262
177 296
145 170
170 339
170 323
177 311
168 295
166 230
165 325
163 256
121 243
133 196
130 233
127 250
125 278
124 191
124 182
121 331
193 246
133 341
120 332
120 301
119 280
194 314
116 325
195 302
197 252
112 337
186 223
144 217
143 241
142 192
180 291
181 184
181 229
181 309
183 326
74 247
187 208
192 268
135 314
192 335
134 284
134 267
134 222
274 342
22 316
21 124
20 214
19 217
273 320
18 164
18 117
18 80
23 24
16 236
16 124
16 73
277 319
15 208
15 99
15 47
14 316
26 119
28 322
267 332
28 131
239 319
27 219
27 92
27 50
27 48
13 284
267 334
25 319
25 273
25 69
24 253
24 202
24 111
273 293
4 34
7 13
6 143
5 271
5 270
5 216
5 57
4 348
4 152
7 41
4 16
3 227
2 317
2 248
2 185
2 122
0 312
1 220
308 314
13 147
13 133
13 48
12 112
11 98
10 339
10 264
10 129
28 123
10 54
9 232
8 298
8 237
8 228
318 342
7 288
7 209
251 267
62 236
61 304
246 285
61 128
61 126
60 69
59 119
247 304
63 120
56 305
56 114
56 88
56 73
55 319
52 233
51 133
29 173
64 256
65 146
65 164
66 278
67 72
244 247
243 326
69 167
69 235
70 94
70 158
70 160
70 161
71 85
71 137
37 272
42 283
42 221
42 190
42 121
40 89
39 81
254 331
259 326
263 282
47 297
37 198
263 324
36 179
35 37
33 246
32 220
31 174
30 78
44 263
45 202
45 291
49 134
46 202
47 53
47 169
43 61
278 349
181 299
176 326
343 347
214 294
241 347
233 279
276 317
224 279
276 292
342 349
227 289
245 276
227 299
252 347
280 349
230 279
89 115
68 325
70 115
71 176
73 107
78 108
82 140
86 347
87 226
68 72
91 219
174 329
93 314
95 98
95 192
95 256
98 157
17 86
2 115
5 104
8 93
10 58
10 289
13 110
15 321
17 72
18 329
24 58
25 327
28 226
37 68
58 177
61 141
103 119
173 176
157 228
146 294
141 246
140 302
140 220
134 349
121 258
119 266
108 295
104 312
108 223
105 294
103 263
102 321
294 340
38 79
107 154
140 258
138 340
176 327
115 266
38 154
91 95
58 79
