24.034542
57
29
76
49640
59 95
52 90
54 59
6 54
24 79
0 57
42 62
101 111
5 111
16 22
31 93
71 109
59 84
39 78
35 74
99 103
46 81
98 99
45 118
28 71
9 97
33 99
42 65
50 64
11 12
108 110
48 104
83 91
16 100
41 57
37 114
37 96
2 88
40 44
40 94
10 40
10 37
27 47
17 46
11 50
16 25
42 69
31 46
75 111
51 91
77 105
12 24
50 115
24 80
40 68
20 110
21 110
38 52
8 20
24 76
23 59
47 58
71 107
52 117
37 60
2 53
49 91
7 9
47 106
57 104
9 39
22 118
19 93
46 116
15 74
13 71
3 6
13 99
6 82
61 74
2 113
29 42
54 74
6 72
79 102
10 102
73 102
66 102
18 43
13 43
8 43
13 56
63 85
85 112
46 89
24 89
9 14
2 119
52 119
36 46
36 77
36 52
36 67
32 57
32 34
32 91
42 92
92 111
4 50
4 110
14 43
16 70
47 70
1 29
1 30
1 48
10 87
54 87
26 56
26 86
55 63
54 55
16 55
32 86
