79.798278
423
96
1980
10723
149 250
31 323
155 379
22 379
113 377
1 6
156 280
77 218
20 355
188 394
13 356
112 321
36 210
163 345
347 395
5 330
1 80
49 301
184 242
270 301
77 289
70 109
59 164
263 384
51 148
306 384
65 286
41 182
165 367
164 341
265 391
77 381
69 216
8 74
142 246
151 315
65 220
167 287
81 266
197 359
224 283
314 392
31 320
56 69
32 166
10 101
83 264
294 299
276 368
299 390
146 313
297 386
170 191
169 298
142 348
330 334
276 346
108 399
25 277
167 375
103 371
331 385
14 296
201 382
21 309
87 138
15 253
70 260
82 128
83 369
190 354
131 147
77 213
60 110
52 206
199 352
65 349
125 330
54 106
54 209
293 399
244 316
232 279
31 221
242 275
148 157
62 192
149 268
129 378
161 210
170 179
136 391
29 380
6 354
123 329
52 121
111 305
124 164
29 335
361 387
165 226
57 149
69 167
7 110
3 108
112 350
129 304
194 311
90 212
314 389
245 308
145 224
177 187
251 293
39 45
261 333
61 374
8 363
156 353
328 330
17 81
15 288
300 305
180 258
172 301
274 365
166 360
21 207
86 320
96 148
102 255
24 73
125 396
1 181
196 259
108 327
143 241
97 358
135 242
71 82
10 177
113 160
1 152
84 166
20 188
8 75
289 385
43 244
154 386
31 231
298 323
37 83
241 317
98 165
61 92
20 370
164 397
24 168
54 116
76 177
54 380
16 352
291 391
134 278
159 359
139 354
261 313
55 61
311 353
303 310
222 396
210 252
81 175
52 279
88 365
313 332
117 212
35 170
193 342
95 242
85 281
293 357
63 351
39 302
30 396
87 115
113 240
113 399
125 192
38 299
171 315
63 178
122 193
12 386
110 364
393 396
37 38
176 192
195 387
179 365
167 236
61 323
192 202
108 271
245 382
185 382
162 298
65 232
284 296
104 385
25 349
273 342
82 312
72 87
64 387
42 196
24 295
219 310
183 241
278 326
99 224
40 170
354 372
25 118
269 353
27 345
135 182
228 260
93 142
97 376
39 347
133 244
97 337
180 196
325 359
101 193
242 257
103 290
69 256
103 398
131 225
11 385
59 276
63 66
211 352
89 304
147 393
105 182
48 131
28 365
298 343
227 278
21 90
344 384
173 212
237 296
94 293
59 359
200 276
29 79
238 314
2 185
81 179
304 339
21 91
153 297
248 281
130 243
120 186
20 340
215 323
223 305
27 204
204 351
97 204
44 59
68 120
100 308
100 344
100 109
100 230
67 263
67 113
229 296
63 229
44 130
110 189
131 189
15 262
60 262
262 386
292 385
292 310
47 292
125 322
83 322
87 322
25 322
58 77
58 193
58 382
247 322
26 58
33 247
132 291
132 151
83 132
26 383
33 186
144 214
102 144
82 144
241 319
212 319
301 319
158 244
119 394
158 241
119 127
53 208
53 378
119 255
23 324
23 123
53 141
23 259
23 240
119 387
383 388
58 153
307 391
243 307
197 249
8 249
198 379
82 198
144 248
50 399
6 50
217 235
95 217
217 273
112 234
201 234
18 381
18 373
9 112
9 166
126 384
126 142
278 336
65 336
189 215
53 340
318 353
304 318
254 313
254 386
137 314
69 137
0 338
0 205
0 13
15 107
107 165
267 385
148 267
305 366
224 366
6 78
78 203
103 282
182 282
167 285
210 285
8 285
34 149
34 39
29 34
46 280
46 174
34 388
19 258
19 140
4 194
4 272
239 362
24 150
54 150
239 333
114 179
114 125
233 387
233 352
68 223
23 204
100 319
53 132
0 189
