3.000000
202
10
142
2252
38 67
66 71
38 42
1 93
41 66
14 69
2 5
12 32
5 64
56 65
13 65
13 98
23 61
34 74
33 66
62 98
6 89
12 59
12 64
31 82
56 91
21 51
1 32
5 57
2 74
14 38
66 67
38 86
6 48
15 60
15 27
44 96
6 39
4 66
0 47
1 36
1 27
1 40
68 77
25 77
58 62
1 7
14 30
49 97
75 91
43 96
36 83
45 81
12 43
18 45
35 60
1 79
34 84
46 49
78 88
5 8
38 70
3 81
47 85
25 71
72 79
20 82
37 79
12 29
66 75
12 22
79 92
21 39
20 79
11 82
38 80
14 54
9 42
6 97
0 78
54 72
17 88
44 73
19 61
28 60
6 18
60 95
26 60
23 90
26 90
16 59
16 85
53 82
53 94
55 94
3 55
76 79
76 99
63 73
28 87
10 19
10 52
24 93
24 50
