13.000000
693
26
3
31203
49 69
7 118
99 171
156 157
46 155
145 150
26 74
79 137
26 44
40 100
39 89
126 135
88 137
58 157
120 174
4 140
119 126
79 164
79 173
7 72
157 170
57 94
26 112
65 75
29 86
50 140
60 77
10 33
106 126
62 88
12 69
13 140
14 105
67 94
103 157
33 92
20 99
7 161
99 134
65 108
87 111
31 88
28 29
65 174
88 111
29 89
107 153
79 107
107 133
7 107
48 107
46 129
129 150
129 166
121 129
91 129
34 130
21 54
21 83
52 83
21 56
52 66
14 162
116 178
154 162
105 178
43 162
47 61
58 61
120 152
87 168
77 168
40 168
168 172
70 126
65 159
157 159
79 159
18 48
16 18
18 128
117 169
115 169
132 169
15 141
2 73
37 146
37 98
37 166
51 149
73 149
8 125
47 125
33 82
82 106
101 176
99 113
94 148
71 96
84 143
1 24
42 140
19 33
0 5
1 123
66 136
104 136
7 76
41 163
60 163
29 114
117 175
26 81
32 76
69 114
56 139
155 175
98 151
102 172
97 153
91 97
88 122
79 160
63 134
17 93
17 138
23 95
38 123
78 161
131 142
38 88
25 39
23 133
78 127
130 159
152 178
113 130
42 129
52 59
19 52
21 22
2 162
94 167
26 110
41 177
79 179
69 147
116 167
65 147
69 110
107 139
27 154
109 144
11 65
9 128
107 124
6 45
6 115
30 93
3 130
84 159
59 141
70 131
18 165
96 151
52 68
85 130
64 176
158 178
64 122
109 169
2 35
37 90
2 53
55 148
0 80
25 80
36 158
9 30
