112.066667
1
122
1
15854
9 414
463 467
461 478
5 228
5 272
5 387
443 495
6 403
418 479
8 54
8 270
470 478
437 447
10 338
436 496
3 180
239 474
424 468
419 482
7 75
388 433
38 257
19 447
415 439
233 333
15 140
232 482
15 266
15 361
15 446
45 473
17 465
18 312
39 79
20 163
21 33
21 71
21 157
21 419
22 340
23 415
16 412
478 495
3 317
34 337
25 315
26 442
27 53
28 297
409 410
29 130
30 75
31 96
390 467
32 333
409 477
231 454
404 406
403 491
400 434
36 217
242 291
229 282
391 403
31 143
152 452
43 121
242 445
40 82
40 152
40 312
3 167
41 252
382 403
412 462
372 482
371 440
416 465
371 391
43 408
43 449
44 308
226 418
45 343
45 350
379 413
24 443
224 395
47 393
366 387
47 447
48 60
48 237
48 264
226 273
49 257
52 198
50 244
47 55
50 496
362 475
362 411
362 392
224 323
3 68
52 120
52 149
50 217
77 113
57 248
359 389
53 135
53 448
54 114
54 349
224 243
55 169
55 356
2 342
56 492
78 84
58 62
59 384
61 80
62 160
62 185
358 406
63 150
63 162
55 381
46 383
70 282
64 377
342 430
341 417
340 499
337 499
336 351
66 312
330 468
76 88
69 394
351 450
326 442
72 466
325 333
324 393
223 265
74 406
75 208
75 229
480 496
241 454
82 126
79 254
79 274
79 342
79 495
320 347
80 352
319 414
63 275
81 453
82 108
248 484
82 247
82 345
83 443
84 111
221 248
84 425
84 454
81 310
354 414
218 366
87 225
315 348
87 319
87 367
220 371
88 190
88 295
219 369
219 267
216 442
86 388
217 429
90 454
91 155
92 101
92 138
93 315
94 312
308 385
217 306
310 487
298 402
97 443
98 197
99 394
100 384
101 287
102 155
103 197
215 474
104 413
138 183
128 496
298 329
297 338
294 357
107 447
294 344
294 299
110 192
110 378
293 468
105 339
286 415
113 189
246 434
113 244
115 314
116 255
117 366
118 377
119 388
213 371
127 412
112 174
123 127
123 327
123 407
123 460
124 308
125 339
126 467
127 252
287 335
153 393
281 426
129 204
211 242
129 296
129 493
130 307
130 331
130 465
283 414
130 476
110 488
154 340
281 421
281 419
279 401
133 282
279 399
134 383
135 438
136 301
137 412
131 279
273 466
139 474
141 341
142 359
143 276
143 485
144 339
279 346
145 351
152 222
277 492
138 472
147 266
249 465
271 418
0 287
250 478
149 394
151 409
152 187
278 320
188 434
163 427
155 207
251 392
156 434
266 391
266 280
159 342
161 177
85 300
209 273
163 400
176 191
164 273
165 298
166 266
168 482
170 359
171 313
171 492
162 377
138 343
177 475
172 494
265 433
265 431
265 288
263 368
263 326
174 353
175 301
186 252
177 318
206 314
178 229
178 321
178 397
178 451
179 219
181 394
182 413
184 384
301 497
191 230
172 400
172 422
191 481
263 303
193 219
193 341
194 279
252 423
262 282
172 199
203 338
196 310
258 377
197 317
200 320
257 471
255 376
255 383
255 444
261 337
259 362
65 243
65 355
67 285
65 238
202 373
202 320
202 300
202 270
173 240
173 438
285 460
65 236
96 173
25 65
88 173
63 374
63 289
67 334
48 289
62 435
311 334
310 374
11 334
23 455
155 374
104 289
235 333
235 355
145 316
329 334
418 435
12 52
1 458
122 394
3 305
122 492
35 50
129 260
229 332
12 351
13 458
201 398
146 298
29 109
127 328
84 146
174 214
191 486
43 158
194 428
35 85
35 399
35 464
37 138
37 279
39 214
89 366
42 143
42 174
42 415
414 489
205 253
210 301
210 342
47 405
212 391
50 332
40 490
158 377
413 459
292 384
255 459
284 474
284 294
273 292
268 453
268 380
265 469
263 305
260 314
490 495
428 456
89 362
406 441
398 498
383 489
364 400
363 388
360 386
359 363
315 363
302 442
245 341
248 441
242 486
302 338
95 409
51 320
106 219
106 308
109 251
110 469
51 339
51 465
53 73
309 360
80 95
73 468
148 419
11 432
234 340
322 393
38 227
314 432
386 420
4 383
127 269
133 396
248 322
290 333
263 269
299 483
173 202
234 331
4 498
191 370
163 370
430 483
9 420
80 396
14 184
227 281
1 322
202 289
285 374
285 363
195 285
65 245
132 289
375 455
316 375
148 455
253 455
256 455
51 304
42 365
195 364
405 457
132 457
212 256
14 290
