55.229414
152
77
8
4090
78 195
21 226
64 325
62 324
12 26
27 311
211 342
138 376
222 235
131 176
65 204
308 356
340 349
177 208
328 363
33 101
181 307
286 331
199 260
262 375
92 375
291 375
305 315
200 305
235 305
76 305
385 393
179 393
122 393
233 393
272 350
160 350
5 350
35 257
35 90
35 373
35 68
44 261
1 261
104 383
104 326
104 310
117 266
16 117
117 336
117 151
50 100
100 164
82 100
72 398
72 364
71 72
62 394
36 394
79 394
20 345
20 165
20 268
330 384
307 384
227 384
63 254
63 248
63 97
63 115
14 236
65 192
192 245
192 369
236 329
192 364
236 298
77 281
99 281
21 347
145 347
40 347
204 281
75 362
9 362
23 362
220 389
74 389
265 367
355 360
280 367
185 371
238 360
319 367
251 344
277 371
232 371
113 360
202 221
107 221
213 344
87 389
59 221
81 180
81 315
81 253
201 337
201 397
201 264
52 332
52 73
52 392
10 276
108 299
276 325
46 276
299 301
195 299
241 314
95 196
95 101
95 209
242 380
17 341
208 341
250 341
269 341
278 340
278 352
138 278
48 365
70 323
203 323
124 323
19 377
19 395
19 327
190 260
151 190
190 354
124 193
159 193
103 139
149 223
45 139
7 218
139 228
170 230
218 219
69 170
287 292
244 269
244 306
143 244
18 223
216 287
223 390
224 287
37 233
37 358
37 66
35 261
29 242
29 345
29 226
141 210
141 194
141 291
83 197
70 83
123 274
129 378
96 129
129 237
289 316
28 297
89 126
22 109
11 207
6 168
102 167
11 47
167 381
167 174
24 317
24 153
89 370
198 215
28 85
198 249
118 264
289 396
6 295
118 285
118 309
22 247
53 198
11 125
6 256
152 289
60 205
60 130
60 110
186 387
252 356
49 164
49 176
252 343
127 252
49 366
184 211
55 184
243 372
199 279
358 388
47 137
8 197
8 284
321 343
284 391
114 318
33 318
222 320
140 391
234 290
133 290
206 348
121 386
0 57
0 5
157 205
0 175
0 78
39 128
234 302
183 267
183 351
183 231
93 158
93 112
93 313
311 335
308 335
41 335
240 353
115 353
64 368
357 368
15 54
225 241
148 312
54 273
359 386
169 225
312 331
106 359
295 334
128 375
27 38
38 324
72 182
56 117
91 275
91 348
86 131
12 188
296 338
212 293
86 258
293 349
188 282
19 104
104 190
51 351
135 374
67 271
3 363
67 179
67 342
43 378
42 328
42 61
42 48
43 194
135 294
135 286
3 288
136 393
380 384
252 350
56 182
146 305
51 375
314 371
294 379
159 214
361 382
16 147
66 105
201 365
29 182
56 287
56 139
34 350
141 182
35 270
32 134
2 112
9 162
172 250
144 396
150 254
162 352
31 373
15 173
173 397
88 166
261 263
28 182
63 206
104 178
206 236
281 302
117 334
259 362
259 360
34 72
6 314
89 314
4 100
121 367
128 344
263 394
132 347
171 236
187 365
13 375
142 190
157 278
4 192
13 305
63 255
137 339
29 372
157 223
141 186
218 302
178 201
81 171
56 111
217 299
261 382
191 276
142 167
98 323
121 129
244 270
155 221
198 206
25 81
22 128
37 346
37 98
52 58
111 339
94 339
333 389
58 95
189 339
0 157
19 155
104 229
300 335
170 283
333 365
100 163
116 388
120 321
30 187
84 157
201 379
246 302
121 161
118 283
30 116
25 93
84 191
183 239
314 399
95 154
24 214
37 156
188 346
322 339
32 339
123 163
239 296
279 304
80 300
88 320
189 303
119 188
144 229
2 154
