12.176190
1
24
0
2765
54 84
17 64
17 90
17 92
21 53
22 57
24 77
28 77
30 58
30 86
34 84
41 77
42 138
44 138
53 124
1 53
57 74
57 103
72 137
78 81
81 85
81 105
81 129
82 109
83 138
84 126
90 96
97 104
97 118
138 139
7 109
0 109
3 9
4 9
4 12
4 19
5 40
5 100
5 125
14 97
91 121
6 37
57 59
56 91
55 94
53 127
17 121
87 88
88 119
52 53
16 55
82 95
49 99
96 133
2 107
2 65
98 134
46 48
102 130
45 97
102 132
78 122
71 72
70 138
70 114
20 52
68 114
68 106
67 136
66 94
76 101
63 131
21 110
63 98
5 65
18 77
62 71
61 113
61 107
60 100
81 127
4 120
59 97
59 84
33 93
111 122
25 89
35 76
112 128
11 134
34 75
26 29
122 132
33 129
33 123
35 131
32 119
31 136
31 33
30 135
13 29
13 94
15 80
28 60
27 123
23 119
44 94
43 101
43 52
8 107
10 133
22 135
42 79
11 116
39 116
23 95
36 69
15 30
37 134
25 56
36 137
36 117
36 80
73 79
120 127
75 112
119 135
115 135
94 122
107 127
99 113
38 110
47 127
47 50
46 89
46 51
45 108
38 115
36 51
