35.583333
1
41
0
108116
67 104
64 78
64 108
65 134
66 72
66 100
66 111
66 156
67 94
63 107
68 154
69 117
69 151
71 93
71 134
76 80
77 112
52 140
40 73
40 158
41 135
43 145
45 128
46 92
49 122
50 68
80 123
53 133
57 69
58 114
60 61
60 148
62 80
63 70
130 145
103 114
105 119
106 122
108 120
109 119
112 152
113 132
114 118
102 115
133 155
135 137
136 142
136 143
138 148
145 157
147 149
1 135
101 126
99 140
97 150
97 124
97 98
92 125
92 116
90 134
88 115
86 105
85 154
84 119
83 134
81 132
80 154
20 63
33 67
32 108
14 59
10 110
10 129
31 147
10 159
18 31
12 40
19 31
14 156
29 126
14 55
28 122
26 132
12 119
12 140
14 27
24 119
23 136
13 93
3 127
0 154
15 78
16 140
3 4
15 37
3 50
39 40
15 21
36 45
5 93
6 112
17 81
7 93
35 126
34 60
9 35
9 45
79 114
82 115
82 133
74 132
8 92
2 47
144 146
141 149
138 141
3 74
126 139
122 139
87 91
10 54
10 79
11 42
96 154
96 136
89 141
51 69
30 43
60 153
30 44
31 144
56 87
54 135
51 145
51 80
15 139
47 156
47 109
47 91
46 75
45 82
42 44
38 156
67 153
71 131
74 112
17 87
71 87
75 145
70 95
76 141
22 41
22 133
25 97
25 108
38 48
95 121
82 121
131 139
