94.833333
1
108
10
12309
219 373
142 360
116 404
115 436
115 402
115 230
115 194
113 343
245 297
113 192
144 246
118 239
112 261
112 248
237 314
238 443
240 384
243 323
113 310
221 391
165 217
165 185
208 374
130 271
129 425
246 324
128 281
137 294
166 186
207 382
108 397
256 280
81 447
83 356
273 318
229 420
249 269
127 386
224 279
259 425
119 184
87 396
96 404
95 112
93 397
256 381
257 322
268 289
89 163
120 443
262 380
263 329
97 233
87 169
85 307
85 207
267 306
91 149
100 317
108 354
251 294
124 288
124 359
125 289
232 245
229 442
254 377
101 276
101 255
100 164
100 105
104 159
103 140
102 323
245 328
271 320
135 307
193 246
0 40
98 101
97 449
97 348
256 283
178 221
200 369
196 257
176 196
134 145
228 404
182 374
182 281
201 405
181 223
180 267
200 291
184 231
189 354
177 404
198 406
219 232
199 269
174 432
172 383
172 346
172 319
172 173
190 242
191 445
200 228
198 290
199 271
197 273
195 425
186 278
171 229
216 440
146 279
146 246
146 190
155 358
191 362
191 222
191 204
152 353
151 287
204 273
200 277
198 364
202 416
191 406
155 179
215 356
216 253
190 441
99 427
182 386
99 228
139 379
221 313
156 379
145 447
145 414
201 298
122 269
60 376
64 412
7 334
36 247
408 416
162 184
204 443
205 267
145 366
25 68
210 373
211 237
213 425
214 305
157 399
157 367
353 444
157 345
157 260
263 360
31 411
31 82
31 37
30 87
344 432
350 429
214 419
416 437
23 66
43 199
373 426
22 379
21 400
25 437
25 351
339 436
362 440
363 436
10 229
4 66
5 360
6 143
21 118
20 272
40 99
25 54
163 206
34 103
81 236
41 294
20 244
319 377
326 353
38 356
36 356
77 421
35 354
43 107
33 269
335 377
3 99
10 155
9 423
8 13
77 300
76 251
15 143
2 423
409 436
43 311
43 431
44 216
45 301
45 312
63 439
286 331
7 57
20 147
19 350
2 115
2 31
415 423
64 410
64 220
357 430
378 423
16 443
42 271
385 432
45 325
46 429
1 265
18 151
81 158
374 417
10 354
397 448
62 273
303 344
386 401
13 434
386 433
18 123
18 52
13 195
7 275
304 397
65 149
76 94
117 339
237 247
113 154
163 287
141 289
354 388
81 90
66 292
66 448
294 413
61 165
76 106
76 133
72 187
310 323
71 143
72 349
69 148
69 150
69 215
69 319
69 390
72 315
1 371
70 216
59 149
317 449
307 407
49 194
281 316
309 374
279 395
48 167
1 392
12 350
79 124
79 255
46 329
46 168
46 86
80 118
11 186
51 196
53 149
281 357
73 77
73 214
50 377
307 361
55 155
58 207
56 190
17 347
181 368
121 368
169 368
347 432
307 347
157 347
331 368
163 332
25 332
285 332
225 256
207 225
13 225
104 212
161 212
167 212
112 393
75 393
302 312
199 302
258 342
251 342
223 342
159 418
274 293
266 327
342 367
114 293
28 418
292 293
327 439
53 418
14 327
78 217
84 337
84 289
84 124
228 338
60 389
389 435
0 389
368 393
1 428
237 428
64 428
18 250
114 422
46 422
201 250
143 365
360 365
227 245
198 227
129 227
20 387
163 387
146 241
32 113
32 299
72 330
100 330
138 400
47 138
302 393
7 336
101 336
148 398
226 375
27 240
267 282
45 282
27 447
48 375
136 398
10 352
27 117
27 380
111 149
111 397
160 322
160 337
227 332
341 379
103 341
296 355
355 376
333 424
67 333
393 418
87 295
186 295
139 284
284 321
153 372
63 153
77 394
2 264
97 234
251 340
234 323
132 286
340 447
110 132
209 353
196 209
302 428
109 113
109 184
24 66
24 118
74 350
131 182
131 204
74 221
244 370
103 438
203 370
26 67
11 26
14 29
29 279
88 225
126 302
235 265
235 379
188 252
39 77
170 350
170 323
39 65
78 92
183 293
84 270
78 175
338 446
188 332
225 403
241 308
78 218
175 394
126 270
264 308
88 446
