67.789899
54
93
34
6003
255 366
7 392
115 463
221 230
9 457
23 428
154 456
346 428
72 87
73 239
172 482
196 413
148 251
461 483
148 303
70 196
47 148
68 115
324 382
180 296
239 472
219 296
323 356
40 154
133 422
300 374
27 323
178 269
196 250
244 313
38 59
59 263
213 252
368 392
319 482
452 491
230 380
118 216
11 55
141 392
144 358
288 345
55 350
104 239
126 452
72 100
152 283
76 118
256 276
389 434
55 191
14 128
128 168
128 233
464 475
296 426
152 297
152 222
464 476
228 378
28 195
247 290
247 370
228 467
214 228
195 442
195 207
167 247
367 462
398 443
154 235
55 412
154 162
276 336
209 489
375 490
63 115
90 323
215 374
388 491
62 283
129 493
27 218
334 428
152 202
181 389
20 452
33 363
374 484
441 464
230 305
118 397
235 417
71 267
322 418
197 389
103 372
282 382
81 131
320 462
62 213
260 315
266 422
259 432
4 320
178 414
253 315
102 185
21 366
5 301
245 428
96 169
51 355
177 363
164 492
420 491
92 196
124 422
68 379
314 493
131 259
87 382
53 462
103 315
93 322
196 337
119 235
376 461
101 385
4 177
325 431
142 495
348 431
213 234
4 220
301 421
278 489
156 301
178 182
218 493
395 457
66 301
254 489
116 462
11 301
452 470
153 231
406 459
340 461
36 447
26 345
156 295
41 156
81 457
6 259
113 482
18 213
94 276
35 349
34 347
173 322
88 188
156 455
135 164
275 345
8 88
88 351
148 201
393 431
72 496
82 178
120 394
116 120
4 15
450 459
227 363
268 434
101 265
265 478
120 127
265 468
51 371
35 51
123 286
123 252
123 445
150 186
150 179
150 328
150 317
112 427
112 223
112 458
125 326
125 479
125 273
171 179
171 289
171 409
171 225
16 247
16 392
147 153
147 440
147 453
297 454
267 454
198 498
216 498
337 498
473 498
16 112
75 477
308 477
313 437
50 437
309 437
31 399
60 205
10 29
37 174
60 161
31 107
37 208
10 411
10 206
31 430
37 312
60 293
325 436
140 436
79 281
71 281
182 281
32 401
30 401
163 270
163 487
105 163
96 488
274 488
198 488
185 333
333 357
262 333
226 439
347 439
108 192
192 451
217 232
232 233
56 264
138 306
170 284
97 284
36 480
480 494
224 311
330 460
89 200
330 402
217 330
144 211
211 339
34 211
386 424
280 390
280 405
84 229
242 383
229 499
229 379
178 242
142 280
57 166
166 495
384 483
32 429
210 261
261 344
95 261
1 158
47 158
158 327
158 443
99 158
72 257
132 246
1 246
108 159
159 187
159 189
159 419
159 358
364 400
102 364
189 237
80 105
80 449
196 237
237 459
98 120
237 323
98 326
170 237
404 466
122 190
50 91
143 497
117 243
84 249
249 360
151 381
51 435
381 407
344 381
210 291
194 315
39 407
52 125
123 194
12 461
12 118
268 338
236 338
19 361
19 383
136 431
136 276
44 140
44 482
83 150
422 469
115 175
149 433
88 149
134 203
42 386
54 74
54 349
42 169
42 396
42 308
54 327
54 137
86 143
46 374
86 157
86 117
46 462
98 171
146 154
55 146
48 156
48 390
24 433
24 353
152 365
259 365
58 457
58 239
223 299
75 299
69 145
69 212
248 352
248 321
4 342
4 45
23 45
125 175
321 369
16 204
302 428
294 464
72 294
448 491
265 448
389 481
279 485
121 279
111 474
111 385
241 343
241 462
199 363
235 271
130 487
331 467
59 160
230 423
155 491
285 366
272 410
228 238
322 416
230 304
183 387
184 425
238 489
74 183
310 366
329 410
148 416
13 296
13 235
307 329
3 471
213 304
0 85
0 398
109 498
72 176
59 287
176 322
287 319
106 341
109 437
195 316
49 317
25 408
59 114
240 447
240 298
49 78
25 404
164 316
128 316
240 375
318 345
277 403
391 485
292 441
292 311
188 193
164 193
43 491
43 132
335 354
335 343
31 48
37 65
89 163
163 424
147 302
67 165
139 382
139 145
65 281
80 359
89 110
423 498
264 444
52 204
77 444
98 306
77 257
10 114
415 466
98 446
60 362
22 237
22 466
2 438
83 330
2 359
190 497
190 291
39 466
381 435
332 446
48 229
80 377
364 469
373 401
481 488
163 272
277 401
285 333
224 369
64 438
89 258
17 280
229 486
280 373
261 331
61 364
166 391
318 429
61 80
362 384
377 465
199 203
106 342
67 91
155 160
130 184
240 310
3 362
