41.000000
538
66
2
8212
266 354
273 321
110 252
115 292
116 352
119 246
121 199
122 141
123 258
125 182
126 220
129 292
131 340
134 285
136 366
106 345
140 317
141 286
143 229
143 252
143 357
145 352
148 236
150 310
153 321
158 206
162 293
236 263
169 340
172 345
81 121
45 290
46 186
48 121
49 266
52 317
73 233
90 266
91 219
64 345
65 310
69 184
72 232
73 156
73 218
56 295
174 234
82 285
83 294
84 244
84 248
84 272
86 181
185 242
62 285
91 257
94 141
95 236
100 225
103 232
291 302
232 299
235 340
174 242
246 388
250 356
254 266
256 352
258 343
264 387
266 320
211 227
276 289
289 329
230 294
292 301
315 358
315 379
317 389
321 351
321 372
322 351
322 365
322 397
356 399
363 366
366 371
377 387
387 390
204 345
166 315
174 307
175 293
179 274
180 356
183 224
184 283
184 398
28 198
187 219
188 318
191 279
195 310
196 225
0 164
205 208
207 220
225 313
225 378
212 252
217 274
219 239
219 384
220 326
222 294
224 362
23 258
109 181
227 359
16 385
38 380
38 45
33 143
30 46
44 165
139 181
6 274
22 236
19 195
18 44
14 289
12 227
7 294
24 44
2 224
1 387
1 292
1 220
0 226
0 9
45 112
133 287
225 287
317 325
88 325
33 68
68 330
68 281
193 325
54 261
54 141
280 345
280 334
176 369
318 369
60 386
151 369
198 386
294 300
300 323
170 295
84 192
200 300
300 340
12 192
8 170
120 170
19 170
111 118
117 312
97 118
117 157
4 160
44 130
11 160
117 193
43 117
130 284
130 219
118 184
118 161
160 281
144 337
333 368
302 368
127 368
49 75
10 75
53 75
104 320
104 142
101 178
48 104
104 255
168 269
168 383
168 241
168 334
132 324
149 364
129 364
240 308
263 298
173 364
113 298
47 324
227 367
143 346
16 308
322 346
257 339
10 20
339 396
1 105
184 245
245 266
28 31
31 206
111 171
181 374
17 41
20 177
41 188
74 166
36 228
189 321
215 258
128 366
189 274
155 312
27 89
27 133
74 144
138 218
185 336
284 336
80 336
153 335
96 335
335 385
135 249
71 293
71 352
107 279
107 316
125 253
77 221
331 382
191 221
194 348
222 382
310 370
261 361
201 253
314 330
236 305
241 296
202 296
267 314
209 237
209 338
209 270
158 247
341 361
46 370
246 305
45 342
87 247
285 348
29 121
231 394
152 205
142 360
176 332
306 317
214 231
63 393
332 347
0 306
57 353
58 214
56 163
108 303
8 63
163 182
51 152
13 315
37 139
42 174
13 73
85 102
146 289
146 340
93 208
25 345
61 230
67 355
114 293
79 328
319 380
66 157
3 232
42 356
3 285
39 375
98 224
85 194
39 313
37 333
92 300
54 386
92 160
287 368
75 287
130 170
92 251
238 325
164 311
237 391
116 271
274 288
315 381
72 210
6 216
202 260
200 282
120 203
15 243
46 243
173 381
246 373
252 376
252 349
11 395
322 350
14 210
227 265
285 373
54 277
34 84
213 269
124 132
106 124
97 137
5 227
21 58
137 252
197 255
50 285
280 304
178 369
159 338
40 223
154 258
154 371
40 219
26 280
35 386
59 192
130 171
35 192
118 128
59 160
36 160
287 319
68 107
303 325
55 68
280 353
280 360
93 280
238 364
147 192
26 78
117 297
79 130
287 311
249 277
32 287
167 374
138 209
262 304
105 268
67 215
92 344
70 325
159 369
118 259
98 392
262 392
25 394
327 337
66 114
75 309
78 190
99 249
147 278
275 350
76 278
