85.450000
1
99
1
22469
30 356
116 228
192 340
192 220
189 272
189 236
187 367
184 353
184 263
184 205
183 192
41 194
28 167
30 191
30 213
30 322
198 212
31 301
32 95
34 298
34 300
35 189
36 347
37 123
38 273
85 131
38 390
27 325
41 214
41 377
43 60
43 204
161 240
164 289
181 270
180 301
179 277
177 338
172 376
172 327
172 299
169 193
167 346
165 210
182 398
164 235
164 208
161 334
45 97
160 301
159 218
158 175
156 365
156 323
193 394
218 345
215 339
207 364
204 230
201 380
201 375
201 356
201 314
199 218
63 292
16 204
17 398
18 324
19 38
20 89
21 333
27 50
27 233
73 204
75 359
63 349
70 161
76 270
77 198
74 187
15 392
69 158
61 89
60 151
83 151
66 150
68 255
68 190
66 229
59 338
82 86
81 207
79 279
67 161
79 116
66 363
3 46
46 48
46 126
47 68
50 72
54 247
56 103
56 162
56 171
57 86
13 33
1 97
2 106
2 174
2 248
2 280
131 311
5 169
6 33
7 26
7 290
9 141
9 279
9 326
10 270
11 99
38 356
13 219
13 329
14 333
15 307
15 371
135 169
98 361
98 385
99 221
99 336
93 305
132 261
132 300
132 317
98 130
137 185
137 224
137 262
137 264
142 324
0 63
145 366
146 165
97 283
96 107
95 257
95 254
94 298
100 145
92 276
91 183
90 172
89 140
89 106
88 341
87 379
87 348
87 316
122 347
277 393
124 154
129 386
129 294
129 275
129 158
126 205
125 247
124 399
124 328
124 319
131 370
123 328
123 302
123 269
284 324
119 344
119 267
119 240
119 210
118 165
116 321
145 251
156 181
155 158
152 167
149 243
148 398
148 218
148 204
147 151
359 387
245 331
276 382
243 275
243 260
240 339
234 351
232 285
230 337
230 281
229 248
227 298
223 245
312 339
391 397
359 396
108 285
350 389
350 384
346 361
343 391
341 352
339 355
318 341
222 291
305 308
303 333
291 328
287 347
286 291
285 357
285 315
247 378
86 127
115 198
112 168
112 113
111 230
110 277
109 299
109 278
109 166
109 114
108 359
156 195
108 192
107 246
106 341
104 245
105 305
245 332
249 367
250 398
259 367
270 354
271 338
276 304
243 306
102 136
102 196
102 313
102 331
274 291
15 268
268 336
238 282
9 297
234 239
238 239
106 231
95 253
265 342
169 253
244 253
258 356
217 243
4 301
131 217
46 117
117 347
87 117
124 217
4 86
4 129
144 342
148 231
7 117
103 297
184 253
23 342
27 297
25 239
120 299
132 241
53 78
24 188
40 116
195 383
107 360
84 164
121 240
51 358
91 372
388 395
84 330
299 335
305 310
137 310
63 242
22 324
288 358
189 368
41 360
145 241
200 391
143 372
108 121
295 373
6 383
66 242
52 226
39 98
156 362
39 350
158 200
153 369
320 383
330 369
331 383
237 252
203 369
202 390
101 164
22 68
80 151
13 211
276 368
29 331
237 381
80 112
49 244
225 328
178 394
176 178
97 362
226 296
226 293
78 351
165 211
173 216
49 74
206 247
49 262
266 358
202 288
99 206
101 198
211 298
22 277
209 338
207 209
72 188
139 153
47 134
44 115
134 207
133 395
256 350
21 65
107 163
62 392
42 51
65 247
163 381
62 391
139 382
12 107
57 374
58 64
58 179
7 12
157 333
23 133
170 347
44 293
256 265
157 296
138 268
8 342
8 297
4 258
49 268
55 253
128 138
117 309
29 217
297 358
186 282
22 55
80 173
71 225
80 309
120 388
40 295
71 186
78 197
