63.215871
69
81
12
6636
0 209
20 374
4 48
105 184
27 276
15 241
122 360
19 203
302 365
305 334
82 313
36 277
197 288
5 288
79 288
154 288
53 246
79 318
80 304
29 86
193 353
180 235
105 235
137 235
318 325
144 325
109 325
357 359
359 383
335 359
256 359
74 221
115 130
215 221
130 378
36 130
213 221
83 130
37 111
132 363
210 398
127 363
111 214
270 363
216 398
363 367
194 398
74 111
77 206
206 261
100 150
47 150
150 330
345 353
94 345
170 345
255 266
266 320
90 125
124 266
75 259
21 90
266 275
0 259
259 265
4 269
38 269
173 269
12 254
12 54
12 126
10 12
314 315
41 314
314 370
314 391
122 310
237 310
201 310
205 271
182 321
177 321
329 377
157 316
350 379
366 379
209 354
149 316
123 354
8 377
309 354
140 340
95 271
174 340
358 377
273 321
2 340
50 271
311 379
30 316
22 153
22 303
53 299
299 394
155 299
146 373
146 264
146 279
178 224
224 287
224 263
147 260
147 158
121 147
147 274
72 156
113 226
113 247
135 276
108 135
135 338
113 356
113 324
284 306
116 306
281 291
306 385
51 291
120 240
240 293
19 240
268 334
234 268
49 268
40 56
40 128
40 52
40 124
31 212
31 399
31 98
31 78
143 285
68 204
101 171
244 351
165 395
45 211
211 339
204 222
171 337
204 304
285 300
43 165
161 285
239 244
67 165
195 211
146 325
249 390
249 386
249 397
249 396
72 221
27 84
84 218
84 192
179 248
103 131
28 176
295 352
119 197
119 190
103 107
179 217
39 62
62 102
85 103
176 301
62 207
119 283
87 242
295 341
176 286
65 278
278 290
267 295
110 179
87 89
278 344
331 399
64 331
302 331
60 331
24 139
104 139
55 139
141 142
54 141
70 141
104 393
393 397
9 86
9 227
9 160
9 129
228 328
247 328
328 330
88 328
184 372
277 319
294 372
106 319
26 272
26 256
26 347
16 71
16 91
23 376
16 159
23 34
23 389
298 375
346 375
72 271
6 373
15 355
32 355
61 355
364 382
365 382
196 360
196 246
139 398
167 374
167 231
167 186
163 167
18 126
198 298
96 335
96 203
96 312
99 225
59 361
93 160
59 164
181 243
156 243
60 202
257 342
233 386
129 257
136 233
41 191
202 231
191 307
297 369
3 297
152 384
232 384
189 230
188 189
99 235
111 323
221 371
162 225
200 322
200 313
58 250
168 280
13 168
48 200
162 305
58 343
29 58
172 238
238 245
238 296
175 260
175 332
92 208
92 115
46 69
92 134
206 323
81 145
81 82
42 183
377 393
62 72
150 151
24 253
25 219
186 229
208 229
116 219
33 72
252 310
93 266
130 185
42 235
258 359
259 262
232 251
148 363
23 72
99 354
22 138
73 345
59 146
118 288
315 333
166 216
317 369
245 317
112 142
333 343
44 361
76 226
138 224
135 220
138 306
150 169
57 224
220 268
6 31
6 171
97 230
169 269
87 393
314 327
199 299
17 316
133 321
204 262
11 61
14 296
11 13
14 127
379 388
336 340
146 199
40 73
6 278
147 258
112 206
114 240
148 291
99 295
141 223
114 285
282 345
185 211
90 392
90 282
7 259
165 348
244 388
22 251
33 138
220 328
139 371
66 84
22 392
16 220
179 327
66 176
252 308
103 148
6 63
35 355
26 380
223 289
18 308
18 362
220 349
7 171
44 244
97 291
35 362
1 368
198 381
151 368
348 375
1 133
326 380
326 381
236 349
17 59
141 292
148 236
18 187
76 96
46 336
46 387
166 387
117 292
