74.683333
1
80
4
57403
132 211
134 229
109 189
109 143
107 278
107 214
107 144
107 133
103 249
111 259
100 221
99 198
98 264
97 146
95 97
92 244
92 145
119 248
131 151
131 140
130 144
128 223
122 195
121 203
121 197
120 251
92 127
119 185
117 251
115 299
115 276
115 137
113 280
111 267
69 183
75 237
75 142
75 129
74 196
74 180
74 86
73 96
71 124
75 296
27 166
68 118
68 112
67 132
66 258
66 175
66 121
131 285
76 148
76 232
77 225
78 265
79 171
79 249
190 286
193 217
253 264
83 195
85 183
87 125
87 167
88 97
90 238
92 117
185 289
197 266
196 273
195 252
194 264
194 222
80 141
0 225
185 291
197 293
185 227
182 245
181 234
179 286
177 214
177 210
177 208
234 269
283 295
275 284
251 288
239 256
238 255
236 287
236 264
176 287
225 273
223 252
220 274
217 245
213 274
204 234
199 283
137 272
36 202
142 274
142 234
141 260
141 252
141 207
139 250
138 217
147 242
136 284
135 257
135 254
135 246
7 19
111 114
132 178
81 171
154 197
155 286
156 282
157 195
158 198
158 283
159 265
160 222
162 256
163 203
164 171
168 223
169 242
170 287
173 280
27 236
31 117
31 105
30 65
29 200
29 147
29 106
29 104
28 280
31 165
27 209
27 187
11 84
26 287
24 294
24 161
24 119
24 40
36 201
42 282
41 177
38 256
37 297
37 266
37 262
37 61
68 149
23 231
35 252
35 124
34 96
32 272
32 108
32 82
31 218
6 49
10 198
9 251
9 143
8 238
20 265
6 281
6 219
6 96
11 16
5 128
5 43
4 221
4 190
2 282
1 124
17 183
23 153
22 222
103 235
3 198
19 250
19 191
19 174
18 76
65 212
15 43
14 102
14 23
13 264
12 250
11 184
144 150
50 221
63 192
45 223
21 203
63 240
47 250
63 215
46 284
62 270
62 241
62 116
48 229
60 144
66 70
49 232
58 268
51 103
59 96
57 109
52 274
56 242
54 203
65 89
65 119
58 224
64 102
43 233
44 229
64 230
64 263
131 290
11 290
87 290
225 290
28 298
121 298
265 298
29 33
33 183
33 132
33 198
217 271
62 271
32 271
171 243
144 243
63 243
19 261
238 261
115 206
64 206
58 206
97 172
172 183
23 279
279 284
222 279
182 205
188 205
36 186
186 242
186 221
107 152
152 282
135 226
37 226
109 247
247 286
119 292
119 126
55 229
55 111
94 280
94 96
91 236
123 177
53 124
101 252
53 68
93 142
91 117
123 250
228 267
197 228
110 285
110 256
186 298
72 290
93 298
33 277
25 243
25 206
72 279
39 292
39 277
126 216
101 216
