8.992485
5207
13
1542
19014
55 88
55 63
68 113
102 115
111 119
15 61
89 111
96 114
109 114
90 98
4 55
85 108
45 49
81 90
8 38
18 51
29 89
68 92
51 110
65 81
79 81
51 73
62 86
0 99
53 99
38 99
6 99
11 118
46 82
78 84
35 109
91 113
61 76
17 53
92 101
61 87
45 79
93 101
11 24
40 49
10 89
11 14
67 102
102 112
105 114
32 89
42 110
52 84
0 75
72 84
5 49
1 61
3 81
42 104
30 61
55 56
44 99
55 74
59 107
1 74
39 60
51 60
11 60
100 114
61 100
26 59
69 117
12 48
48 94
95 116
66 103
6 43
32 43
116 117
50 83
23 91
14 83
64 115
64 99
36 76
36 82
9 102
9 86
37 94
23 26
103 106
106 107
34 62
34 98
70 84
30 70
48 69
20 60
48 66
25 80
80 84
2 49
2 104
41 75
13 27
13 49
41 56
28 39
71 97
25 71
57 65
47 97
47 108
28 48
22 85
22 31
33 89
33 77
16 77
16 58
21 54
21 72
7 17
7 19
