14.975910
604
30
1
1548
10 171
77 143
97 144
100 128
25 169
25 149
25 114
15 165
8 105
159 178
144 147
9 76
9 91
9 157
143 170
23 39
143 161
159 188
139 144
49 109
4 89
3 171
14 128
177 180
2 9
130 177
15 121
15 126
1 159
20 32
29 79
28 171
105 166
70 98
69 143
38 94
38 155
115 128
116 118
105 161
65 89
40 182
41 105
62 167
122 185
125 177
60 199
79 163
92 197
34 64
79 196
32 150
32 87
32 58
82 101
34 148
16 34
61 143
124 196
124 177
124 143
7 124
86 97
30 143
13 193
11 149
42 82
12 95
141 179
182 190
84 100
84 174
84 194
85 153
95 138
84 88
106 129
34 84
11 38
39 42
25 193
26 44
28 190
33 78
44 156
9 68
44 108
44 105
9 190
81 153
54 55
55 83
75 179
55 170
58 95
123 186
78 132
79 168
57 70
128 137
35 96
17 192
17 90
17 62
49 80
6 80
46 113
53 199
19 185
19 71
31 89
57 145
73 162
158 194
93 111
93 167
162 197
96 109
98 158
96 189
137 159
135 177
47 90
0 40
174 175
18 146
33 37
138 198
27 103
51 160
101 151
140 195
0 173
81 195
45 64
7 127
120 143
50 176
51 123
129 151
37 102
34 120
15 154
18 92
35 154
116 175
36 105
15 110
110 144
107 176
99 184
13 184
24 127
22 59
78 86
86 190
55 193
179 186
55 136
119 183
191 192
52 89
171 191
91 134
56 73
52 159
54 187
140 187
38 172
63 142
48 128
48 107
12 43
17 95
96 106
162 168
53 136
19 193
27 124
30 181
36 86
74 86
72 86
31 46
78 112
67 106
22 106
124 131
21 86
104 179
5 68
152 193
78 117
183 190
131 179
19 164
133 162
63 198
66 172
