26.650000
1
30
0
11251
44 53
55 59
54 82
54 64
52 71
51 119
51 97
50 71
48 56
47 119
46 57
45 85
45 80
45 67
44 95
56 109
43 81
42 100
38 116
38 44
34 76
0 89
31 78
30 98
30 83
30 49
29 114
29 91
29 39
73 97
100 103
96 113
94 97
93 119
87 100
84 113
81 116
79 107
78 105
78 93
77 99
76 110
74 97
33 54
72 89
71 93
70 75
68 115
68 111
66 107
61 112
61 104
61 102
61 70
60 75
59 117
57 106
18 119
24 57
23 39
22 108
8 19
22 40
20 76
19 90
19 32
7 81
17 96
17 89
16 44
15 75
14 25
13 107
10 113
11 71
5 99
28 78
25 46
25 37
6 57
1 68
62 100
65 68
1 98
2 35
93 118
92 113
92 107
86 101
86 95
6 59
3 99
65 81
9 89
9 61
69 86
9 19
3 101
4 54
4 56
22 36
25 27
35 63
35 94
36 56
36 75
30 88
23 35
22 88
21 97
21 45
30 58
26 85
58 76
27 100
41 62
26 41
12 36
9 118
