17.461692
53
22
8206
46264
36 90
89 96
72 82
28 46
46 77
9 117
66 69
74 87
4 31
99 107
12 117
30 50
55 93
59 72
1 61
61 110
41 118
28 38
46 109
64 96
44 69
28 33
51 69
43 74
42 74
29 119
3 15
24 104
61 116
104 115
6 56
106 117
4 29
29 46
65 93
36 70
21 112
21 57
4 45
13 119
101 118
46 95
3 107
18 76
11 82
6 17
21 47
36 85
18 62
78 107
30 53
58 74
17 18
16 75
14 19
23 96
102 119
56 103
15 75
5 30
28 88
48 56
84 115
48 73
91 93
67 82
14 83
60 115
36 101
4 98
23 86
81 86
14 63
0 96
0 63
14 108
78 108
80 111
14 92
92 110
24 79
79 105
20 36
25 65
10 90
10 18
54 59
32 54
54 100
61 114
29 114
114 115
68 93
68 82
40 56
40 74
22 29
49 89
49 106
21 94
94 117
54 80
69 97
8 34
37 73
37 71
97 107
39 69
35 113
35 109
2 52
2 111
7 30
27 114
25 114
20 22
26 27
7 26
8 39
