16.317543
65
21
5
49733
16 48
63 88
70 96
67 118
56 68
72 117
2 50
90 114
54 114
114 119
21 114
82 114
63 83
25 83
5 83
67 77
49 77
77 97
43 103
11 43
43 116
108 119
51 108
6 108
40 96
40 42
20 40
10 106
10 57
10 14
2 59
28 59
1 36
1 109
1 93
1 66
46 105
69 105
0 105
3 75
4 39
6 85
41 101
73 87
50 101
11 107
7 45
19 81
19 32
37 115
37 93
37 110
24 31
62 71
64 76
24 68
30 71
18 48
18 35
38 74
38 92
17 18
71 91
12 24
76 95
53 76
32 38
26 72
78 112
58 78
26 52
78 117
26 29
42 89
65 86
82 86
15 34
15 61
15 102
3 104
47 104
104 118
23 79
60 98
23 56
69 111
30 111
77 108
43 108
22 94
80 90
13 115
80 81
13 33
10 40
44 114
27 40
39 101
39 55
7 101
37 87
77 84
27 55
60 83
44 83
39 71
39 76
26 75
40 99
43 100
10 84
1 113
8 85
9 107
37 99
9 24
18 113
15 100
22 101
