93.335714
1
115
3
4554
43 262
38 162
38 269
46 253
39 332
40 399
41 101
41 244
41 398
71 167
256 313
43 432
43 448
44 437
46 245
38 334
252 392
252 435
36 77
8 120
62 238
63 299
64 487
65 230
66 386
67 410
68 302
68 441
256 353
60 159
28 443
29 383
31 419
32 118
33 465
34 492
35 91
219 321
271 304
203 386
204 437
205 367
207 252
208 383
215 429
273 279
295 458
296 486
219 410
250 437
221 374
222 464
224 332
225 287
227 404
217 489
275 415
256 454
257 499
258 266
258 279
260 332
270 496
143 165
218 486
47 118
276 308
281 317
283 452
287 352
287 430
290 323
291 364
62 127
13 215
81 324
18 156
16 303
16 394
16 421
17 26
17 138
17 293
42 188
14 22
15 299
20 48
20 115
20 328
22 109
23 255
25 360
27 68
76 181
162 488
79 135
28 147
162 367
75 446
77 108
83 217
84 201
18 140
78 234
28 413
77 165
72 98
72 195
73 396
77 449
78 417
50 280
53 238
9 319
9 451
12 177
12 243
12 343
5 341
46 297
61 374
5 38
9 183
53 285
53 337
54 287
56 135
58 388
59 173
28 438
16 177
5 102
17 377
0 55
1 21
1 161
1 180
2 137
3 487
169 371
169 469
5 191
5 278
12 427
6 367
7 366
8 49
8 485
100 304
173 182
112 288
112 365
114 217
116 153
116 479
118 412
118 435
184 469
91 472
101 396
173 263
173 450
175 388
178 181
181 481
182 456
182 458
463 488
92 331
142 433
0 22
136 154
87 195
88 117
90 366
91 444
119 360
186 445
92 491
95 381
98 419
99 135
100 299
121 277
100 420
197 339
164 486
154 201
156 422
158 191
159 233
159 459
162 317
170 381
232 469
152 433
167 182
167 223
167 418
168 215
168 289
168 364
168 410
101 141
143 355
188 490
190 386
191 360
191 452
192 399
193 258
195 322
228 317
197 346
198 252
199 467
187 188
143 368
144 304
149 185
151 215
476 499
420 428
423 465
435 492
440 492
442 492
448 488
455 471
366 370
298 374
415 484
410 480
299 460
304 362
305 496
307 488
308 420
310 324
458 497
367 408
140 190
241 267
241 306
242 397
247 499
220 426
361 496
38 96
323 357
375 458
380 396
383 495
388 473
395 464
397 406
397 426
139 156
201 372
127 189
127 345
129 467
131 467
132 433
133 311
134 230
123 464
316 465
136 301
136 385
136 431
137 294
137 382
138 217
138 496
311 436
329 364
311 376
317 457
318 381
360 478
324 389
325 420
326 419
135 201
330 397
335 399
335 401
347 364
348 452
351 396
356 452
41 434
126 487
261 309
121 261
78 261
206 261
30 387
19 387
352 387
55 387
53 384
383 384
168 384
332 384
407 471
88 407
359 407
231 327
274 475
327 388
327 440
327 469
274 400
101 274
176 274
273 274
226 315
424 455
150 424
89 437
77 89
282 349
159 292
284 286
259 284
292 433
42 282
136 292
239 282
30 282
195 284
277 284
236 366
9 236
58 236
8 236
50 160
157 160
160 466
122 344
12 122
160 314
122 227
51 92
51 143
43 51
194 197
146 249
194 486
70 494
70 445
70 379
69 188
68 69
128 194
146 185
146 220
113 128
4 104
104 379
105 182
105 138
104 493
104 371
113 385
113 276
113 340
181 235
112 235
208 336
229 324
229 241
229 499
229 349
162 248
91 409
46 409
272 373
280 373
135 470
338 354
148 256
107 155
24 201
16 24
350 378
166 209
127 209
22 148
22 402
116 172
289 350
402 465
363 370
155 158
172 201
216 247
321 414
320 414
401 414
137 439
91 439
399 439
474 488
464 474
231 416
210 416
82 461
438 461
23 103
103 111
230 477
195 369
468 483
467 498
191 211
74 358
75 265
20 477
100 405
433 498
166 265
446 483
101 211
309 358
214 453
214 255
214 226
171 268
93 168
179 404
28 196
212 487
1 447
179 213
196 374
78 212
156 251
97 435
130 462
163 186
163 391
130 246
110 330
52 381
45 397
52 386
110 264
45 258
261 274
315 384
235 261
160 327
133 145
181 202
230 237
53 145
44 237
43 124
390 415
22 390
425 475
197 425
106 174
174 286
334 403
86 415
403 451
85 324
94 116
240 298
37 112
37 359
92 200
11 469
11 246
10 323
125 482
125 469
10 410
229 315
105 236
113 336
407 447
57 315
354 439
51 342
194 268
104 251
235 312
105 393
411 470
80 216
300 315
312 333
57 254
235 240
