18.000000
576
25
2
49497
61 85
55 75
31 117
30 45
29 65
29 36
55 118
50 81
59 83
51 109
33 57
21 103
121 156
122 137
19 61
64 133
27 56
45 127
1 117
67 149
68 142
47 102
102 125
42 145
42 137
42 136
76 158
45 150
40 95
40 82
104 158
91 102
64 142
65 112
37 151
8 152
8 32
5 86
5 103
8 114
85 110
77 81
78 120
79 158
55 59
35 79
35 90
37 88
37 116
52 64
33 48
8 24
80 109
3 65
2 61
81 83
71 109
90 107
12 28
12 149
90 119
139 149
13 14
94 158
97 103
22 33
13 159
54 159
80 159
74 159
98 140
8 98
68 98
98 129
28 87
87 147
86 130
42 87
23 130
72 87
105 130
120 130
56 87
73 109
33 73
65 154
66 73
47 73
55 154
45 73
101 154
111 141
6 37
126 148
84 100
62 148
84 101
148 153
60 93
64 93
34 115
37 144
104 115
42 144
27 69
123 127
15 25
20 64
53 123
89 117
69 128
81 89
25 110
41 60
17 102
99 149
17 61
41 113
90 131
16 106
23 106
103 138
117 131
102 108
143 156
9 43
43 78
7 14
7 122
108 158
126 143
18 155
38 40
63 132
18 74
38 90
63 66
98 130
98 154
98 141
148 159
146 149
8 26
33 46
10 129
4 96
11 134
96 158
58 153
40 70
73 135
0 20
6 92
124 154
157 159
44 154
0 49
134 135
39 70
