70.000000
339
92
0
6404
255 418
64 230
269 282
269 276
66 161
188 304
68 208
267 328
265 403
70 238
263 464
132 202
261 311
131 394
259 361
191 263
187 352
254 488
73 229
252 307
248 298
247 329
128 309
76 165
76 372
76 380
191 274
244 309
79 186
242 298
81 223
81 320
284 304
176 251
176 324
51 334
176 408
292 438
53 292
177 488
179 282
183 464
55 73
184 334
55 426
136 411
286 437
285 406
238 458
57 112
136 250
281 490
136 171
186 469
278 404
277 376
277 336
62 196
62 260
272 496
62 462
272 480
186 479
118 418
215 413
215 256
122 273
99 414
100 490
122 138
121 277
211 269
104 437
210 442
120 269
210 343
119 404
108 292
208 419
123 163
207 499
110 236
110 248
110 417
207 478
111 238
112 144
112 333
112 339
206 487
206 245
204 442
117 161
202 266
115 221
226 355
82 404
83 304
84 437
126 298
234 470
234 423
233 490
233 408
232 362
195 234
197 215
230 359
230 358
124 370
228 439
161 323
226 235
225 394
90 114
223 302
91 219
222 400
92 317
124 299
221 448
221 321
95 186
96 346
124 271
219 405
21 288
15 306
15 320
168 421
16 313
362 393
361 464
361 457
169 488
360 403
148 328
19 154
447 488
353 400
170 191
15 284
352 443
351 439
22 371
146 493
22 494
460 487
170 208
347 454
163 402
347 398
346 422
146 179
337 456
394 399
8 153
8 253
440 456
8 130
164 456
157 264
430 463
157 191
156 247
396 499
11 191
7 346
166 400
146 249
167 180
442 479
384 403
381 432
167 330
378 418
377 487
167 383
444 456
151 202
366 452
150 277
15 275
42 55
25 185
37 58
37 103
144 162
37 244
37 312
38 167
38 272
311 366
40 162
309 372
143 305
308 313
307 310
311 483
43 442
44 81
46 463
47 106
47 220
142 309
47 471
47 475
48 361
305 425
141 362
300 464
298 455
314 328
25 316
25 350
162 491
334 374
334 357
467 499
28 81
30 210
30 350
162 224
327 347
3 226
317 414
313 345
317 391
35 240
35 96
2 362
35 45
317 486
1 463
144 307
33 210
32 439
200 401
161 433
163 341
163 472
258 389
200 452
192 341
175 210
174 437
191 205
174 387
173 465
172 245
172 178
164 379
192 389
193 241
194 416
169 189
168 407
167 322
198 295
199 407
200 356
332 449
363 409
363 393
361 385
356 428
353 385
349 477
344 435
338 412
334 382
328 382
325 394
319 352
311 451
309 319
305 427
303 471
302 459
298 424
433 488
495 498
485 498
477 478
466 489
466 482
461 485
442 446
436 481
436 449
406 477
397 404
395 415
392 499
387 473
379 484
376 482
367 488
367 410
215 476
243 307
242 295
237 301
234 451
231 277
230 476
229 459
221 477
217 352
246 395
214 383
213 468
213 401
212 304
211 395
210 392
209 418
209 400
208 262
203 303
272 331
294 296
293 348
292 369
291 347
290 432
289 450
287 299
283 368
280 335
279 398
201 290
272 287
268 317
268 313
264 280
262 487
259 435
145 362
246 459
59 87
71 381
160 386
71 77
69 239
67 459
67 205
65 149
62 322
61 413
61 219
60 147
71 497
56 463
56 361
55 331
54 117
54 111
52 429
52 279
50 292
50 247
49 311
86 247
94 135
93 338
92 102
90 213
89 177
88 456
88 365
88 238
88 221
87 410
86 439
49 85
80 215
78 420
78 348
77 461
76 434
75 368
75 363
74 269
72 474
10 421
17 438
17 29
17 18
15 434
14 181
14 35
14 26
13 495
13 131
12 403
10 450
18 243
10 311
10 297
9 301
8 397
6 202
6 107
5 321
4 190
4 181
25 427
39 354
37 105
36 218
36 99
35 80
34 445
34 354
27 395
27 173
26 296
71 84
24 340
24 301
23 456
23 136
22 424
22 340
21 412
20 441
20 214
19 69
124 140
135 285
134 441
133 146
129 279
127 481
127 342
127 184
125 307
125 210
137 216
122 332
122 268
119 364
116 189
114 416
110 174
109 488
147 318
160 337
159 176
158 429
158 364
155 200
154 429
149 335
97 469
146 472
145 431
0 145
145 216
144 453
144 354
140 499
139 191
98 226
98 346
107 279
106 174
102 198
101 436
14 428
88 326
369 424
182 453
182 373
139 270
17 315
354 420
231 363
152 446
89 145
97 492
159 436
5 93
12 373
227 388
390 451
395 451
63 175
113 424
60 473
200 291
257 270
257 388
72 315
268 375
31 445
241 390
41 227
