2.000000
245
11
2
84696
14 73
30 73
25 60
25 63
32 95
32 73
86 97
16 96
16 83
49 91
51 68
5 79
5 26
5 67
5 52
78 84
13 78
78 93
59 98
35 96
45 69
18 93
33 84
65 87
7 24
22 25
25 42
50 71
21 73
7 40
11 24
48 97
48 91
38 71
38 62
38 74
16 91
45 66
1 58
41 47
15 77
47 52
25 29
36 39
36 81
46 95
8 41
34 74
6 81
61 75
46 90
48 78
37 48
20 37
56 78
56 98
20 69
56 89
42 48
48 85
20 94
53 97
16 21
56 87
39 76
11 56
3 13
25 64
55 67
9 55
0 23
20 77
20 88
20 27
44 91
34 56
6 78
17 89
28 72
43 48
48 57
48 70
54 97
58 94
85 92
91 99
2 16
0 91
51 80
19 35
4 28
8 66
17 72
10 50
31 44
12 92
27 82
61 82
64 80
