96.771429
1
111
3
12182
26 281
61 394
58 441
59 91
60 208
64 156
25 376
25 261
251 379
61 277
178 201
61 448
62 389
63 226
26 138
249 252
249 335
251 322
61 211
75 415
23 366
65 226
66 194
68 300
69 410
70 272
27 313
71 423
39 137
227 373
253 366
21 28
20 107
19 315
18 143
71 342
56 100
74 122
212 365
26 293
217 345
208 294
208 306
208 425
210 321
210 328
210 444
225 359
262 335
216 332
260 388
217 387
242 426
220 342
221 432
222 439
223 402
264 282
267 431
254 290
255 356
256 365
258 300
258 301
127 270
56 282
34 415
64 305
268 443
269 272
269 444
271 343
273 310
275 301
278 320
85 253
279 290
91 190
81 116
85 447
7 212
91 377
92 157
0 411
7 51
6 122
7 243
93 366
89 343
89 230
86 148
17 350
0 427
7 168
48 54
13 132
14 85
80 389
79 238
3 28
15 343
4 222
8 145
11 260
0 248
16 384
17 263
87 143
17 317
5 290
90 194
47 153
33 413
43 286
38 384
39 358
41 53
42 113
36 347
42 353
46 334
64 234
50 105
39 108
44 170
45 118
33 382
33 346
46 72
42 429
64 203
92 238
33 151
48 177
48 262
48 341
49 56
49 209
49 241
24 251
163 247
172 438
32 240
30 85
29 167
53 103
53 374
28 230
49 316
182 368
111 163
112 272
116 411
118 215
105 114
175 420
101 448
107 121
179 240
110 169
183 282
185 366
186 226
186 260
187 221
189 361
176 301
201 398
146 446
145 443
136 151
95 169
97 142
99 116
100 201
101 233
101 400
364 410
192 384
103 200
104 165
104 188
118 380
105 375
106 207
101 424
107 213
152 327
153 430
154 396
157 315
158 340
161 308
174 412
163 378
229 330
165 228
165 355
167 407
170 410
171 315
172 296
172 319
172 425
164 340
212 290
203 251
193 240
194 301
194 336
196 370
197 203
197 259
106 373
235 359
106 333
204 210
191 365
147 335
148 199
148 401
149 226
150 330
197 405
282 386
392 397
134 153
396 448
402 428
408 434
410 422
416 431
349 420
383 396
389 413
285 434
286 360
286 409
288 340
288 434
289 334
292 420
431 442
143 433
145 237
238 244
238 443
239 426
217 449
337 412
342 440
343 425
57 335
392 441
351 389
356 406
359 413
363 390
363 391
363 422
280 361
348 434
206 396
127 253
0 73
127 385
128 308
129 327
131 441
132 197
295 330
142 162
299 334
140 166
140 257
140 403
141 221
142 144
122 338
142 262
312 332
300 399
327 397
304 402
307 359
308 314
308 318
311 370
372 401
314 415
320 445
136 426
127 155
119 222
325 332
320 331
324 361
301 329
9 332
9 167
9 106
9 53
9 65
395 436
334 395
200 395
102 395
250 387
250 410
250 434
240 250
205 250
352 372
83 352
182 352
335 352
36 435
393 435
313 435
222 421
421 431
310 371
301 421
181 371
6 421
291 384
218 291
35 291
84 140
84 201
124 330
124 334
124 400
122 124
180 262
180 253
143 159
139 436
44 381
262 404
381 417
52 361
52 297
1 82
82 297
13 82
236 344
146 236
236 423
202 418
326 418
368 418
67 339
205 339
327 414
105 414
231 303
227 231
91 232
232 384
232 315
323 415
39 323
37 55
55 446
28 367
56 298
17 367
173 298
0 195
217 437
148 195
420 437
252 298
12 118
12 426
12 356
265 362
347 362
10 308
10 221
31 443
26 31
165 246
27 126
1 78
42 123
126 419
56 98
123 260
287 448
169 246
98 203
212 287
276 284
276 328
135 413
40 340
245 425
115 163
198 286
125 370
224 342
88 272
2 363
224 320
2 402
40 153
88 194
125 300
115 441
395 435
169 302
66 302
0 283
167 283
9 354
25 109
109 331
184 439
121 130
274 334
266 412
35 266
130 433
94 369
77 267
120 320
77 441
94 370
96 133
96 326
120 356
76 250
323 435
291 414
78 371
309 421
198 371
139 357
124 135
159 214
139 245
160 354
117 414
22 309
22 76
160 214
139 219
