33.474760
1675
49
20
3880
164 286
128 199
259 292
90 118
0 159
48 75
172 180
25 180
139 164
18 168
110 168
29 228
171 207
77 118
175 190
28 179
154 298
164 174
20 124
107 141
59 247
196 233
100 247
263 270
176 296
49 263
176 249
33 263
247 276
41 176
87 245
136 257
136 190
136 162
104 136
88 285
1 188
267 292
28 168
14 285
145 196
223 278
48 223
127 180
46 180
128 152
44 128
26 216
10 116
196 295
147 285
17 223
234 249
25 118
108 128
96 216
116 155
86 188
157 216
69 290
38 50
3 245
79 116
68 248
146 248
36 292
142 255
37 64
103 215
12 103
103 184
91 280
91 129
78 91
91 169
50 137
50 74
103 274
177 217
177 281
84 177
198 210
198 261
140 263
89 213
89 133
81 89
52 83
52 299
27 203
27 253
200 277
185 212
185 269
200 208
7 27
163 181
163 284
163 187
56 194
56 229
122 282
20 282
142 282
71 282
52 163
4 132
4 240
2 94
94 238
148 250
45 250
99 250
12 250
75 237
112 237
131 235
43 165
43 150
43 120
173 254
54 173
2 173
40 173
42 45
42 114
57 202
105 202
124 202
243 262
9 243
244 291
0 291
121 220
51 220
101 220
43 140
11 226
148 201
118 275
227 275
175 231
231 234
37 161
159 161
161 209
222 293
111 222
30 197
177 224
140 225
5 251
167 251
95 99
92 141
34 289
67 95
266 280
76 92
29 34
61 266
214 289
205 247
126 128
138 188
236 279
143 236
125 257
44 125
168 219
70 140
50 113
85 262
62 85
85 290
8 50
8 131
188 288
23 164
23 216
98 180
98 199
72 204
24 107
65 245
154 182
182 294
147 192
105 115
26 93
61 93
9 183
196 246
5 21
111 158
158 279
24 140
10 153
103 287
91 287
52 113
27 225
101 271
223 239
13 31
15 116
116 252
245 252
109 248
52 153
211 256
118 256
31 198
97 206
164 206
73 211
73 265
235 237
89 119
15 198
6 186
144 255
195 297
16 285
195 298
135 195
106 179
144 149
106 189
16 136
109 177
66 260
82 97
118 166
66 207
166 292
82 193
100 272
164 272
160 171
160 230
163 273
170 196
30 170
47 89
140 160
115 200
264 293
134 187
134 196
58 128
19 254
102 117
173 201
205 282
123 248
123 143
32 198
198 283
224 250
224 237
60 216
185 271
185 239
178 218
178 244
63 188
63 215
42 242
42 70
116 232
232 297
47 56
219 220
161 214
151 197
226 258
35 224
225 268
258 275
130 224
53 275
56 60
35 221
55 151
4 22
85 273
65 241
72 126
53 251
42 156
39 202
6 225
80 161
58 242
117 138
72 191
80 264
22 191
