18.458454
287
23
20
26910
30 111
23 38
60 67
38 53
21 97
89 97
50 84
34 84
57 84
86 111
111 114
3 68
110 111
16 101
51 101
101 105
29 93
29 31
15 29
97 101
33 92
45 76
53 75
0 7
7 20
7 18
60 76
76 87
61 110
61 112
28 106
35 108
19 53
48 53
94 96
37 108
9 110
58 108
57 106
70 110
36 106
1 10
1 64
1 85
69 81
49 81
79 115
24 79
79 112
74 113
74 91
74 95
59 103
59 80
54 59
33 42
41 42
17 42
62 90
62 83
3 109
39 109
35 78
20 78
43 78
43 72
72 84
25 52
5 44
44 82
65 99
52 81
11 68
11 107
11 25
101 116
17 55
55 77
51 55
40 85
40 77
55 81
66 97
66 108
6 12
12 67
98 106
26 75
26 94
26 32
14 63
14 56
8 96
8 47
29 104
104 111
2 76
2 53
1 102
63 119
1 119
22 106
7 13
71 97
29 71
4 91
4 76
73 74
59 117
74 88
62 117
42 88
62 102
100 116
46 78
44 73
98 118
27 65
27 100
