10.000000
270
22
0
2720
66 100
48 75
80 108
13 18
84 89
84 136
13 44
8 114
87 114
72 94
20 59
92 96
92 110
13 90
94 139
100 129
100 135
101 137
3 108
26 54
36 48
26 41
108 127
32 92
16 48
67 137
53 57
55 100
40 84
56 125
58 110
60 92
59 85
52 138
52 132
48 63
46 119
45 46
30 52
39 84
39 78
37 65
35 84
34 85
33 98
31 62
0 64
82 104
118 119
117 126
114 121
113 116
112 129
112 128
107 113
103 131
102 115
99 123
93 114
90 130
88 92
86 122
79 138
79 114
76 105
74 100
74 76
73 78
70 115
70 114
69 137
69 125
11 19
22 111
20 117
17 57
16 50
15 121
14 122
14 98
14 42
13 73
13 51
12 93
11 128
11 108
29 31
10 58
9 94
7 57
6 85
6 24
5 49
3 83
2 107
2 68
2 53
1 71
1 12
0 22
23 95
23 92
25 55
26 63
26 91
29 102
9 45
85 106
9 60
9 91
38 64
81 105
81 99
9 103
9 105
38 77
77 124
38 120
38 133
11 133
4 102
33 104
2 124
27 88
102 109
4 11
4 33
4 65
28 83
97 102
21 33
56 97
21 51
52 106
49 130
47 134
47 105
24 61
43 57
