97.754355
2193
112
11
5822
101 138
229 435
198 271
44 271
271 340
18 271
301 385
180 385
32 385
179 385
44 175
37 436
203 412
62 102
51 214
360 383
142 359
188 397
311 371
285 375
50 183
176 335
17 21
327 334
16 74
63 122
161 386
7 429
367 418
245 367
197 367
343 367
12 127
2 127
127 307
271 362
101 362
216 362
220 362
231 276
209 385
263 368
129 417
126 368
85 209
168 231
15 231
110 417
96 368
188 209
382 417
222 231
417 447
202 209
303 375
34 303
131 303
81 404
35 404
287 404
70 243
212 243
90 190
243 249
190 444
190 292
14 190
183 437
185 437
22 437
102 430
68 430
181 430
239 413
61 413
122 413
244 270
214 433
9 342
24 270
226 270
164 342
307 365
151 433
163 365
355 433
31 365
327 342
66 393
119 296
40 352
225 352
3 296
200 248
79 398
144 352
272 384
47 325
37 408
48 398
142 248
137 398
196 408
285 305
149 347
20 248
278 351
339 347
275 393
139 351
74 347
76 305
219 388
235 408
67 393
55 296
334 354
64 305
223 354
207 384
232 384
237 325
227 351
0 354
117 325
157 388
240 320
211 399
100 132
262 379
211 242
240 247
86 211
143 240
132 255
262 382
28 262
132 383
38 425
38 184
38 422
286 290
7 290
26 295
26 333
26 222
251 370
16 251
87 251
51 415
415 449
71 280
45 415
167 280
280 318
407 436
356 407
158 330
125 407
53 158
17 158
147 260
312 372
377 402
294 313
267 273
174 195
150 322
322 389
273 381
328 428
91 312
112 312
73 328
99 344
103 328
206 294
104 283
36 195
236 283
23 172
80 435
283 310
165 377
10 80
106 322
52 390
155 273
256 260
260 363
344 427
195 238
172 376
323 377
390 406
50 390
80 445
78 90
84 448
21 84
57 78
78 277
84 204
146 254
146 175
5 146
123 268
123 224
123 153
187 380
187 302
187 432
39 391
140 403
39 54
140 361
30 320
39 114
140 394
304 397
304 306
217 304
309 335
309 357
65 309
133 293
113 133
133 141
298 359
233 298
298 331
140 367
156 271
221 396
111 412
111 358
115 395
120 215
83 297
92 189
221 311
221 332
83 308
269 337
120 364
25 120
250 439
115 208
250 401
6 213
97 281
72 92
60 269
213 265
89 316
199 250
1 97
83 258
8 115
213 336
88 111
269 315
97 434
92 291
89 414
132 368
191 228
191 205
191 440
94 308
177 366
177 274
177 343
19 441
63 178
154 178
416 441
62 178
229 441
130 288
130 171
130 194
135 145
49 136
41 252
192 289
49 105
41 387
95 193
128 438
192 234
41 324
95 321
192 409
49 259
95 264
128 162
128 443
201 317
108 353
228 329
346 420
75 218
115 127
300 349
59 160
12 160
176 300
266 353
77 266
141 373
109 386
13 109
182 360
43 271
385 419
11 182
148 203
182 421
58 371
32 58
58 319
46 148
116 209
93 279
93 138
93 173
4 75
4 338
4 346
33 350
350 400
123 240
94 243
329 368
39 211
231 420
156 325
367 442
237 411
349 411
94 305
30 294
243 282
351 369
303 329
190 210
420 437
362 426
158 374
116 352
116 347
127 350
195 314
314 328
322 374
378 417
152 279
24 124
124 416
98 227
81 152
159 288
13 159
94 390
253 262
156 187
30 269
30 120
241 262
82 232
304 369
257 260
186 421
186 318
404 423
123 420
30 201
378 430
241 309
26 373
140 210
107 365
107 342
43 296
413 424
69 408
107 384
378 388
410 433
29 248
145 314
398 442
56 393
261 354
111 257
240 246
166 280
211 345
132 431
201 374
201 314
94 116
38 42
290 446
26 446
69 415
56 251
121 283
273 431
299 303
42 344
29 377
156 392
172 410
261 312
94 169
39 230
108 116
128 329
133 345
253 341
156 182
213 246
42 298
250 345
89 121
69 97
92 424
170 257
118 329
27 282
38 82
121 130
441 442
192 419
49 426
41 230
4 257
134 392
95 423
166 348
218 284
326 378
69 326
121 169
107 170
405 442
284 405
