87.468765
2879
94
15144
19973
10 144
122 144
103 266
211 318
21 278
91 158
70 303
128 225
57 311
85 326
137 242
193 347
231 301
193 233
63 329
19 237
200 300
163 317
193 292
89 163
53 70
22 130
132 240
96 140
112 136
91 162
58 86
17 167
262 330
260 331
15 198
15 317
223 304
278 300
273 342
161 217
159 319
46 137
17 66
130 309
214 221
72 183
228 243
19 172
5 129
44 102
266 305
85 119
131 199
177 211
76 260
39 185
90 311
1 41
122 202
8 98
17 335
15 147
178 306
286 301
197 241
62 82
152 311
165 207
62 308
230 236
39 191
45 106
111 345
39 256
176 335
25 50
140 180
235 341
0 301
78 235
83 176
92 324
225 251
150 213
81 348
56 190
149 236
203 273
14 313
12 320
139 206
182 319
80 101
48 306
44 337
260 264
79 161
27 187
164 312
12 234
142 258
4 244
45 127
56 284
45 209
85 218
112 131
112 115
160 240
8 192
167 213
74 124
144 273
122 339
80 249
4 285
12 154
92 288
223 256
28 349
124 146
187 218
60 266
89 323
43 271
104 348
68 95
24 41
8 99
92 166
165 275
137 229
340 343
79 113
50 151
216 268
36 325
47 95
14 316
216 329
340 347
106 186
123 294
195 200
34 122
194 214
201 291
39 64
176 189
213 297
99 210
248 319
266 348
88 208
100 139
62 135
14 317
30 85
72 167
207 218
72 188
58 274
70 333
4 38
125 348
123 344
268 315
55 75
22 123
95 107
12 49
223 327
175 278
165 239
59 329
79 265
108 228
200 298
76 301
47 56
111 220
124 307
13 130
10 257
56 256
95 184
18 33
71 79
176 215
130 321
20 278
68 214
253 271
16 299
99 204
279 291
208 319
120 179
44 252
205 325
145 223
67 123
54 312
58 69
218 334
8 49
296 318
41 241
236 338
27 226
31 218
5 181
8 148
11 299
227 271
5 138
118 312
139 245
97 273
35 41
80 88
99 254
10 52
51 269
133 199
142 277
336 337
328 340
111 307
61 75
37 325
173 199
50 197
126 260
89 250
2 27
218 263
58 187
6 290
143 318
17 29
15 87
240 317
51 225
116 240
72 141
10 73
49 325
4 129
161 271
76 311
213 272
140 224
225 300
157 178
196 200
235 330
14 269
27 314
161 199
5 222
178 289
170 299
95 121
33 290
142 347
91 232
111 332
28 114
134 193
276 303
255 340
28 84
261 291
22 176
199 346
75 120
33 302
142 287
49 93
65 186
24 65
3 65
40 161
155 280
219 308
19 219
219 283
19 110
110 317
89 322
99 322
212 270
212 283
7 336
7 267
6 7
168 276
168 246
48 168
26 187
26 347
76 109
109 317
155 293
40 293
42 300
65 219
23 214
23 235
112 153
95 153
167 281
9 291
9 266
9 318
70 310
92 310
111 310
94 228
94 144
280 281
171 236
80 171
171 228
9 93
282 319
129 282
171 270
179 238
129 238
238 259
238 262
32 85
32 312
91 169
156 247
156 177
77 217
137 295
50 174
165 295
105 124
140 174
295 329
28 105
44 117
117 178
169 348
77 299
117 139
7 219
42 295
