18.195031
45
28
38
12159
10 84
126 144
2 58
13 129
29 117
41 116
27 74
38 64
46 144
91 166
44 105
164 166
42 103
35 144
110 115
0 74
10 58
163 166
58 128
99 139
99 177
64 82
64 171
22 99
111 143
91 107
76 107
51 107
121 148
133 170
50 143
18 32
115 122
74 138
10 78
97 103
103 129
18 143
21 62
41 105
105 157
5 92
64 168
58 72
94 169
56 92
12 94
114 139
39 58
90 121
24 115
92 102
30 57
121 174
121 145
38 133
1 133
74 112
65 94
20 54
20 67
20 118
61 149
61 86
61 146
17 158
141 173
154 173
136 173
74 178
8 178
6 88
21 88
88 172
87 88
115 124
103 124
124 152
124 144
9 124
6 124
49 120
36 120
32 120
83 114
9 83
5 113
59 166
47 98
89 98
116 151
151 156
96 155
96 174
96 150
0 70
70 132
106 176
73 106
106 109
126 179
167 179
52 63
101 153
79 103
10 77
68 77
10 134
24 134
34 60
119 169
105 160
20 75
96 158
3 107
3 64
61 179
16 121
16 74
23 117
23 155
23 136
23 135
66 73
40 66
69 142
69 167
14 85
85 101
81 94
58 81
11 53
11 127
26 30
26 93
25 26
26 58
130 150
130 140
75 173
125 161
31 49
54 159
58 159
55 143
57 125
48 135
15 45
92 123
123 143
162 175
37 52
37 132
19 62
19 43
59 80
80 96
63 100
96 106
98 153
4 64
4 53
108 124
71 105
71 107
98 119
120 160
104 179
60 79
33 104
33 147
95 131
95 141
124 165
120 137
28 113
7 108
15 55
28 162
