13.133478
149
24
97
6434
69 150
21 82
47 113
123 160
74 136
109 150
24 130
37 159
37 100
35 79
65 124
94 177
46 121
135 175
104 112
79 150
20 177
99 176
42 171
37 77
76 171
88 150
43 177
29 176
144 171
102 171
46 145
4 65
1 99
12 91
122 177
160 170
48 136
81 101
3 47
45 160
32 91
44 46
83 173
90 91
19 65
107 155
129 136
78 173
102 137
148 169
58 101
5 82
48 52
52 70
87 158
46 130
139 175
38 130
125 176
30 169
129 155
112 155
27 136
11 130
69 105
52 138
82 168
94 149
55 149
66 173
4 89
117 169
22 120
71 142
20 71
8 166
35 166
46 156
111 153
142 153
162 175
46 72
161 171
18 161
39 166
14 109
68 175
34 47
52 98
91 146
18 106
2 144
127 164
26 150
57 176
47 62
62 145
5 133
133 158
97 133
106 152
101 140
140 177
61 140
47 140
41 49
49 147
49 87
49 154
49 173
105 134
101 163
66 134
136 167
57 166
143 160
91 143
6 22
0 6
1 103
103 114
60 157
60 61
40 82
40 65
9 170
17 114
91 178
95 155
37 116
53 175
53 130
15 23
13 64
17 120
150 165
52 165
28 167
108 169
108 155
80 156
13 152
64 80
54 174
54 122
28 178
9 162
31 95
131 171
51 104
85 96
67 125
67 73
16 77
16 73
50 151
119 131
96 119
6 126
127 163
25 56
15 126
10 55
10 118
6 59
63 93
63 118
110 146
36 84
84 133
49 56
33 42
128 172
33 92
86 115
86 137
75 110
36 50
132 179
14 128
7 179
7 141
75 132
