32.616667
1
41
0
87026
65 106
55 106
57 186
59 118
61 118
61 198
63 82
63 181
64 119
54 155
66 121
66 137
66 141
66 178
70 93
71 130
73 115
73 131
48 126
35 112
36 51
39 139
40 41
40 85
40 92
42 105
44 118
76 151
49 111
49 180
51 182
51 189
52 79
52 116
52 167
53 106
138 195
123 185
125 130
128 150
130 184
132 134
134 152
134 156
135 146
120 149
147 150
151 170
155 199
160 179
164 195
166 179
176 185
179 197
95 150
81 155
84 106
84 146
88 139
89 105
90 187
93 94
93 128
1 187
96 105
97 150
104 186
106 174
109 186
114 146
118 188
119 137
6 143
13 139
12 185
6 33
30 60
29 119
6 47
22 80
28 30
20 106
7 23
27 151
7 110
9 52
25 194
7 137
8 119
7 183
4 193
21 22
0 4
2 112
3 14
4 68
22 38
31 195
31 125
30 100
14 83
14 16
102 185
102 155
102 105
103 134
102 118
103 187
12 32
101 174
101 165
101 120
11 161
11 191
122 154
93 168
14 107
34 86
15 129
15 134
16 50
75 91
74 195
6 107
187 190
183 190
173 192
162 199
4 124
158 169
157 191
146 196
145 194
145 153
137 161
10 179
129 142
127 150
124 159
122 159
86 142
9 173
10 52
113 139
112 175
106 124
50 93
19 151
63 196
20 37
63 87
22 24
60 140
58 171
57 75
24 130
55 69
26 87
51 127
74 112
49 162
49 144
48 58
46 149
46 78
45 59
43 45
32 112
33 62
37 198
34 40
34 186
34 117
72 150
73 124
67 91
18 126
18 98
72 177
17 67
18 155
73 136
19 30
19 118
136 158
144 173
18 62
145 172
5 56
77 163
163 168
77 133
172 173
34 148
113 145
108 113
99 133
56 173
19 148
