21.324293
551
23
17
15885
106 114
26 66
64 76
16 21
76 114
5 114
2 30
18 114
42 110
12 110
61 110
110 114
36 39
20 39
39 80
39 67
55 98
85 98
84 98
6 13
3 13
13 90
1 13
54 102
54 113
6 54
15 54
40 45
45 58
45 55
37 45
4 80
4 94
53 71
34 53
53 86
24 53
47 105
47 99
47 66
19 75
8 109
60 109
41 97
97 117
17 109
59 97
38 111
107 111
50 111
43 75
48 72
35 48
46 48
81 83
67 83
83 92
77 116
57 63
56 77
28 31
7 57
93 119
31 44
29 31
10 93
57 69
82 93
58 100
7 100
77 98
88 102
2 88
78 88
88 89
49 95
23 49
49 51
39 88
52 107
22 91
30 68
5 22
68 73
27 110
79 114
24 115
14 115
74 87
9 87
21 33
33 94
4 93
39 96
96 98
16 103
103 112
47 100
4 49
100 111
13 65
31 100
79 109
12 62
86 101
54 118
4 32
9 25
25 59
0 29
97 118
48 104
83 104
53 108
75 108
70 100
11 27
0 75
62 88
