58.850000
1
67
6
1734
60 225
49 238
62 235
44 289
63 193
63 247
131 291
64 273
65 170
94 258
66 130
59 229
59 256
49 135
85 93
63 110
153 206
93 173
149 181
54 143
93 294
65 189
152 205
145 180
144 208
39 93
42 101
69 278
42 114
43 241
72 142
155 213
47 299
143 297
74 272
49 108
37 269
69 76
42 52
69 77
144 188
42 164
71 155
144 175
46 220
74 159
48 123
154 218
143 185
130 289
123 295
112 258
153 288
130 293
125 299
53 170
118 188
56 123
152 214
124 271
101 131
84 175
129 218
102 143
90 155
104 255
104 275
55 279
106 284
106 236
118 190
121 202
121 297
121 138
89 144
124 241
142 163
78 97
107 121
78 197
78 222
118 244
118 285
119 153
120 289
215 249
103 106
142 252
239 279
128 239
139 232
20 201
56 98
137 261
137 242
137 217
136 211
99 166
3 94
131 200
17 273
6 39
234 277
228 271
6 287
225 264
95 289
98 126
98 192
98 281
0 34
4 211
131 156
5 167
6 58
232 274
288 297
191 225
223 230
220 248
15 186
15 207
189 265
29 74
24 40
24 231
34 299
24 297
7 152
25 236
0 86
21 116
37 268
21 246
35 45
22 252
218 221
30 63
24 282
17 253
30 105
0 61
19 225
0 240
1 170
2 21
9 123
28 79
251 271
249 263
26 81
241 254
12 81
160 201
12 210
279 298
279 280
271 296
33 167
258 290
51 277
161 189
247 299
55 130
25 211
12 198
59 203
31 34
28 91
162 274
183 274
180 226
15 279
167 267
28 84
17 96
36 139
18 74
166 277
31 176
31 178
177 249
34 202
170 199
29 104
36 146
165 180
31 88
188 220
187 230
36 260
37 250
184 201
145 227
19 227
113 227
23 227
268 283
271 283
57 157
62 237
70 134
128 134
93 283
157 196
56 157
237 257
26 134
38 237
101 237
137 283
148 237
149 157
32 69
32 263
32 218
41 270
235 270
35 195
151 195
115 195
64 169
22 194
104 276
169 219
152 172
194 224
158 299
132 274
132 142
59 132
21 122
122 225
259 286
155 292
28 174
37 262
289 292
45 286
36 262
6 174
34 245
10 153
10 167
17 141
78 141
141 170
14 201
14 249
8 87
8 83
101 233
150 297
56 150
80 105
38 100
100 243
179 180
73 80
68 74
83 179
49 68
109 279
16 99
127 297
82 133
67 277
27 130
67 137
11 63
82 92
168 258
11 106
168 241
27 211
74 171
154 209
34 209
92 182
34 182
134 140
50 214
13 23
15 147
147 151
111 121
111 148
212 230
212 222
266 283
172 216
204 276
117 158
117 132
141 245
75 233
75 216
127 204
13 16
