38.788095
1
63
1
17138
68 161
27 28
263 341
227 342
230 234
110 318
110 321
76 151
75 234
111 195
73 343
73 288
73 103
72 125
0 61
69 341
26 339
67 155
67 86
67 78
115 345
65 314
116 244
119 314
62 141
112 140
95 195
94 279
96 143
97 290
92 344
218 304
135 347
186 247
12 151
224 324
27 260
14 212
309 347
224 322
30 122
30 161
0 313
0 217
0 206
224 301
44 122
247 285
247 306
199 341
6 284
20 27
198 302
197 319
26 163
195 213
194 342
190 197
257 304
26 303
128 178
161 298
162 279
163 330
165 166
165 345
169 226
169 278
32 57
39 198
122 258
123 197
124 212
125 181
127 345
101 174
129 136
129 329
131 133
131 169
43 341
139 348
50 244
49 198
48 112
141 248
141 259
141 334
143 207
144 347
153 317
161 239
92 335
101 252
101 325
102 170
110 175
89 108
88 244
104 133
104 173
104 272
83 219
83 145
83 99
109 171
109 143
60 274
39 212
153 291
153 172
41 154
41 177
41 293
151 191
149 304
148 153
147 342
90 279
204 305
113 204
204 265
204 237
204 290
4 91
7 169
7 224
7 279
174 201
95 228
64 121
105 126
18 333
126 342
18 306
18 270
84 91
45 78
137 208
137 242
137 255
45 234
201 289
201 276
46 201
228 241
91 326
85 167
85 296
91 237
233 286
0 11
121 337
228 276
228 311
121 198
225 228
112 137
79 286
18 178
10 126
82 205
183 202
4 156
332 340
184 254
27 307
200 311
93 161
81 176
38 176
215 262
134 176
55 83
82 312
128 267
206 254
55 347
129 267
12 42
130 200
132 340
23 222
41 307
26 42
100 202
77 295
251 312
107 235
77 235
77 203
25 316
254 255
254 332
23 316
16 297
16 348
94 262
275 295
145 156
185 267
98 267
55 304
156 234
156 184
188 263
32 107
316 346
67 308
70 120
62 216
57 310
70 142
24 102
60 249
5 250
19 299
19 349
21 243
80 171
3 87
3 183
3 284
9 287
5 36
10 266
74 271
8 150
8 266
35 280
36 100
13 189
22 277
43 292
271 336
197 220
52 212
143 273
142 187
158 345
110 138
106 296
106 274
214 277
253 341
105 283
54 238
249 338
271 326
24 323
277 294
101 229
104 268
106 256
112 261
231 310
232 287
54 89
236 347
240 283
52 73
24 139
25 320
29 151
31 108
31 281
35 152
141 193
129 261
92 300
182 244
125 210
122 300
196 292
152 187
193 224
153 273
157 287
161 236
54 167
168 320
170 189
175 250
182 247
180 282
216 331
92 164
71 146
33 232
58 125
114 314
59 279
114 214
234 245
117 123
256 264
146 336
141 327
185 221
177 315
221 233
209 299
223 345
33 64
47 288
15 342
47 289
17 161
1 129
1 160
2 22
37 125
38 245
40 212
7 222
7 16
204 210
275 307
55 269
51 251
228 243
11 192
91 150
137 253
34 201
24 126
121 158
176 220
179 188
159 251
29 267
192 251
51 53
16 118
80 93
277 307
308 328
3 55
7 315
56 137
63 328
34 63
180 268
176 246
118 209
70 211
117 211
66 164
246 264
