42.633333
1
47
0
119737
52 88
48 84
95 160
48 145
49 127
50 98
51 99
95 125
51 174
48 67
52 93
52 104
52 113
54 81
54 164
94 175
94 133
44 88
36 95
37 172
38 94
39 47
41 54
42 64
101 139
101 117
56 119
44 106
100 144
100 120
98 161
97 111
47 156
47 159
79 158
71 111
71 127
72 127
73 86
85 153
73 142
74 177
82 172
69 111
79 145
77 133
78 85
78 95
78 133
78 155
79 96
40 172
68 129
66 73
85 170
64 162
63 134
62 148
62 121
90 168
60 98
58 101
57 171
57 132
94 112
56 149
56 136
128 152
10 100
11 54
12 167
13 133
131 143
130 141
15 143
16 48
137 138
17 110
17 179
18 21
35 51
18 83
18 176
19 63
5 133
166 167
164 172
1 130
2 17
150 168
3 27
146 168
4 111
18 75
6 63
7 27
144 169
8 35
8 101
143 147
137 154
31 70
25 164
26 129
128 151
27 53
28 64
29 60
29 130
30 129
117 165
116 167
31 107
31 108
32 57
109 140
109 122
105 117
103 117
22 25
20 44
126 137
21 56
21 100
124 177
23 177
118 127
24 128
25 115
25 157
91 128
87 167
95 114
101 163
87 143
0 63
79 135
109 114
135 177
164 178
17 80
48 91
45 168
45 130
44 163
43 169
14 46
43 123
14 118
52 89
19 65
34 42
33 94
21 55
33 47
31 80
27 33
24 59
22 59
2 34
76 98
73 89
65 117
0 62
76 127
0 129
59 109
4 59
7 34
76 137
57 114
9 46
76 147
0 92
173 178
33 55
102 114
92 173
61 102
