106.723718
163
112
80
18422
47 189
96 97
239 302
187 372
245 361
68 147
122 145
29 36
197 364
205 355
225 249
220 389
138 381
24 380
155 190
192 297
106 198
19 335
139 203
150 264
70 298
297 343
100 257
1 223
126 269
24 173
92 207
173 321
288 297
132 165
310 348
179 308
43 117
321 391
283 389
183 273
147 351
69 324
253 287
70 333
15 29
54 352
195 232
236 310
199 372
45 285
172 256
125 274
271 356
285 374
12 116
154 252
135 167
247 372
108 195
144 378
90 230
73 97
91 289
62 179
319 380
33 44
8 279
126 170
123 124
203 250
18 144
59 77
123 330
135 141
145 212
64 136
147 334
136 393
246 339
198 390
29 317
116 314
115 342
203 221
33 208
246 363
123 306
110 126
115 305
145 282
241 279
225 260
198 217
86 144
85 225
149 276
155 178
50 256
285 344
2 155
111 313
252 293
33 51
50 290
230 296
118 132
265 350
157 182
134 392
42 144
182 322
196 277
27 273
136 346
335 388
273 398
149 200
99 274
40 325
66 115
23 287
113 149
270 313
31 50
25 321
194 324
4 164
14 389
196 397
83 310
55 77
385 397
196 366
53 289
105 181
71 172
298 323
152 352
48 197
119 238
89 383
176 205
78 246
185 252
81 271
193 295
287 379
95 117
45 392
137 265
77 263
52 295
16 164
87 380
49 244
121 135
131 137
11 396
153 364
22 230
336 381
291 352
38 361
156 195
97 240
174 258
265 332
49 224
109 238
141 200
300 324
20 279
7 164
219 298
65 289
132 227
162 325
208 309
364 387
235 325
17 49
74 264
202 302
265 315
169 189
258 354
159 266
41 349
116 129
63 131
60 367
299 383
179 326
172 303
88 295
242 257
80 131
175 223
95 306
120 271
259 274
205 320
26 205
359 381
77 331
91 291
257 377
112 396
264 340
9 238
361 365
5 207
117 267
206 302
28 223
255 385
17 196
316 358
41 151
205 216
60 133
255 301
181 268
255 353
82 313
34 62
34 335
48 392
307 396
38 307
160 172
207 375
131 261
146 189
182 309
57 258
59 243
60 333
213 265
41 399
180 181
163 383
392 394
231 271
231 381
50 84
84 198
214 265
164 214
214 297
56 181
56 116
56 321
191 372
77 191
147 281
97 281
286 287
29 215
215 310
215 289
67 149
67 258
67 203
107 115
107 324
107 205
204 207
126 204
204 285
103 223
103 313
130 136
130 396
130 145
94 376
94 176
94 171
21 370
21 341
21 243
380 382
302 382
155 382
76 79
76 284
76 316
86 188
188 345
361 368
101 102
257 368
188 358
101 177
101 355
230 368
188 226
101 231
3 35
104 128
6 143
161 328
142 360
248 279
248 273
142 338
13 275
104 158
225 248
142 373
86 161
6 218
127 318
127 386
195 272
13 237
46 337
13 211
161 229
127 140
6 254
46 357
264 272
46 262
3 280
3 72
104 210
161 234
84 142
76 93
46 93
6 93
21 286
127 191
104 286
13 272
209 384
278 395
186 395
201 395
281 395
204 329
63 233
233 371
233 266
214 294
93 294
189 222
222 295
201 222
41 222
166 383
228 392
172 228
168 238
132 168
58 295
58 86
41 98
98 148
166 286
67 166
191 327
281 327
94 168
215 251
107 251
130 311
166 382
84 114
56 114
30 368
10 75
75 209
58 248
60 347
347 389
123 347
39 182
39 131
0 392
37 179
37 196
37 246
32 252
32 49
255 362
325 362
117 304
304 335
298 312
274 312
103 292
37 103
272 292
0 3
184 384
30 369
58 369
61 311
61 184
168 233
58 347
