43.833333
1
48
0
80817
76 95
64 102
66 113
69 89
69 114
70 76
72 150
74 102
74 113
75 118
63 114
76 99
78 86
78 152
78 162
79 158
80 109
80 134
82 98
84 100
52 127
39 57
39 94
41 135
42 119
45 60
47 168
48 147
51 78
52 58
87 147
52 149
52 163
55 60
55 62
55 83
55 93
55 142
57 97
57 106
131 171
114 154
115 125
117 141
119 151
122 173
123 171
124 168
126 151
128 168
113 175
139 153
139 155
141 150
143 153
147 162
150 167
151 165
161 173
171 176
102 145
89 116
89 146
90 103
92 130
98 99
98 164
100 117
100 156
101 114
0 140
102 179
103 105
104 112
104 127
104 130
104 138
108 153
111 158
12 113
30 39
29 56
29 41
7 118
28 129
7 144
28 92
8 28
9 31
9 37
27 65
27 54
9 155
10 98
11 118
38 160
27 44
26 125
25 29
24 103
23 127
23 88
13 38
23 71
23 59
22 45
14 35
14 85
14 177
15 36
18 57
32 166
0 21
0 142
1 147
2 158
3 45
4 53
38 157
4 73
4 99
4 159
5 173
36 133
7 14
36 120
32 77
7 41
32 174
34 125
7 81
7 96
89 148
9 107
91 110
16 68
171 178
39 50
99 169
100 172
0 178
118 132
118 172
121 151
121 166
6 33
125 148
122 137
6 80
44 137
55 121
33 68
50 76
49 173
36 107
46 153
46 103
45 49
50 120
43 168
43 150
38 132
42 68
41 121
40 162
57 148
19 110
19 136
19 74
20 127
74 169
68 162
67 158
67 114
28 121
40 61
17 170
17 61
20 148
