3.000000
135
21
1993
53952
72 128
67 136
126 156
5 130
18 112
28 109
32 64
104 148
2 75
73 119
93 133
95 126
20 75
47 91
76 121
58 93
5 116
11 13
64 96
19 156
28 121
116 151
10 87
21 104
83 131
51 72
34 118
41 43
34 64
16 64
105 122
78 89
130 146
40 41
41 139
53 139
0 126
76 131
33 82
19 137
39 131
36 114
79 85
65 145
26 117
30 137
64 93
99 119
84 91
21 130
13 41
27 44
60 64
89 93
22 120
101 127
7 66
114 154
27 147
131 137
3 120
119 121
68 119
24 129
111 138
102 114
81 129
81 120
64 68
2 124
11 145
54 138
54 84
66 122
3 71
70 104
7 41
62 140
45 97
80 104
117 141
37 72
72 119
57 123
6 130
61 152
124 150
98 149
17 96
16 98
36 87
62 63
61 139
56 143
62 123
44 101
27 29
62 149
100 142
42 118
120 127
58 134
27 103
135 142
18 121
27 55
27 109
32 94
88 133
92 121
5 86
118 124
52 131
35 134
113 151
5 85
31 103
17 82
40 106
12 124
124 132
135 157
107 141
4 20
67 121
9 91
108 152
48 129
91 159
91 118
31 139
38 79
120 143
50 139
69 137
86 118
15 62
23 99
104 144
37 153
137 154
90 144
45 88
77 158
49 114
59 129
77 150
25 153
23 26
46 119
59 157
8 112
14 52
1 115
1 57
8 125
14 155
74 110
55 74
