22.033333
1
29
0
108433
30 72
46 97
43 54
42 46
41 64
41 45
39 123
39 79
39 77
101 115
102 115
32 48
46 133
29 74
29 73
27 122
26 96
25 106
25 101
25 44
21 104
21 63
20 31
60 72
73 117
65 120
64 114
64 69
62 124
62 93
62 70
88 96
60 105
60 89
82 129
56 108
56 90
54 57
52 115
76 129
50 80
49 54
48 103
48 71
47 122
18 113
11 50
4 122
14 20
15 25
12 20
3 97
81 125
2 125
1 73
6 9
10 107
12 68
6 28
10 40
8 92
8 50
7 56
6 75
118 129
18 130
18 136
56 134
56 84
5 21
55 125
54 66
53 58
51 121
51 111
62 138
70 116
68 78
67 112
73 128
66 96
127 129
65 100
0 87
64 84
125 128
94 139
3 58
61 121
61 115
119 126
60 86
20 131
90 135
91 132
94 125
74 112
24 61
34 78
33 61
30 112
16 36
17 95
17 132
18 55
25 55
50 137
24 37
109 122
109 129
23 85
23 45
115 134
22 48
19 23
13 43
99 110
6 138
10 91
46 109
46 55
44 116
10 135
11 83
39 86
13 21
38 126
99 116
100 119
78 120
98 131
0 22
0 36
0 83
0 110
5 35
35 59
37 59
55 98
