18.000000
1
25
0
120954
73 77
48 118
29 58
29 84
67 124
68 89
69 118
16 23
30 118
49 74
76 126
47 80
77 97
32 83
13 84
12 105
11 107
33 55
62 135
20 49
62 122
49 127
61 97
60 62
59 97
50 53
26 33
23 40
23 104
25 103
51 77
50 133
50 126
84 87
106 125
0 77
102 125
4 8
97 117
35 42
6 43
90 125
121 124
89 108
86 105
125 131
8 17
8 25
83 101
39 124
8 120
83 85
80 109
80 93
33 110
10 62
10 105
37 63
38 139
44 115
45 78
45 124
46 57
47 138
46 64
79 94
137 138
128 139
120 132
114 138
103 136
98 136
94 130
92 112
89 115
83 136
82 91
80 81
52 75
78 128
76 132
71 83
70 114
66 113
65 132
64 123
63 128
62 81
54 97
52 90
8 27
21 106
21 33
19 56
18 89
15 82
14 84
14 79
14 23
11 19
9 137
9 88
9 41
9 28
15 70
7 124
7 96
7 77
7 49
6 136
3 117
3 107
3 72
2 118
2 50
1 138
38 66
36 113
35 132
34 97
34 88
31 134
31 96
27 125
24 119
24 65
22 31
22 112
5 128
95 116
95 123
5 111
99 129
100 111
100 132
54 116
129 136
14 136
18 99
