20.300000
1
26
0
73656
33 53
69 130
66 108
62 137
61 89
54 102
53 131
52 53
50 94
49 120
38 79
72 139
32 137
31 83
29 120
28 94
27 58
24 99
22 89
19 83
16 93
90 134
130 135
127 135
122 130
120 133
114 116
109 131
106 139
100 126
93 136
1 58
90 110
89 121
89 92
88 126
87 137
83 125
80 116
79 117
75 94
0 116
12 64
12 65
12 67
8 93
5 139
4 132
13 73
4 39
10 41
11 71
13 86
4 34
3 109
3 43
11 112
3 45
11 78
3 82
13 103
59 106
47 76
51 113
68 113
48 84
68 99
8 15
63 115
14 17
9 74
58 107
57 89
51 96
53 129
55 98
55 60
54 123
10 15
4 57
2 60
3 26
118 137
111 132
107 116
104 115
98 126
97 137
96 123
93 118
91 120
70 130
90 111
6 22
6 108
6 128
83 97
79 105
77 95
77 90
76 95
76 79
13 26
35 66
35 42
12 46
18 94
31 84
18 126
18 139
20 28
30 36
12 97
46 116
20 137
21 56
25 58
13 68
21 101
23 44
24 36
23 104
23 71
17 25
40 64
40 138
11 129
41 74
14 119
47 68
15 102
37 56
37 53
15 124
91 105
18 81
70 85
7 59
85 97
