80.564286
1
96
0
12858
138 358
152 367
149 325
147 256
146 434
145 399
143 359
143 248
143 240
141 377
140 356
140 344
153 311
136 349
136 295
134 184
133 227
131 178
130 371
128 313
125 339
124 432
124 338
173 185
187 202
186 298
183 280
183 201
181 201
179 428
178 351
178 279
177 377
176 314
173 395
123 256
172 367
169 173
167 436
161 413
160 379
159 314
158 290
158 168
155 306
154 358
86 265
96 255
94 317
94 156
93 362
93 137
93 115
92 201
91 268
91 151
88 411
88 384
97 281
86 234
86 130
85 446
85 195
84 368
83 187
82 364
82 194
81 134
79 310
112 200
121 405
121 198
118 140
117 272
114 445
114 429
114 391
114 347
114 192
113 143
187 324
111 237
110 212
108 158
104 141
104 140
103 325
102 134
101 426
100 133
97 393
289 436
303 314
301 443
301 397
300 368
299 355
298 390
298 301
296 428
295 297
291 377
290 306
305 396
288 347
283 438
283 371
283 304
281 442
277 398
277 310
276 320
274 328
273 312
339 406
439 440
432 435
424 439
408 415
399 414
399 403
386 444
375 441
349 430
348 449
345 444
272 318
335 427
333 444
330 426
327 441
326 409
326 376
321 331
313 383
312 378
305 437
206 282
236 276
232 259
229 434
228 358
223 430
221 306
216 311
211 298
209 311
207 449
206 298
237 343
206 246
205 415
204 275
203 353
203 224
197 434
193 312
192 203
191 444
188 231
255 370
271 347
269 379
267 410
266 449
263 426
261 430
259 294
259 278
257 410
256 372
124 210
254 325
253 410
252 281
248 426
248 314
245 310
243 276
242 256
241 415
238 441
63 306
9 12
58 275
8 112
12 433
30 231
60 123
13 28
60 159
60 447
61 255
29 369
12 174
29 275
28 392
8 47
7 402
1 127
28 98
27 368
27 332
39 62
67 133
39 213
57 215
52 158
51 237
53 299
34 256
54 166
54 248
54 319
55 173
34 231
33 439
32 237
77 358
57 273
32 91
50 305
57 285
31 380
11 295
31 135
57 389
31 132
49 85
7 14
23 299
19 323
19 401
40 110
40 307
22 301
21 249
5 60
7 329
3 114
6 121
21 80
43 427
18 94
42 425
17 237
21 66
40 244
40 239
78 379
1 118
1 38
25 206
15 337
39 382
76 428
45 427
70 112
39 418
19 218
4 82
69 194
74 347
74 246
280 287
10 313
178 222
41 99
325 423
175 333
180 310
39 157
187 258
37 59
315 431
316 352
309 419
10 275
180 283
7 385
308 412
40 190
196 365
35 382
199 283
284 305
251 345
16 126
287 331
284 314
255 400
23 107
260 436
21 107
248 322
16 326
17 65
20 369
270 286
281 340
20 126
19 258
276 363
19 164
222 301
35 162
203 350
206 292
31 182
209 292
212 431
214 298
31 59
217 309
12 233
201 292
14 270
293 430
230 237
230 434
231 363
28 334
235 416
293 347
292 326
247 367
15 89
388 436
95 275
95 316
95 439
68 448
400 415
68 225
99 321
100 354
65 413
65 387
65 290
64 308
388 449
95 133
381 433
1 340
107 428
367 423
109 421
62 420
112 334
60 144
59 217
116 290
358 385
354 415
119 274
0 134
75 328
75 129
85 350
73 270
86 157
73 247
72 394
87 336
88 148
72 296
88 404
72 295
41 373
89 185
90 114
90 368
91 164
0 298
72 82
71 235
71 72
93 182
94 150
69 421
339 373
142 272
142 422
48 399
144 337
48 195
342 343
48 88
148 259
148 327
341 427
47 412
46 379
119 361
46 313
336 394
161 270
334 430
163 410
6 220
170 339
171 448
42 309
56 251
122 435
346 393
124 148
2 440
122 302
346 398
57 334
57 116
121 341
56 421
120 421
54 106
139 346
139 381
342 407
322 374
334 366
2 105
360 420
341 346
309 417
309 388
292 417
142 171
142 262
48 196
150 208
44 357
44 163
165 260
170 226
72 208
106 250
64 75
250 366
26 374
26 189
219 357
24 341
24 36
262 352
264 360
189 233
190 226
36 219
