44.026324
166
63
83
2117
29 398
258 300
0 110
350 354
41 346
33 250
41 281
282 353
57 235
93 166
171 248
332 347
128 339
63 390
135 238
45 122
253 387
75 316
79 229
114 398
282 371
171 395
111 274
3 320
58 227
102 387
117 269
125 166
345 362
18 386
84 130
76 156
94 258
133 185
106 128
105 271
6 269
229 377
111 299
26 195
194 199
340 341
45 50
22 312
170 231
117 153
95 398
27 131
110 247
24 98
213 370
24 87
155 231
100 256
167 209
120 345
373 398
263 313
47 171
100 318
192 339
10 158
36 370
41 384
107 108
75 119
62 172
209 287
88 364
99 397
135 168
310 383
121 272
52 263
194 225
269 344
193 225
121 157
260 279
288 368
75 306
166 182
211 390
235 292
11 194
145 312
7 121
66 112
304 387
13 127
38 347
18 32
174 178
231 374
121 360
78 345
56 282
133 266
83 209
261 350
33 181
373 397
58 336
36 100
263 352
135 251
333 347
118 279
165 398
315 388
337 350
75 135
296 341
76 190
162 197
133 293
237 397
189 388
111 198
347 378
72 398
128 270
326 341
25 112
107 307
331 382
112 366
4 387
39 76
174 180
301 376
10 74
131 341
69 194
12 229
110 183
162 192
289 393
235 325
162 212
92 317
91 317
26 327
257 327
267 327
282 327
51 228
13 228
164 228
89 228
286 340
204 286
77 355
150 160
160 291
142 160
91 230
84 230
230 288
213 230
217 265
8 267
130 134
264 324
285 389
17 123
389 393
123 334
284 390
239 284
137 284
153 284
23 284
15 254
127 254
10 338
187 348
186 348
69 233
1 233
233 391
262 357
71 369
44 280
279 396
271 396
380 396
37 396
61 110
78 148
70 148
351 388
302 351
135 240
142 240
165 319
81 132
132 147
103 132
57 86
60 86
3 9
9 364
335 392
116 291
46 103
137 232
232 244
100 215
159 279
220 322
214 220
112 268
86 265
311 375
113 285
113 166
242 317
80 101
101 210
1 321
321 343
144 154
154 210
55 154
154 394
171 363
269 379
128 379
58 278
218 259
218 236
218 320
245 276
276 301
241 376
157 241
81 169
345 358
221 345
24 207
111 298
41 399
16 146
33 115
4 28
28 68
330 345
203 368
203 343
75 367
65 355
64 185
90 238
90 105
273 347
273 390
10 205
205 347
160 363
175 387
175 194
249 253
249 382
67 334
67 312
45 252
18 252
107 252
229 252
218 230
42 58
42 341
228 298
54 107
54 114
115 228
166 308
100 308
208 383
139 208
208 312
208 302
33 149
41 149
82 198
82 279
138 381
41 138
188 353
18 188
14 282
14 135
202 388
202 231
174 202
107 202
161 171
109 155
109 264
324 329
126 289
126 305
219 323
219 224
19 323
19 390
107 223
223 305
5 88
173 183
173 243
172 173
5 48
148 280
45 246
85 348
34 283
61 396
20 332
20 365
97 242
140 234
65 222
200 281
200 322
35 176
176 217
132 385
206 254
169 222
97 169
284 294
40 86
262 268
73 290
73 112
277 290
277 295
330 338
221 233
16 233
196 255
196 317
8 140
154 385
226 234
85 86
121 141
141 398
143 163
44 143
258 314
328 331
76 297
328 359
263 275
162 297
133 314
2 399
59 361
59 335
207 372
104 309
104 244
367 369
129 342
129 258
21 24
21 295
2 177
53 350
53 209
151 356
151 187
177 372
43 375
43 96
86 311
49 349
49 70
31 319
216 278
31 216
124 206
169 191
30 124
152 303
179 358
184 350
136 329
152 191
201 294
134 275
86 252
64 159
246 392
34 392
148 184
