44.326847
73
52
12
13640
0 12
61 127
144 219
115 144
144 210
5 144
125 206
164 206
55 206
177 206
191 229
80 229
47 229
30 229
168 200
26 238
91 223
130 158
132 175
142 171
14 226
7 52
87 229
31 159
159 217
159 178
119 159
57 81
81 238
48 81
81 85
134 201
112 129
20 201
71 129
129 208
201 249
129 249
157 246
21 157
65 157
110 248
2 110
174 187
110 178
174 218
97 153
170 174
63 97
97 150
24 110
8 97
124 174
56 234
103 234
230 234
133 195
118 195
94 114
28 141
58 239
71 94
141 186
49 58
94 95
58 140
141 149
94 224
111 172
13 244
66 227
76 227
165 211
100 111
227 243
165 194
59 242
14 165
4 13
32 59
10 13
96 138
35 38
38 152
38 219
78 102
78 146
78 212
78 163
108 139
108 117
60 108
74 135
73 88
70 83
70 104
70 79
73 215
44 50
216 241
74 156
92 148
92 123
36 92
73 153
50 98
50 62
216 221
93 216
74 187
141 157
15 43
15 233
122 131
122 247
122 223
113 197
113 116
113 169
29 158
29 192
29 46
17 214
202 214
145 235
34 236
34 109
34 182
7 161
61 161
67 161
144 161
18 225
39 213
39 240
77 181
77 205
18 22
1 189
1 86
1 42
128 166
77 89
128 137
18 155
128 160
39 147
196 236
47 196
37 196
127 196
108 201
177 220
220 229
23 60
183 184
11 64
64 170
64 226
26 64
144 222
159 235
79 198
87 126
54 126
58 167
154 176
68 154
69 154
90 119
90 179
12 107
82 188
107 121
120 142
0 82
120 237
82 85
99 163
84 99
16 17
16 231
110 220
3 164
3 53
51 168
27 200
27 138
27 91
185 193
185 204
51 171
51 175
143 201
220 234
50 167
80 228
59 214
180 245
13 207
75 116
19 188
10 75
144 173
96 128
77 96
81 162
40 129
34 167
45 174
40 97
141 199
39 167
58 151
111 222
157 162
96 184
94 190
41 195
96 198
151 165
29 214
25 193
25 231
38 190
9 167
18 214
1 235
45 227
78 136
180 195
41 70
15 209
72 92
203 216
214 232
113 136
9 207
105 220
122 203
23 33
6 105
15 228
72 196
154 209
51 199
101 232
33 101
106 173
