33.000000
599
54
1
13444
246 314
89 278
299 340
1 137
56 313
293 337
2 121
2 184
2 186
293 310
3 280
86 104
85 245
4 336
5 24
314 333
6 40
57 238
58 330
278 303
83 319
83 109
82 344
82 274
257 269
10 77
256 277
256 260
92 133
122 262
228 295
28 136
245 314
245 311
245 280
242 280
241 280
81 83
240 252
80 338
80 248
233 278
232 343
231 342
80 214
63 299
226 290
226 272
16 77
94 214
94 293
122 145
223 313
122 129
218 280
78 341
215 232
213 289
120 188
35 313
120 141
20 232
130 275
77 191
22 226
23 206
24 256
77 133
130 306
76 136
130 339
119 335
119 203
133 166
48 189
48 298
29 41
30 232
31 206
32 117
180 245
178 267
104 142
48 292
104 244
175 329
175 296
48 233
283 330
143 313
156 291
133 317
72 158
71 314
46 281
69 82
134 280
45 264
135 175
163 324
162 299
117 349
157 295
209 314
136 315
136 166
144 324
146 238
41 120
148 257
140 330
116 120
40 229
117 197
151 257
152 206
152 301
41 106
80 106
106 256
187 285
173 347
28 207
171 213
171 178
1 273
285 299
39 100
39 175
42 47
270 285
40 249
165 236
4 285
73 249
131 323
102 249
131 169
131 316
128 311
128 237
154 171
158 171
5 131
16 221
164 257
15 313
167 224
123 170
170 328
176 190
176 212
123 343
136 164
75 177
74 112
34 289
36 231
36 308
36 345
37 137
68 118
34 126
67 250
81 217
82 88
77 328
2 108
15 243
8 254
74 287
48 225
34 156
18 245
67 165
66 332
66 210
37 259
59 183
15 83
225 226
108 136
201 278
122 282
183 305
119 153
111 149
280 282
113 328
176 256
115 334
222 330
224 316
93 176
149 240
101 183
224 243
0 112
254 264
115 314
114 256
43 202
19 93
19 119
99 300
110 133
44 219
51 83
46 65
44 325
47 64
99 304
11 348
2 263
78 326
73 234
90 226
90 117
102 326
97 293
12 252
104 161
27 284
50 255
105 193
105 342
107 124
17 263
87 295
79 283
51 77
21 139
297 327
62 312
150 332
154 247
192 234
9 113
181 235
87 175
9 49
271 326
138 230
124 204
125 304
127 318
247 302
150 218
138 322
11 45
195 329
12 301
65 334
13 238
64 267
27 258
27 246
210 327
60 325
195 205
60 100
59 239
202 341
96 235
14 299
54 313
106 268
106 279
107 276
95 306
98 189
98 175
42 207
101 288
3 309
167 251
266 314
238 265
284 346
95 190
230 346
133 196
168 184
168 175
309 340
321 324
182 237
194 197
199 295
26 266
91 271
84 96
77 132
33 61
35 265
77 227
53 70
52 324
111 172
41 276
40 286
55 216
0 249
183 249
75 268
42 88
38 207
36 207
34 200
114 254
185 279
173 239
159 207
173 198
42 155
236 320
14 42
147 207
285 300
118 300
185 261
25 224
115 255
115 211
127 153
103 222
103 217
161 176
201 220
200 312
15 21
106 174
106 288
7 173
198 235
171 331
273 307
52 173
53 224
160 254
294 328
221 253
208 300
253 320
33 79
172 235
160 307
179 286
55 179
