48.107575
372
57
19
16429
14 238
113 153
97 207
185 238
102 153
42 207
34 176
112 207
153 186
90 176
73 227
15 153
171 245
222 245
91 245
82 227
106 206
193 206
81 195
57 238
60 227
145 176
54 237
12 243
71 95
38 168
187 189
65 170
143 184
172 190
32 172
85 172
40 244
164 244
181 244
40 111
14 122
121 197
234 241
20 214
160 197
77 239
132 239
183 197
178 241
51 214
209 241
66 239
28 214
22 229
22 246
78 84
78 116
67 78
78 176
230 231
175 231
53 195
24 53
48 53
79 169
65 169
169 236
218 248
17 218
63 218
43 68
33 68
68 162
29 155
29 46
18 144
18 128
19 37
70 126
70 212
37 215
29 31
6 18
45 70
18 225
29 245
37 170
118 174
122 165
165 220
83 120
174 233
165 235
59 120
166 174
120 134
36 50
21 36
89 137
89 145
89 179
89 119
124 162
124 167
124 154
124 243
64 98
1 64
64 99
70 78
109 219
6 109
109 196
23 103
23 41
23 203
23 224
44 76
30 44
44 125
114 240
112 114
114 249
140 173
173 189
173 228
177 242
177 182
55 177
47 133
16 47
107 135
107 206
147 152
107 136
147 192
9 147
96 107
49 80
49 71
49 204
5 115
5 27
5 86
151 193
151 217
151 210
12 198
7 163
81 156
143 163
61 156
105 163
168 198
104 201
75 211
8 211
2 11
2 199
72 159
72 130
2 213
72 247
39 60
39 61
39 238
86 150
105 150
150 206
93 223
93 129
38 93
41 93
10 58
58 111
58 184
74 142
30 146
100 126
100 207
221 222
87 241
120 138
141 148
95 141
104 141
74 78
37 39
221 231
166 191
158 172
117 237
3 117
88 176
75 110
110 242
110 207
35 153
202 245
202 244
4 62
4 113
37 127
146 174
52 69
52 187
108 214
26 54
26 149
200 239
139 197
36 146
47 138
158 231
22 88
131 172
25 131
53 205
87 114
0 180
206 226
13 20
139 169
208 248
1 208
35 218
70 157
68 108
22 226
18 94
72 138
22 208
94 124
56 177
157 173
2 127
147 205
123 150
5 200
47 216
92 127
92 123
141 146
138 232
39 232
101 201
117 127
161 194
56 188
161 188
13 58
191 216
0 117
