13.901391
259
25
0
41102
26 158
107 127
10 42
42 73
11 158
107 133
12 41
12 99
27 145
12 141
56 87
56 72
42 110
14 31
104 107
118 137
53 87
52 77
16 109
16 138
18 86
108 118
48 135
113 150
114 145
87 136
87 153
64 86
2 17
2 35
2 128
32 63
143 144
3 12
145 156
31 154
38 86
134 150
99 150
126 158
126 135
63 149
63 90
61 147
7 69
30 135
69 118
98 158
91 135
91 95
0 117
100 120
80 94
42 70
92 141
43 54
42 139
42 117
37 115
39 103
93 117
76 124
71 105
70 101
67 103
72 81
66 68
65 145
73 115
75 136
75 159
59 102
59 67
58 112
57 150
88 92
77 112
78 140
54 96
29 93
80 146
50 96
49 97
84 89
46 155
84 92
87 132
44 79
8 131
18 142
16 152
16 85
16 36
117 119
118 123
15 63
13 129
13 63
119 152
12 123
12 39
11 83
9 115
9 96
34 52
8 129
120 143
7 82
6 158
6 151
132 146
133 139
142 145
4 130
4 74
2 15
1 147
1 122
34 125
28 116
27 92
25 101
25 66
107 148
24 82
105 124
23 135
31 68
22 151
31 132
115 140
32 46
21 157
21 144
21 97
116 121
20 121
19 112
33 130
92 132
106 121
96 106
121 124
112 148
29 111
28 47
22 62
15 92
5 111
5 79
1 57
1 55
49 60
62 89
55 74
51 83
45 124
43 60
40 124
