25.157679
305
33
4
10580
33 91
143 179
154 197
4 79
105 124
62 187
24 110
69 173
173 174
20 173
129 173
10 85
83 85
28 85
53 85
68 143
25 68
68 114
31 90
36 90
63 90
107 178
86 178
174 178
138 178
81 104
40 104
104 162
159 182
111 159
126 159
8 159
89 93
35 93
93 158
4 93
88 167
88 109
33 88
84 88
127 192
127 169
127 133
11 102
102 128
102 126
65 66
65 125
65 100
52 92
52 118
52 142
52 148
24 139
3 166
39 139
41 166
55 166
5 144
5 123
5 176
6 193
105 193
98 149
1 96
39 157
83 157
157 199
181 185
151 185
34 97
34 183
47 165
103 187
42 80
48 124
29 113
42 192
29 66
48 147
138 184
152 184
112 184
109 153
14 153
38 153
116 161
61 161
120 170
56 137
27 54
54 115
170 186
17 56
56 136
141 170
101 175
37 74
37 51
134 188
122 134
101 156
44 101
134 194
98 172
150 172
60 190
60 135
50 64
50 95
50 131
49 163
195 198
130 198
7 108
91 108
49 130
17 195
1 132
132 155
9 41
87 154
45 87
140 164
97 140
15 59
59 77
43 76
76 110
177 189
177 197
75 145
18 146
75 165
18 36
75 113
173 196
68 71
22 68
42 173
43 160
6 160
71 93
85 103
26 182
81 119
119 155
46 118
58 194
67 141
2 15
106 150
72 131
106 183
72 189
71 166
5 71
168 173
12 90
5 102
12 22
23 82
71 184
85 191
22 54
71 99
32 178
82 121
82 99
13 22
78 82
21 22
73 104
16 159
47 153
134 149
166 191
60 96
157 163
19 157
94 185
21 161
16 170
68 70
94 101
37 73
104 171
82 171
82 117
50 180
121 180
2 127
19 75
57 185
46 54
0 60
30 58
30 70
57 67
