134.392691
11092
142
5
13789
258 338
198 202
74 413
309 425
195 419
3 62
65 154
33 77
136 192
256 341
60 169
230 310
141 304
227 367
105 389
418 478
47 478
39 478
295 378
25 378
146 470
150 378
353 470
362 470
61 378
67 470
110 497
2 497
237 497
113 416
416 419
84 416
78 416
60 337
157 337
337 456
87 455
55 87
87 154
78 293
293 329
293 317
178 209
178 201
107 178
236 293
80 87
3 178
108 181
108 229
248 257
108 461
257 345
257 367
257 394
48 98
48 267
48 150
48 312
68 429
68 462
8 172
68 146
8 476
8 158
8 395
68 386
480 491
202 212
136 260
1 212
23 260
227 491
316 491
102 260
69 212
132 354
269 468
164 475
245 382
359 388
131 439
184 464
155 210
148 441
134 321
119 404
120 254
159 210
236 495
214 354
149 498
258 475
253 432
327 464
299 446
122 474
57 446
40 333
128 495
37 354
36 321
49 383
287 495
71 382
411 427
127 333
62 114
440 474
363 409
244 356
426 498
268 383
374 464
309 409
308 333
174 321
99 114
14 114
279 427
81 404
315 432
115 356
30 254
370 432
26 468
398 404
168 382
65 383
208 254
4 210
221 446
281 427
83 474
200 468
211 475
135 441
169 441
173 498
319 388
323 356
204 409
9 388
322 439
105 177
177 358
70 177
66 82
82 103
61 82
76 163
241 431
192 331
176 241
74 176
231 331
129 176
331 414
206 259
225 259
259 341
346 364
338 346
239 346
96 270
270 430
19 270
162 269
223 276
369 448
51 365
365 437
380 476
224 450
381 428
263 365
301 403
73 306
42 352
38 59
273 326
63 289
130 143
124 407
222 399
101 407
276 393
137 233
10 289
91 143
118 247
76 186
104 352
111 276
28 448
285 380
59 481
64 428
31 380
428 466
289 397
350 351
142 187
187 292
228 233
183 186
175 187
189 326
213 350
186 408
143 406
170 399
27 59
180 306
352 487
166 247
407 423
336 450
403 434
306 357
325 403
326 339
399 445
247 460
438 489
448 483
233 396
318 350
297 438
450 484
171 438
238 304
238 313
133 238
387 433
387 394
80 243
243 447
320 387
243 435
50 117
50 86
33 50
188 472
335 449
88 92
125 145
52 54
251 300
252 298
252 422
255 392
266 305
344 492
220 277
125 391
18 246
185 372
21 469
21 205
193 255
18 412
44 251
11 18
123 330
20 97
188 355
12 340
151 335
220 302
6 125
22 188
58 100
52 153
140 266
116 123
85 265
372 490
251 256
92 95
92 467
100 471
100 139
123 454
97 494
97 347
93 220
335 366
296 344
272 275
156 272
344 389
340 488
340 457
272 400
265 390
265 284
266 282
372 499
255 479
72 252
56 386
56 314
56 234
141 443
425 443
343 443
16 384
17 230
16 77
16 262
17 496
17 349
90 310
90 144
90 405
13 198
13 451
13 46
197 415
264 477
0 79
235 421
197 452
121 401
121 424
34 112
94 377
94 194
0 328
34 417
203 219
203 361
15 226
15 199
242 332
264 385
32 216
32 473
34 311
45 75
235 371
203 348
0 41
15 463
45 379
32 138
235 436
242 493
121 126
242 271
264 360
45 147
197 375
94 106
209 280
280 294
195 280
261 478
465 478
261 497
19 307
307 499
196 400
291 470
337 465
378 482
87 334
68 163
261 365
114 163
5 416
92 261
178 410
160 293
286 495
8 376
232 409
291 498
334 404
29 257
163 344
324 491
254 453
446 482
35 468
43 441
432 453
324 388
215 333
191 474
283 354
215 321
210 217
376 427
286 352
372 465
251 465
167 431
278 331
306 334
59 152
376 431
162 482
162 278
190 326
247 278
278 407
186 190
233 482
324 438
191 350
217 428
373 403
179 450
53 448
53 399
215 276
48 89
261 288
18 286
240 439
50 152
167 387
232 335
255 291
152 188
207 212
260 442
303 431
35 100
43 123
190 340
35 125
162 249
240 431
160 464
207 382
356 442
82 444
109 163
217 266
179 265
179 220
21 373
97 283
177 342
5 270
289 485
29 143
346 402
187 444
13 453
45 232
24 176
7 497
368 465
121 167
15 167
43 197
32 283
242 376
203 373
94 191
53 264
52 485
324 486
238 410
272 402
89 243
24 252
165 232
35 161
17 402
218 453
190 218
161 283
235 240
16 24
165 373
274 291
109 179
215 368
43 290
240 280
34 342
108 196
53 290
0 410
191 274
217 288
303 459
182 420
420 459
290 458
290 402
7 52
249 250
250 458
