14.228192
81
25
51
5704
26 126
60 149
119 120
100 115
119 146
31 118
77 180
22 30
31 69
90 142
50 68
111 199
124 126
3 180
1 126
26 116
56 92
88 170
71 75
125 131
78 160
86 125
1 23
89 111
71 191
81 171
60 182
125 134
142 168
42 56
115 142
71 137
71 181
45 71
19 142
94 151
50 127
60 148
14 119
95 128
24 128
115 157
31 33
30 53
50 144
30 175
80 143
88 145
29 114
67 129
21 98
154 188
36 76
17 184
136 184
152 166
117 152
62 152
15 32
72 108
28 196
14 196
60 141
66 132
46 132
28 150
133 190
51 104
30 167
64 97
11 138
117 172
16 139
16 198
85 112
17 85
39 128
96 101
99 101
70 101
54 115
10 148
10 119
105 136
115 158
174 178
80 174
151 174
88 103
93 177
101 129
91 126
12 180
31 169
31 183
65 125
9 45
61 67
51 61
47 166
135 194
63 168
63 192
4 143
4 155
18 165
82 83
82 118
21 38
38 83
32 132
76 197
123 176
30 176
65 98
13 126
13 115
159 191
58 159
114 135
8 34
29 52
52 116
84 178
84 137
49 81
15 49
31 106
106 111
56 193
32 54
161 189
50 121
71 121
97 108
44 72
7 44
109 196
32 162
128 153
88 153
5 179
34 150
55 101
107 185
55 197
173 188
101 156
41 101
6 196
113 160
110 113
88 113
113 123
79 185
48 156
48 167
40 132
56 73
74 198
47 196
20 150
150 169
8 173
102 104
20 41
79 187
37 138
37 172
39 187
6 27
57 174
107 147
74 87
2 130
2 111
35 164
35 165
35 133
91 105
87 158
108 161
0 130
0 195
140 180
140 142
43 150
12 183
43 190
103 163
40 186
177 186
5 109
59 147
27 193
73 108
122 163
25 122
57 113
