28.000000
632
44
0
15236
142 182
44 154
125 213
43 217
43 152
125 266
43 100
42 163
41 235
40 136
132 160
133 182
136 216
139 251
140 297
141 207
44 160
32 267
32 188
149 175
30 265
30 257
154 172
154 197
154 280
157 162
27 100
157 222
24 60
160 231
161 275
87 140
71 136
69 114
75 175
76 298
67 136
66 281
66 227
66 151
65 294
64 191
80 86
85 241
60 157
60 94
34 251
89 219
96 182
97 190
100 164
100 178
102 125
108 241
49 191
113 191
114 225
116 273
123 157
124 298
45 160
186 273
244 295
6 275
18 230
181 182
18 185
181 215
182 249
11 271
235 273
180 202
187 225
206 215
204 215
194 296
238 244
202 279
15 202
201 202
200 271
10 50
258 271
170 244
173 191
228 244
218 219
169 298
3 140
175 177
223 225
168 271
163 221
251 254
163 256
220 241
273 292
103 126
90 135
91 145
92 129
95 128
102 120
101 191
100 224
233 269
98 174
99 251
242 262
72 225
72 234
74 168
74 243
255 292
255 272
77 143
77 260
252 282
247 262
79 165
79 190
90 97
81 105
82 176
83 84
83 211
84 293
239 270
238 293
86 109
237 292
87 192
236 244
153 243
138 219
1 103
141 239
143 183
145 228
150 189
179 275
177 248
136 196
173 292
155 194
155 251
155 261
155 270
156 219
171 182
157 299
158 291
159 278
209 251
105 292
106 294
110 115
110 252
112 287
216 269
211 285
209 275
117 142
119 154
121 286
104 241
208 296
208 278
207 210
125 220
198 288
126 192
196 244
127 231
128 289
195 245
134 240
135 144
35 290
22 282
23 279
25 58
25 248
26 281
27 156
29 163
30 88
30 171
31 157
32 272
35 274
22 241
36 37
36 273
37 287
38 175
38 191
41 73
43 118
43 167
46 271
48 289
50 159
51 92
51 193
13 290
0 117
4 28
5 247
7 39
7 166
7 245
8 283
9 121
9 146
9 212
11 252
12 210
13 130
70 160
14 225
14 273
15 268
16 100
16 140
17 30
17 212
18 57
18 195
19 153
19 292
20 264
61 107
68 193
54 261
62 83
68 205
61 82
58 277
65 77
54 298
70 215
63 106
66 88
63 240
176 252
21 179
20 138
61 129
61 274
81 147
189 285
183 199
184 229
184 236
184 259
88 263
88 199
158 226
158 286
59 196
23 33
21 276
78 288
174 214
8 174
7 196
73 122
246 253
5 246
250 288
253 284
2 174
2 148
268 276
28 229
14 232
78 239
14 83
77 148
214 239
9 57
232 284
47 288
115 144
47 56
118 130
46 95
55 226
52 109
53 196
104 203
52 61
101 137
111 259
31 99
93 131
93 203
29 158
