5.000000
531
17
0
48049
0 40
27 107
29 107
30 111
30 118
17 46
33 93
44 102
45 102
10 102
53 93
82 93
104 107
0 103
34 90
87 91
88 101
42 116
42 84
41 107
41 93
39 81
38 113
38 92
38 66
36 54
35 55
46 90
91 105
32 100
32 49
31 55
93 96
31 43
30 51
0 13
112 114
25 107
23 76
63 93
82 87
81 104
79 88
78 105
77 114
70 98
70 89
68 85
67 98
67 94
67 68
64 95
64 87
86 90
62 96
60 97
60 85
58 86
56 114
54 116
54 66
83 107
50 67
48 102
47 88
4 26
8 56
19 73
19 22
18 74
18 72
16 38
15 85
8 30
0 51
5 17
7 99
12 79
5 100
5 119
13 78
9 11
21 101
0 115
8 113
20 112
21 109
20 106
57 95
52 74
6 110
65 73
65 117
57 117
8 71
63 69
58 73
61 115
8 85
59 110
2 73
1 32
90 99
88 97
87 108
2 24
3 73
80 87
75 114
5 52
28 72
37 67
14 59
35 108
14 69
26 114
23 67
9 61
48 80
