41.607626
151
60
21
10418
199 340
290 324
212 324
59 284
333 340
149 216
176 284
226 284
221 340
27 214
172 324
68 116
107 233
169 321
218 349
180 293
271 293
245 318
2 349
197 233
150 253
192 228
141 246
49 246
174 223
174 299
174 239
174 186
3 174
41 150
44 345
150 269
158 270
74 158
158 196
133 245
245 343
148 245
166 209
209 235
135 228
227 259
37 259
250 296
261 320
171 261
250 261
233 304
30 65
65 302
112 275
79 336
329 345
228 287
139 162
100 182
146 162
217 283
67 266
47 332
75 259
57 321
33 233
42 182
228 313
25 349
28 345
104 336
13 279
157 279
327 339
21 339
254 339
283 321
153 293
99 162
155 259
19 279
67 213
213 291
80 220
29 213
61 220
220 248
116 311
311 344
119 311
151 225
151 349
6 151
58 175
58 267
32 58
117 295
31 117
93 117
128 285
125 128
101 105
105 275
105 124
105 193
85 144
144 160
144 273
272 277
272 278
272 305
167 183
167 281
165 167
114 237
114 170
90 232
90 289
70 114
131 219
15 131
24 131
95 244
87 348
10 316
149 251
62 244
120 348
101 251
109 251
224 316
314 316
142 203
247 286
76 286
1 286
60 319
317 319
51 257
12 140
12 190
51 63
12 342
51 106
238 307
40 335
196 264
118 264
84 264
38 158
110 345
38 46
110 349
243 255
39 255
282 331
52 332
52 179
52 189
145 284
72 145
4 27
0 11
11 214
11 188
11 334
204 290
38 128
105 315
191 345
153 211
222 336
64 258
206 303
48 137
41 292
258 277
189 222
292 341
157 222
137 299
164 340
35 239
26 35
35 301
147 263
15 147
103 147
81 201
254 346
65 288
143 256
256 266
256 295
108 279
83 261
83 328
45 216
45 120
98 293
34 321
34 276
34 296
34 46
98 321
17 324
220 310
150 309
228 309
16 262
111 126
111 326
16 331
23 294
111 135
23 247
62 111
228 241
96 152
96 201
205 261
32 265
246 265
58 164
268 311
151 268
187 298
108 117
110 272
36 208
325 347
82 325
58 98
181 233
65 181
5 66
5 68
182 236
236 339
121 188
65 121
178 215
22 202
22 163
156 280
129 242
91 231
156 301
43 259
91 112
77 97
89 103
54 281
102 168
88 162
73 298
77 263
102 252
54 317
73 249
260 322
89 113
43 336
260 334
129 195
75 86
136 177
86 306
7 144
55 234
55 139
50 343
50 138
245 337
209 337
76 154
154 162
69 213
167 300
240 248
297 336
94 326
330 345
207 314
10 240
0 207
184 273
134 184
173 194
14 118
114 241
8 20
8 158
130 151
132 168
132 150
9 65
9 293
215 272
185 293
182 185
110 198
198 315
4 307
123 195
123 304
145 335
145 264
7 251
127 242
127 287
78 243
18 182
209 229
229 312
78 82
18 202
90 337
17 286
38 204
203 205
222 307
161 307
35 38
7 56
307 323
96 282
92 274
56 338
307 325
122 191
7 303
200 346
12 88
51 69
256 300
98 230
230 338
92 200
110 136
274 337
14 131
208 288
38 53
52 308
71 145
115 211
96 210
159 323
115 187
173 325
130 210
