47.926190
1
60
1
15873
133 169
119 150
119 239
121 205
122 152
122 295
123 169
0 249
129 208
132 196
117 294
135 182
135 270
140 149
144 231
148 222
154 243
160 207
160 209
161 176
280 286
253 263
253 298
261 296
262 265
264 296
265 281
266 269
269 278
277 296
161 186
127 140
110 132
112 125
112 190
114 121
115 241
115 277
117 289
16 122
37 49
37 275
37 242
37 134
37 64
25 146
2 225
17 258
27 115
38 107
19 87
2 274
2 195
2 63
22 157
22 53
21 121
98 112
43 90
41 237
52 96
14 175
50 272
5 137
30 237
31 174
48 117
46 280
87 201
33 95
34 76
29 188
34 140
35 175
9 265
12 140
11 181
76 273
103 106
103 151
103 223
103 225
105 131
105 152
105 252
107 165
107 200
102 277
56 253
57 118
57 256
59 144
61 83
62 168
62 189
65 160
95 142
87 247
88 132
90 285
91 250
92 112
92 146
93 237
94 174
95 111
235 258
96 97
96 124
96 197
85 276
101 146
102 113
102 155
102 260
188 267
226 249
162 269
169 193
171 212
175 263
175 279
179 243
184 250
185 258
69 119
188 299
194 253
199 220
217 280
218 250
161 233
227 243
250 264
66 135
83 251
69 236
71 296
74 249
76 209
109 210
76 287
77 138
77 187
78 254
79 174
80 222
81 86
81 221
81 272
83 172
84 115
77 293
87 143
50 141
141 212
141 255
141 263
141 290
143 169
143 146
202 213
202 265
3 75
18 75
1 129
1 216
1 255
85 202
75 269
39 202
166 259
204 210
183 208
178 246
178 182
156 174
170 258
183 292
103 170
166 227
8 268
62 232
0 40
44 108
26 108
77 219
96 116
36 76
29 128
54 112
100 215
72 145
54 95
73 198
81 271
72 153
197 204
40 250
64 268
116 121
36 248
110 224
135 234
10 36
120 158
127 166
234 297
120 220
204 238
130 164
147 178
204 280
213 240
120 236
145 276
137 215
2 271
18 166
2 219
130 282
156 160
20 90
122 203
94 104
70 265
82 146
51 214
37 60
70 117
83 230
78 159
76 180
13 90
57 180
22 32
60 280
23 47
58 67
24 89
47 109
24 284
5 214
263 288
254 283
244 277
159 228
11 24
199 283
7 188
7 119
214 297
203 222
4 37
32 107
32 161
99 249
81 229
13 105
67 181
99 237
4 57
75 141
147 206
55 75
28 76
105 206
45 217
26 211
2 42
62 173
76 136
173 269
163 248
22 257
174 177
6 45
126 144
42 93
28 282
15 176
132 211
136 284
87 177
15 191
143 198
55 128
143 214
143 245
167 232
224 245
120 230
153 291
192 240
139 143
244 291
68 75
32 167
126 139
