5.000000
270
11
0
93916
56 71
42 59
42 78
42 89
33 71
28 71
28 34
64 91
65 91
70 87
10 15
10 13
7 79
7 10
6 48
6 20
86 91
3 94
18 58
45 63
82 88
27 46
47 91
26 96
51 62
25 38
24 69
24 65
23 85
54 71
21 38
6 45
37 70
94 97
41 54
42 66
39 90
39 55
42 76
88 98
42 81
30 37
87 92
36 80
34 95
31 79
31 41
44 99
14 55
3 95
71 72
71 84
18 23
10 49
69 82
2 82
63 97
10 11
14 82
9 89
5 92
6 52
6 57
5 50
60 99
8 26
8 76
43 68
81 90
44 74
81 97
44 68
81 93
75 93
43 67
74 83
58 81
57 61
61 62
53 97
50 60
19 47
19 27
17 84
16 26
12 73
12 67
12 35
12 21
11 40
4 83
1 53
0 32
29 44
36 73
32 35
29 97
22 77
22 75
