21.000000
434
33
0
2476
62 174
20 139
20 30
143 182
142 179
127 163
17 80
58 104
58 118
61 182
123 180
141 172
13 185
13 151
36 45
13 49
65 139
12 30
36 160
70 180
54 99
52 58
32 82
30 165
122 126
148 161
120 139
28 58
119 157
26 82
36 140
25 128
25 68
54 102
23 174
54 195
22 71
21 161
21 117
21 60
45 186
71 85
166 189
78 135
79 176
81 97
82 88
41 47
86 142
6 105
93 157
107 174
45 169
188 189
129 142
189 190
44 58
45 76
36 164
48 145
134 139
136 174
137 154
6 114
162 182
48 144
75 172
155 180
78 87
78 101
6 125
71 137
46 176
45 109
48 147
57 172
46 111
48 168
46 183
48 199
47 175
125 178
126 131
48 74
89 159
73 193
110 180
78 130
79 90
80 181
82 171
83 199
90 92
90 103
100 179
100 167
96 108
116 121
121 181
118 146
55 67
56 59
56 191
96 120
58 74
59 124
52 196
64 91
64 131
66 157
67 95
69 78
71 168
72 184
11 36
7 41
8 103
8 138
159 194
157 198
9 31
10 33
10 35
7 15
11 142
153 174
13 18
13 150
13 197
14 50
16 84
3 172
189 196
0 82
1 9
1 39
2 98
187 192
3 81
183 191
42 182
4 29
177 182
4 157
4 163
173 175
5 25
6 110
6 175
36 55
28 59
30 51
148 177
34 84
34 112
142 170
35 83
138 187
16 122
38 97
133 177
38 185
40 73
40 198
132 190
42 156
43 149
17 158
18 30
152 158
27 95
18 54
150 164
19 146
24 181
25 130
106 175
116 170
115 198
50 69
177 197
147 159
113 153
9 18
37 43
34 171
34 72
33 77
18 63
37 66
5 46
4 39
2 178
0 59
53 132
94 159
94 113
91 109
51 106
