26.836110
75
34
14
34212
20 36
74 163
108 148
19 148
71 148
116 141
118 173
123 124
1 37
9 54
135 165
137 146
137 173
129 173
138 173
127 147
95 153
144 154
154 164
46 154
149 154
154 169
69 173
65 139
57 139
123 139
139 159
53 130
93 130
46 130
67 116
67 133
25 67
1 156
90 156
87 156
117 175
26 175
29 109
21 109
17 109
66 175
70 86
41 70
69 70
107 113
113 114
113 168
113 170
82 157
18 131
18 91
18 166
18 125
18 161
31 78
35 78
64 124
51 64
64 126
78 128
47 55
55 73
0 55
97 140
140 151
20 32
32 48
32 56
115 143
115 142
54 115
84 94
45 84
84 146
7 34
49 152
34 110
99 163
99 104
15 99
34 79
152 167
152 177
103 178
95 176
85 176
61 76
76 112
30 121
30 111
30 43
57 155
63 155
42 155
36 101
61 101
4 101
72 134
72 127
72 135
12 33
33 149
33 89
42 120
88 147
3 88
75 154
40 92
40 178
136 139
9 132
132 179
81 150
59 81
22 162
162 166
122 162
23 68
68 74
99 157
27 37
16 27
148 171
102 173
24 153
24 125
172 174
28 172
39 52
52 129
2 10
2 165
7 106
29 60
103 157
119 160
44 109
3 5
5 148
18 75
67 105
50 96
80 174
13 66
55 136
83 113
145 156
67 160
81 157
70 105
84 120
32 83
14 131
14 108
120 152
8 157
64 171
34 44
77 155
8 140
78 100
101 103
33 103
115 171
58 103
77 98
30 102
6 120
6 44
158 171
38 98
100 162
145 158
13 72
33 80
11 44
58 62
50 60
