58.688095
1
72
0
22287
164 170
64 164
65 67
65 253
173 269
167 168
68 113
68 126
69 100
164 181
69 287
70 253
71 73
63 238
71 108
71 261
72 150
72 213
74 228
75 102
162 238
162 200
77 117
78 208
78 243
187 234
44 67
45 69
45 111
191 275
191 228
49 162
50 67
187 293
52 272
53 137
53 186
78 288
54 177
54 206
55 132
56 245
56 271
57 68
59 263
60 272
61 195
176 284
63 88
109 175
98 225
98 267
101 187
102 104
102 122
129 195
103 159
105 212
105 264
106 121
106 141
107 223
97 159
124 201
123 162
110 166
117 145
110 202
116 268
112 195
114 229
115 127
115 161
116 133
146 167
79 157
157 240
81 159
81 207
82 167
83 112
84 263
156 215
85 91
89 221
147 215
54 139
91 259
91 260
142 298
93 105
93 115
94 270
138 298
136 294
132 286
132 266
132 249
22 118
256 284
16 98
17 143
17 210
18 42
18 180
18 197
19 63
20 86
20 119
20 231
21 298
15 265
22 188
22 205
23 114
248 253
239 263
25 28
25 58
25 120
25 165
232 298
230 294
269 285
0 257
273 294
2 257
3 78
4 51
270 289
4 185
5 17
5 72
269 292
5 223
6 242
43 155
8 229
9 157
10 229
11 241
263 275
13 17
14 116
14 164
15 160
15 178
15 187
215 222
30 169
30 203
30 282
220 242
31 40
31 66
31 83
32 272
33 251
34 223
228 237
214 270
36 109
37 49
37 106
38 201
39 63
39 72
41 53
43 134
43 224
223 279
27 46
27 163
27 276
227 284
226 252
29 131
29 198
29 207
190 294
241 280
1 15
158 247
214 235
263 299
164 250
126 144
233 284
233 269
125 297
162 281
153 221
216 218
117 296
270 281
199 209
201 235
208 246
272 296
253 255
274 295
116 144
229 262
158 215
151 195
174 228
254 257
144 167
249 274
174 242
157 171
142 297
140 192
167 174
151 269
218 283
172 216
137 236
182 184
152 242
217 278
182 280
153 189
132 183
184 209
257 299
62 280
35 251
35 252
47 199
48 99
48 193
48 247
53 262
54 258
56 194
56 283
35 204
63 80
63 158
67 151
67 179
67 297
68 148
69 196
71 95
78 154
80 109
1 43
1 159
4 96
5 192
7 35
7 153
11 246
12 290
15 283
18 194
22 148
23 297
25 171
26 157
27 299
29 296
30 291
33 278
95 187
91 154
98 219
90 226
102 250
90 211
89 274
87 282
105 291
106 144
109 183
87 117
110 151
86 158
110 158
84 290
110 190
24 194
277 296
24 258
96 179
26 254
135 144
135 219
24 76
244 299
130 255
1 244
128 149
128 130
144 280
196 277
92 149
