7.000000
321
17
0
86393
52 60
66 108
64 69
29 118
11 108
15 118
80 104
37 49
7 96
7 14
7 12
37 91
60 104
73 74
101 118
23 108
109 111
50 104
56 100
1 81
1 83
2 5
108 117
23 42
43 109
26 54
26 97
75 108
73 113
21 99
25 112
25 100
25 67
27 84
68 109
112 115
67 116
21 61
59 99
52 79
46 110
46 51
58 74
44 65
41 66
58 97
40 105
30 39
37 87
37 68
36 89
36 41
35 88
62 109
33 40
32 106
64 113
6 114
82 89
10 56
9 118
86 110
89 92
89 95
8 42
7 9
20 47
6 17
5 99
3 105
102 114
107 118
2 8
1 113
1 48
1 45
0 104
20 84
76 113
13 65
82 84
13 119
18 47
78 96
19 54
78 98
77 109
77 84
72 106
107 110
72 85
55 75
53 89
35 68
62 71
68 85
68 90
65 70
70 110
63 65
79 119
94 103
61 114
89 93
78 99
22 78
22 25
19 34
16 115
16 38
10 57
24 31
4 71
3 99
48 65
31 63
30 116
28 94
28 55
