84.945238
1
108
0
6648
86 463
90 176
281 493
282 393
286 405
289 307
201 355
87 345
87 260
91 372
86 373
86 354
86 133
290 473
200 444
152 197
82 417
82 252
276 424
100 436
203 400
149 460
98 362
271 378
271 406
274 330
201 427
152 423
276 447
276 471
277 394
278 372
280 356
280 381
92 271
310 397
71 291
154 155
308 391
69 339
309 420
69 158
69 83
68 459
71 443
68 202
68 144
68 77
66 407
65 405
64 358
63 493
63 174
76 179
81 491
294 456
153 161
299 479
79 445
299 482
153 296
78 346
265 290
75 291
74 419
73 81
153 484
305 306
305 388
306 320
121 483
136 208
126 471
126 434
125 366
136 449
136 476
229 274
209 480
128 367
235 408
120 366
236 356
119 193
238 317
204 254
117 358
140 400
132 221
217 463
135 147
218 306
219 422
220 479
132 454
132 304
132 268
141 143
222 318
131 467
131 289
131 196
223 234
129 462
136 180
260 383
204 231
257 330
110 156
258 296
109 246
108 235
258 299
260 303
147 359
106 419
260 392
105 321
105 284
105 165
261 345
102 209
262 266
113 324
141 344
243 298
243 451
114 283
141 438
113 483
113 453
245 394
67 460
112 428
112 326
112 221
112 160
145 311
145 403
146 358
371 434
187 479
21 36
20 499
20 297
368 485
20 227
163 253
164 419
22 187
375 396
379 393
18 163
166 290
16 204
15 235
169 460
27 135
30 385
30 285
362 463
29 450
29 329
364 401
29 167
62 228
14 264
364 412
365 487
366 381
24 359
23 201
22 376
22 210
4 194
402 420
182 342
179 206
7 10
6 239
6 152
432 434
436 495
400 441
4 36
445 474
446 477
452 466
176 422
176 213
0 145
394 421
14 188
14 45
170 179
387 444
183 223
391 398
12 110
391 413
28 135
395 400
396 404
10 353
10 229
396 496
397 465
182 479
58 407
314 380
47 294
316 465
47 315
47 461
349 445
348 472
348 407
347 479
49 365
345 418
30 442
340 362
338 365
314 409
52 223
157 466
336 368
198 368
54 81
334 367
317 490
317 497
333 477
332 362
323 372
330 357
56 493
325 466
46 494
62 82
32 114
360 465
61 291
155 211
34 319
34 322
34 352
35 391
60 110
358 460
36 309
36 486
37 420
356 458
350 367
46 313
193 405
46 140
351 491
43 359
42 444
41 110
40 299
39 192
314 346
216 405
175 488
177 318
178 414
194 259
215 341
177 219
184 185
202 414
189 263
191 327
204 226
188 369
191 462
192 256
199 370
181 275
198 269
205 247
205 415
209 270
209 481
212 440
199 266
341 351
369 415
367 426
364 435
361 438
358 475
356 389
355 469
350 389
369 479
337 481
337 374
335 455
331 435
312 384
307 414
301 436
408 464
475 488
475 476
455 464
433 437
420 429
416 470
410 448
300 328
399 464
390 478
384 472
384 463
384 403
382 464
382 414
232 384
243 273
242 489
241 394
240 498
237 411
237 390
235 295
233 419
244 477
230 256
228 475
227 492
225 314
225 232
224 393
295 364
293 343
292 394
292 366
290 295
275 443
272 481
222 369
267 479
263 300
251 430
249 365
248 372
246 374
69 288
88 175
85 386
82 137
81 233
80 184
80 107
79 199
78 498
70 407
89 463
60 242
59 466
59 330
59 201
57 444
57 195
55 489
55 420
55 141
99 199
111 396
110 457
109 386
107 250
107 174
105 335
104 437
101 391
101 260
99 440
53 243
97 445
97 104
96 272
96 251
95 287
175 262
94 205
93 199
93 191
9 302
17 290
17 163
14 273
13 185
13 139
11 434
11 223
10 151
20 216
9 103
8 465
8 179
5 470
5 331
5 142
3 369
2 388
2 190
1 138
39 57
53 117
51 223
50 475
49 416
48 356
48 291
47 288
46 270
44 275
44 263
95 205
38 122
34 101
33 177
31 259
30 151
29 171
25 168
22 116
20 288
131 468
171 299
122 456
168 342
123 386
123 426
168 310
163 226
124 153
162 221
159 368
159 306
129 343
130 214
155 430
135 492
155 224
152 335
111 405
150 445
136 457
150 271
148 460
148 317
138 345
138 276
173 186
114 301
115 255
172 302
114 287
172 393
114 233
113 335
116 444
118 439
118 398
175 221
435 478
26 84
26 248
55 386
138 377
468 475
159 425
410 469
162 279
159 177
19 70
19 134
429 431
84 363
89 233
288 361
124 127
279 377
101 207
244 263
107 267
255 328
214 241
55 363
59 207
72 173
72 249
