25.028975
216
32
21
8516
94 145
66 143
30 143
140 192
156 192
72 192
155 165
106 165
40 142
14 171
98 136
67 98
97 181
126 165
17 111
56 111
14 83
79 94
1 133
4 111
85 108
14 25
40 98
98 178
146 196
13 159
45 156
108 199
42 196
8 196
52 195
82 126
88 108
21 73
137 191
137 138
41 137
82 137
37 53
10 53
69 143
116 165
107 152
105 107
20 107
46 76
33 76
76 190
35 49
51 63
11 49
63 193
49 104
39 63
81 163
81 121
65 84
84 122
81 185
84 97
23 81
14 84
27 59
59 198
133 153
68 153
32 148
32 90
19 32
0 167
0 158
0 92
0 187
16 31
31 161
31 112
93 190
93 160
93 114
93 119
43 184
43 149
43 60
57 175
57 188
68 135
36 135
47 130
130 180
44 88
47 124
154 179
159 179
143 179
164 172
14 24
24 94
54 131
53 55
55 197
38 110
54 103
54 118
101 177
165 177
12 183
100 183
139 147
147 195
189 196
108 189
58 129
113 182
64 142
117 162
41 58
21 62
62 101
123 134
13 123
162 182
98 99
9 99
5 99
99 155
102 192
69 102
45 80
80 151
49 96
87 151
1 87
75 87
87 174
48 107
28 105
28 52
28 197
28 132
74 185
22 74
55 81
34 171
76 150
16 166
149 166
157 196
118 157
89 111
89 143
35 173
18 165
108 194
9 194
84 168
86 94
4 86
29 103
2 29
12 115
98 176
109 158
61 109
93 172
15 75
15 50
120 131
120 141
3 73
3 71
32 48
59 168
38 57
127 144
53 125
77 192
128 146
6 51
127 196
53 95
14 128
63 176
43 102
59 115
44 55
0 18
57 173
150 179
91 124
96 186
26 38
55 170
70 102
7 26
7 91
38 169
113 169
78 186
70 78
