22.799449
43
30
42
23463
108 121
10 70
129 134
93 131
57 124
70 159
79 130
60 67
39 57
58 133
32 108
62 129
14 85
29 155
29 67
9 35
24 111
11 22
107 117
22 81
46 67
54 93
54 123
54 139
58 158
58 127
34 67
113 155
119 136
6 65
65 102
89 150
24 101
0 57
96 117
98 117
20 23
18 90
45 146
52 85
4 136
53 136
106 134
23 69
3 13
120 129
129 135
42 85
148 155
13 94
95 130
73 130
50 70
41 145
142 150
13 37
90 150
31 85
82 137
67 137
40 66
61 145
18 108
2 145
23 25
86 158
64 132
126 146
28 143
28 152
76 78
5 78
82 88
19 88
84 141
75 141
103 140
5 103
36 103
27 103
44 147
9 44
38 77
8 44
74 151
70 114
55 155
147 154
136 154
56 116
12 56
15 56
105 135
99 105
15 83
27 91
24 91
23 125
110 150
80 110
13 110
24 122
59 122
64 122
49 145
49 58
22 157
43 157
30 130
4 30
85 109
108 109
24 104
84 104
24 112
65 115
65 118
68 80
40 68
68 106
47 87
42 47
33 71
33 107
7 146
7 117
7 54
16 128
16 43
16 131
36 138
58 138
17 153
17 71
22 149
1 21
1 86
57 97
97 129
28 149
23 63
28 63
13 92
92 116
77 83
72 114
44 125
26 100
51 110
100 144
138 151
55 68
48 72
48 51
56 118
7 26
122 156
16 110
115 156
