109.016667
1
126
1
16521
51 309
45 47
46 63
47 137
47 376
49 243
50 147
50 298
62 201
50 416
50 419
44 83
52 283
53 265
54 229
97 145
60 81
61 194
61 214
61 439
50 330
72 435
65 355
65 378
66 98
66 183
42 397
68 81
70 422
71 485
72 354
72 365
276 389
73 214
76 388
76 442
76 443
80 114
66 419
43 78
43 136
43 397
231 275
316 434
317 487
318 467
293 488
224 388
227 246
228 366
228 447
229 325
230 234
315 396
234 327
234 335
236 346
238 373
238 449
274 445
242 381
243 307
243 440
290 483
280 425
281 445
281 492
282 442
283 292
283 446
286 472
288 316
289 388
290 341
64 265
133 411
294 388
297 466
304 442
305 440
305 464
308 309
310 385
311 349
28 195
89 273
94 280
94 301
89 302
90 188
94 361
83 473
92 97
84 234
26 194
91 448
29 66
30 37
30 110
31 90
32 199
32 219
32 440
32 484
56 472
91 328
90 151
84 190
96 257
96 233
87 318
95 96
91 344
84 94
80 157
89 171
34 449
93 154
90 419
81 231
84 261
84 316
92 432
82 329
83 162
94 155
20 236
8 262
9 51
25 329
11 411
12 292
13 65
16 240
18 75
18 135
18 485
6 495
21 92
22 184
24 42
10 463
62 272
63 161
63 368
63 433
64 236
42 177
35 206
35 300
35 431
36 133
36 225
36 323
36 379
39 316
42 85
189 306
33 161
1 458
2 240
3 131
4 158
5 381
6 40
6 281
6 369
191 393
115 182
116 406
117 312
117 351
117 441
120 204
120 360
121 481
106 428
189 496
113 187
192 218
194 404
195 232
195 351
196 422
197 451
197 457
197 478
198 386
103 246
156 421
158 248
158 264
133 229
99 173
99 352
99 372
99 382
102 241
102 487
200 482
104 117
105 212
105 247
105 405
106 120
122 184
107 182
111 439
112 445
180 471
171 409
172 236
174 481
175 193
175 400
189 491
176 309
178 396
179 424
180 246
169 305
182 275
184 358
185 482
186 443
187 437
187 453
187 456
175 413
250 268
220 339
158 397
201 403
202 229
208 243
210 459
213 439
214 401
214 470
218 337
218 474
254 347
221 380
222 329
201 278
160 194
161 216
163 293
165 228
167 254
168 411
465 482
319 397
427 492
437 480
455 480
458 477
458 490
460 480
461 474
461 487
463 494
420 442
467 484
481 498
425 499
321 443
322 389
324 367
331 458
331 466
333 463
386 408
152 380
258 293
260 492
261 393
262 350
262 450
265 359
271 336
239 290
385 488
148 425
386 426
389 423
392 424
393 410
398 492
402 463
409 422
411 479
418 480
130 256
123 153
123 235
123 237
124 254
127 459
128 161
129 145
129 291
129 489
130 249
336 362
130 347
223 396
0 318
134 305
138 314
139 424
140 449
141 466
143 445
381 444
345 367
334 449
336 364
339 429
342 443
343 367
383 459
349 363
349 436
352 459
353 487
356 472
370 439
373 412
373 469
374 380
375 385
377 421
352 482
96 395
336 395
395 463
355 395
105 170
104 205
146 161
146 293
12 132
35 109
146 339
74 236
170 329
74 240
76 326
159 326
154 493
74 189
35 146
92 390
59 497
109 228
319 493
212 493
130 255
332 493
23 206
205 393
109 386
205 385
205 373
132 159
18 390
142 170
279 299
299 320
126 311
126 285
226 458
299 406
91 255
233 251
126 190
260 299
255 380
89 226
47 226
314 497
38 132
126 175
252 421
252 309
207 437
84 119
67 268
215 462
201 245
218 414
63 211
245 367
246 263
215 486
133 454
65 270
81 415
131 475
184 407
69 266
181 399
71 387
72 407
67 416
55 197
209 381
129 303
86 389
166 387
77 244
79 266
86 487
252 396
123 313
254 415
100 440
317 399
41 424
7 58
7 250
419 454
417 466
357 391
9 77
101 481
387 437
14 430
88 425
101 290
108 475
262 417
41 195
272 399
269 352
266 428
265 338
19 48
19 371
349 414
303 472
348 387
30 209
19 138
333 357
263 449
27 287
116 430
318 338
287 384
93 287
61 267
67 149
3 430
142 215
217 498
295 298
80 340
254 476
33 259
295 342
30 259
48 438
217 372
284 421
293 438
349 468
348 394
203 221
203 440
340 481
320 468
57 476
79 284
452 478
162 394
447 452
17 339
17 358
109 395
226 255
170 299
74 132
118 251
132 211
109 125
205 207
23 150
164 226
255 296
144 267
15 164
313 399
266 270
144 277
15 269
100 277
23 253
