12.998259
15383
16
128
28535
56 93
37 91
27 58
13 92
13 51
36 85
50 68
28 69
75 92
23 90
63 71
40 57
10 75
3 86
0 49
58 78
19 78
78 94
15 40
75 99
25 55
21 75
48 59
13 54
55 61
1 86
81 91
31 32
41 59
36 40
5 32
63 66
22 93
16 94
2 93
55 70
5 34
40 80
63 65
69 98
9 68
59 89
68 72
6 69
88 91
49 52
61 97
77 90
29 90
2 79
49 79
14 73
93 95
34 73
10 76
69 76
42 87
59 87
28 62
62 74
46 65
73 95
64 75
15 64
17 83
43 83
39 43
38 43
45 69
45 49
33 63
12 55
18 68
18 69
91 96
13 96
53 60
39 53
30 85
30 59
20 78
20 90
11 90
11 59
12 82
24 73
67 97
67 81
8 35
4 86
8 60
4 68
7 42
7 47
24 44
26 44
33 43
84 86
63 84
