23.595307
45076
26
4
77009
50 92
1 16
79 91
54 79
77 79
6 47
19 47
47 84
72 94
94 98
30 94
48 87
48 64
4 48
58 86
55 86
16 86
9 70
19 99
60 76
10 41
37 44
21 97
23 44
27 97
29 97
2 41
3 41
1 65
65 68
20 65
69 82
81 83
43 73
35 38
34 43
38 74
53 69
75 83
14 38
83 96
49 69
52 56
40 51
5 22
32 52
8 17
40 45
17 61
28 40
22 57
22 89
52 67
17 62
50 90
7 90
39 90
46 63
46 59
46 71
11 24
11 42
11 88
0 66
74 85
4 78
15 39
12 89
33 45
25 48
9 94
13 79
25 44
17 80
40 80
25 43
46 80
83 99
38 99
36 94
80 93
31 60
31 41
95 97
25 26
13 86
78 79
0 69
52 95
93 99
33 79
11 31
0 95
0 90
26 31
22 36
12 48
15 25
18 95
