5.000000
347
17
0
37806
8 87
17 89
70 102
95 134
43 95
35 136
17 55
17 139
42 136
59 61
36 51
118 136
6 70
8 70
59 97
19 88
71 119
71 127
72 115
19 29
21 106
17 80
37 87
75 83
15 106
38 123
15 23
14 59
67 74
62 85
32 115
32 100
31 68
31 37
30 46
63 93
33 132
64 136
65 76
26 93
0 88
20 56
25 124
68 136
69 82
69 96
70 103
22 100
22 71
71 81
21 127
13 95
20 120
36 108
54 82
86 111
58 95
5 30
57 84
56 128
4 117
47 53
47 111
49 59
50 59
54 131
85 132
50 95
51 63
1 95
52 65
107 113
2 110
122 136
1 109
111 137
2 48
113 123
80 120
59 105
13 86
39 116
59 80
12 40
11 130
11 99
11 83
42 138
11 48
10 73
44 76
81 84
82 91
45 123
7 125
7 78
85 116
7 38
34 111
53 133
60 133
60 129
94 135
79 121
80 123
85 94
85 112
88 101
88 122
90 104
79 92
96 105
100 126
100 138
104 138
123 138
74 90
66 92
71 112
75 98
76 121
77 82
5 114
7 27
9 66
10 24
11 46
12 49
14 28
16 25
3 98
3 85
16 29
4 77
41 76
33 41
24 100
18 26
18 82
