26.550000
1
34
0
2601
44 140
68 117
67 85
65 80
63 132
63 109
59 63
58 151
57 94
55 124
54 130
48 131
46 76
46 66
68 148
43 119
40 127
40 121
36 150
36 121
36 51
35 80
33 129
33 116
33 94
33 47
30 130
27 130
93 151
157 159
139 140
133 140
128 130
127 137
127 128
117 126
113 119
112 155
102 129
101 119
100 122
98 122
0 22
93 114
92 122
90 112
89 119
85 135
85 123
81 159
80 154
75 102
73 124
71 124
70 102
69 112
9 121
18 79
18 60
16 130
16 111
16 104
16 17
14 147
14 37
24 121
13 122
11 151
10 21
14 34
8 63
6 159
6 153
5 33
4 131
3 35
2 83
2 38
2 28
0 61
0 12
23 127
19 106
19 84
21 97
21 25
20 117
86 95
95 125
3 64
29 36
29 122
89 125
21 149
88 145
88 131
87 136
86 116
74 80
85 146
85 91
7 77
7 98
78 141
74 127
74 124
39 144
125 132
152 159
151 158
149 156
143 147
141 153
26 112
134 136
0 146
130 158
1 72
1 99
1 120
96 118
125 131
121 142
120 149
118 134
115 140
1 148
105 144
103 121
26 117
2 52
56 133
50 102
62 109
62 96
15 45
57 141
15 114
42 138
46 152
16 146
36 110
36 52
39 136
32 149
18 142
10 108
64 82
63 110
19 115
19 91
49 108
1 136
49 53
103 107
41 138
41 107
143 144
31 144
