45.466667
1
58
7
1086
0 6
164 244
176 278
177 229
29 45
21 48
23 32
24 77
4 294
50 260
159 278
25 51
26 73
26 127
27 238
17 25
29 117
78 172
0 81
135 225
29 261
37 100
29 253
126 222
127 166
127 197
127 274
129 203
134 229
166 210
136 276
138 181
139 203
139 233
146 287
0 39
150 160
158 288
44 181
38 210
9 251
10 90
10 99
10 106
12 256
13 215
44 188
43 78
7 255
102 196
16 225
95 247
44 113
281 299
42 74
35 239
270 288
8 150
44 247
30 276
31 71
32 131
32 137
33 247
34 295
5 285
161 178
170 296
0 241
2 65
3 48
4 41
4 171
4 282
232 262
208 281
217 288
112 143
112 219
112 249
119 201
120 278
63 192
44 281
47 278
50 175
108 149
50 273
52 192
53 85
54 93
57 127
60 139
62 244
92 251
148 181
79 93
82 85
85 235
85 258
86 229
87 202
89 91
91 116
239 284
93 222
94 278
75 276
100 234
100 286
102 149
102 190
238 293
203 298
25 40
204 272
24 230
179 236
24 84
226 247
200 245
201 225
203 271
121 150
61 158
186 255
170 250
195 199
169 255
66 252
232 290
236 237
71 198
252 254
72 245
74 114
199 223
67 232
69 91
70 192
70 292
239 240
74 156
74 262
210 242
181 228
184 281
185 272
71 104
168 282
5 168
152 168
32 168
207 279
175 279
97 279
126 279
194 243
108 243
243 298
243 280
231 255
25 231
165 206
128 272
13 20
124 128
206 264
206 288
202 206
88 229
20 115
20 213
74 88
87 180
146 180
130 153
133 153
2 153
44 153
102 147
147 239
50 111
241 297
188 297
106 155
150 187
0 187
246 252
93 246
280 291
34 289
96 289
44 145
183 236
141 259
112 183
253 269
1 269
12 220
15 220
107 295
107 118
107 178
36 143
132 205
162 170
36 251
132 287
110 288
110 170
170 212
207 212
140 144
119 144
83 238
83 276
105 248
248 268
210 224
32 157
85 157
192 277
211 245
24 216
10 189
161 221
103 123
73 103
37 142
189 232
104 142
221 267
257 274
216 255
127 211
71 125
256 257
40 56
56 80
56 65
59 61
76 91
64 292
22 229
163 215
22 236
109 244
14 272
14 100
76 199
59 285
28 29
28 225
163 265
64 68
88 147
20 147
243 246
19 168
78 283
199 209
97 218
25 193
55 218
115 209
170 266
182 193
245 263
170 227
227 238
58 167
78 173
47 151
191 251
214 251
154 294
173 177
151 272
48 191
49 89
49 244
122 252
11 139
122 268
11 225
206 277
101 128
88 98
145 259
18 128
147 275
111 174
56 291
109 289
125 162
18 224
46 246
167 289
