35.900000
1
40
1
7908
86 121
19 42
19 20
15 138
17 114
17 106
17 89
17 27
16 137
16 71
16 23
16 22
18 151
92 137
90 118
19 63
85 101
83 158
83 152
81 86
80 131
49 73
78 148
78 124
78 115
77 78
76 96
76 87
75 127
37 132
34 83
30 106
30 110
29 132
35 70
38 85
15 122
14 154
13 91
13 47
13 39
13 26
12 149
54 126
8 146
7 55
6 149
5 139
4 86
3 30
2 137
1 64
11 151
24 127
22 117
21 107
19 77
64 144
44 100
44 57
43 123
41 85
40 68
39 83
39 68
38 130
44 155
69 126
68 140
66 146
65 157
65 67
80 107
64 142
61 147
54 70
61 72
60 127
60 123
59 65
58 70
56 126
55 135
55 102
61 94
74 118
45 67
70 99
145 149
143 153
136 151
133 139
132 156
123 153
121 146
120 126
93 146
118 129
116 153
113 139
111 153
104 137
105 149
46 154
49 77
49 79
49 125
51 86
52 72
53 68
118 156
97 107
98 154
99 123
6 82
62 139
62 149
62 151
15 62
50 127
50 61
50 65
50 113
82 154
82 132
52 159
70 150
30 88
64 95
16 88
28 77
76 134
28 44
0 137
0 55
17 150
95 126
31 131
134 149
31 121
85 95
31 145
45 108
39 141
119 130
31 109
119 128
103 108
9 121
112 159
36 76
18 84
10 36
84 155
32 40
15 32
25 82
33 50
33 48
