28.899386
62
35
22
55837
7 49
44 139
18 139
61 139
43 77
89 107
51 79
58 123
33 46
38 46
1 123
57 123
76 106
62 94
14 49
3 113
124 125
4 113
49 87
113 121
73 124
118 124
34 94
94 95
108 136
53 136
69 128
2 69
12 106
47 106
82 98
16 119
19 119
26 98
35 98
75 80
11 119
100 109
13 18
31 136
15 53
45 69
69 88
12 57
59 90
109 117
81 109
59 63
26 59
24 48
48 93
48 77
55 91
72 101
52 55
103 135
9 72
55 122
103 130
60 103
72 134
27 54
27 83
27 80
32 86
32 114
32 126
65 138
78 138
13 138
10 138
17 42
17 97
17 99
41 124
41 94
50 119
50 106
98 104
49 104
20 23
20 29
68 102
68 74
8 84
8 85
68 132
8 92
20 37
110 111
64 111
70 111
107 133
75 133
28 133
79 116
105 116
43 116
50 55
89 120
51 120
6 103
39 131
2 39
66 100
113 115
66 69
96 136
109 115
65 71
71 137
71 127
25 59
64 67
42 67
8 104
6 20
40 123
32 96
22 32
5 48
5 72
0 21
21 78
6 71
68 96
111 115
17 40
56 137
46 56
104 129
6 112
30 41
22 133
30 50
71 115
25 96
36 129
36 112
