76.577013
86
96
74
89
475 488
272 324
167 418
112 339
15 248
70 386
137 377
213 302
20 247
301 312
1 314
65 332
40 380
178 403
110 129
171 346
185 488
36 222
1 48
1 276
56 294
104 210
137 370
283 396
246 452
213 480
244 443
199 346
294 425
151 228
213 351
180 262
234 274
140 333
271 413
93 383
184 442
155 248
231 401
122 228
78 294
43 344
198 416
83 406
200 358
184 202
45 317
271 357
75 226
94 216
190 485
260 333
210 263
323 416
119 473
445 480
386 397
229 309
119 181
120 142
182 317
113 280
93 498
384 493
59 319
188 349
190 387
28 286
117 353
201 395
28 268
201 250
350 361
330 494
96 462
210 483
119 415
137 189
19 211
9 211
20 375
392 451
93 139
201 286
36 398
36 258
201 389
68 419
68 126
117 169
28 161
20 281
117 437
28 105
127 198
224 451
156 324
68 412
244 327
79 286
184 359
166 438
26 198
107 177
263 318
267 494
229 328
11 115
248 497
252 324
1 174
180 337
180 441
229 234
356 382
219 408
228 342
286 306
283 354
124 436
393 479
193 220
82 190
368 391
97 283
231 237
188 253
103 438
16 374
131 210
3 198
60 148
44 339
38 280
276 393
210 335
167 305
242 297
344 448
77 352
366 499
316 380
38 265
81 406
175 488
230 344
208 344
193 433
197 455
83 324
360 373
34 360
90 242
102 159
138 494
6 79
35 96
100 409
282 441
16 474
221 409
133 444
71 167
203 393
273 339
60 465
174 386
110 289
148 339
145 274
280 347
417 452
333 376
236 457
25 62
391 415
238 409
88 402
192 380
25 385
294 409
134 408
98 260
24 60
162 263
218 317
248 378
115 135
406 496
235 293
295 455
149 263
79 284
142 319
233 352
159 384
22 99
274 449
179 263
78 285
173 408
46 452
300 382
303 322
30 457
346 460
26 242
244 457
244 296
16 123
477 499
46 492
336 488
10 467
304 358
25 468
312 381
49 499
55 360
133 191
386 471
382 428
152 368
110 240
284 499
303 315
370 477
164 318
66 280
99 226
99 326
57 352
96 235
5 115
42 271
307 438
164 478
164 194
204 417
158 384
416 445
79 279
19 443
124 470
130 312
60 430
444 488
368 491
119 392
86 154
133 256
0 455
319 414
86 95
121 416
86 464
303 422
144 361
128 429
17 429
74 429
285 355
109 355
204 355
17 163
163 347
101 163
97 163
390 434
71 275
12 275
241 402
34 241
18 241
67 241
215 251
177 251
251 362
225 251
18 489
76 489
114 248
225 424
4 367
29 367
367 487
367 393
93 367
184 367
266 427
64 454
454 475
91 286
120 454
146 317
54 207
207 453
143 435
76 143
196 407
271 407
208 446
39 338
334 399
93 482
259 476
153 476
86 476
248 476
294 476
212 382
196 440
277 440
94 440
369 467
80 369
33 168
331 447
164 461
321 459
178 321
51 195
195 484
98 195
195 404
141 280
341 421
320 484
70 340
242 340
131 170
170 371
136 170
13 223
150 456
150 259
60 150
227 363
29 150
223 307
227 291
192 227
227 311
223 293
223 404
21 221
21 216
21 214
184 458
25 458
157 248
11 450
167 450
184 255
123 255
313 452
96 313
170 429
186 281
424 427
16 41
41 283
331 355
47 333
47 455
111 179
229 243
361 405
63 360
50 188
193 245
245 386
118 183
183 431
31 156
31 390
31 278
24 31
244 292
292 368
310 457
263 310
325 360
198 432
132 137
132 383
287 382
206 287
193 287
339 348
188 348
160 494
68 160
137 495
274 495
8 202
8 472
124 410
324 410
32 249
32 75
32 322
54 299
36 299
299 409
32 107
84 118
14 128
125 311
452 486
288 358
288 393
172 303
108 358
110 116
116 187
106 110
106 386
124 308
308 330
147 210
147 344
52 365
43 52
180 439
133 439
384 420
248 420
146 446
58 362
58 343
10 61
61 87
61 332
213 490
231 490
172 429
320 423
400 403
99 345
33 400
190 469
7 89
364 378
312 345
364 388
271 469
92 269
92 265
400 481
319 426
346 426
165 306
165 254
261 363
27 60
27 352
261 466
85 324
85 380
205 361
115 205
228 270
1 270
23 231
23 117
20 290
290 408
37 102
37 217
241 287
84 423
53 180
53 419
411 440
141 399
21 168
72 329
72 446
69 264
2 209
186 440
209 212
176 446
298 446
298 338
239 411
394 463
372 421
232 432
287 379
170 372
73 223
69 299
257 264
232 394
50 405
61 325
7 239
