35.567340
69
42
10
57116
33 131
27 58
96 142
56 104
49 152
59 149
93 149
71 149
38 40
115 123
123 136
40 57
30 40
78 123
40 46
80 113
31 113
4 113
9 125
116 125
137 153
24 148
135 148
133 148
65 108
85 108
26 153
104 108
147 153
103 125
66 122
3 122
6 110
53 110
73 111
70 118
99 129
42 52
52 79
118 130
83 129
10 73
67 73
129 140
20 52
61 118
50 64
50 84
50 146
23 156
13 23
32 124
124 145
47 117
47 127
33 47
39 46
0 39
39 95
45 120
45 68
27 45
2 11
11 109
11 76
78 81
81 88
81 159
14 29
72 102
54 154
7 12
82 121
72 132
19 82
29 157
82 134
51 89
16 54
7 63
51 100
43 51
54 62
29 107
1 7
108 123
5 114
5 28
5 58
34 75
34 142
34 98
50 149
86 91
86 101
86 141
25 126
25 105
25 44
77 101
64 155
36 112
56 112
60 94
49 94
106 128
106 143
90 153
37 152
37 69
8 37
4 158
128 158
123 155
9 35
69 144
50 90
138 149
41 93
2 41
18 20
51 90
40 97
52 77
77 118
74 122
17 113
17 148
22 125
72 77
22 110
29 155
73 87
129 138
23 119
47 74
17 124
11 150
39 92
54 150
45 138
18 110
82 92
7 119
23 35
34 74
86 97
124 144
77 151
21 155
22 25
15 74
15 17
139 150
87 94
138 151
37 150
21 48
55 94
