138.396084
1141
145
218
11683
293 333
47 406
89 100
39 46
77 111
175 332
34 398
54 400
147 370
24 351
162 267
168 422
263 332
288 490
92 475
242 459
288 456
282 447
383 424
168 226
42 141
37 464
225 378
401 459
377 427
194 325
416 477
202 327
51 472
57 66
146 302
182 244
139 167
260 415
197 351
369 399
385 470
265 373
44 165
128 259
134 250
19 468
330 337
167 356
246 318
316 419
88 374
19 28
88 297
103 302
141 279
394 412
297 435
353 365
79 176
239 437
165 315
164 432
105 345
102 236
56 288
116 374
149 240
230 317
3 383
183 474
164 344
252 260
318 492
303 318
376 394
267 381
213 272
225 478
106 367
187 257
417 459
308 419
349 427
27 394
17 34
43 60
310 400
120 163
323 416
348 388
220 224
109 328
60 96
182 231
66 497
76 471
405 480
207 327
330 334
149 280
80 488
58 253
55 239
374 434
187 390
176 189
142 461
60 362
301 351
59 178
13 236
272 408
173 355
227 297
180 267
195 246
304 332
258 377
106 150
29 272
211 358
69 282
311 369
78 130
58 367
101 134
157 293
259 441
293 306
18 339
83 358
138 474
209 237
87 313
363 371
206 282
155 339
211 383
129 161
416 439
2 373
176 469
118 182
163 192
62 472
85 117
276 358
385 436
274 375
10 355
388 428
296 297
163 294
259 450
14 124
260 487
255 330
165 292
423 461
20 387
130 295
273 377
258 287
27 453
170 287
84 458
164 495
167 247
74 388
220 433
86 195
66 314
84 318
93 195
146 297
183 369
97 289
462 485
214 220
340 353
129 386
183 387
237 465
204 273
76 190
21 74
129 193
335 375
217 317
152 187
8 19
275 289
273 494
21 72
87 117
143 373
104 421
153 387
405 426
328 377
132 168
106 397
464 484
90 92
124 278
400 451
15 195
317 347
1 237
73 354
84 373
360 371
85 249
190 331
453 464
122 149
283 464
16 383
221 377
68 105
125 353
11 200
287 338
352 489
241 403
392 405
156 421
290 332
145 176
302 493
409 496
214 241
5 259
124 262
12 313
218 324
45 474
281 400
23 419
21 174
144 496
32 163
75 225
98 471
427 431
131 322
114 130
7 354
185 370
299 352
141 199
172 382
413 471
327 444
32 302
254 289
171 178
95 273
107 172
461 482
21 404
352 457
388 418
134 186
238 488
136 496
115 346
339 499
419 476
187 498
266 369
370 442
50 58
71 328
21 268
307 427
160 387
63 346
91 371
298 370
149 366
264 355
18 88
309 462
135 385
313 443
151 190
65 471
92 463
239 312
374 455
85 479
300 375
234 289
119 462
172 361
414 474
346 364
113 241
269 488
56 279
131 229
178 270
172 449
0 105
58 457
6 448
32 130
239 298
191 421
210 236
193 461
319 354
11 53
58 270
134 270
317 449
225 449
166 459
124 235
77 127
47 148
60 215
215 221
25 228
47 396
237 286
25 389
77 99
26 425
33 52
126 189
33 35
6 366
175 458
39 498
31 196
133 188
89 205
182 466
31 110
22 108
48 411
70 261
26 410
19 234
221 286
89 329
70 467
133 407
4 184
26 159
30 256
77 84
126 473
70 298
4 326
286 330
81 310
112 438
92 215
112 366
190 404
287 336
342 405
40 325
88 375
391 472
235 355
36 328
30 350
34 232
175 260
133 491
49 58
30 222
22 223
126 324
298 385
353 466
178 452
215 371
112 321
47 128
336 346
33 76
112 357
235 458
25 498
4 74
48 179
34 216
241 454
81 158
55 311
168 216
336 488
22 430
236 286
9 466
4 140
216 416
81 446
6 402
351 466
126 320
39 384
9 212
81 203
31 128
25 445
48 234
30 235
89 212
22 175
212 421
133 212
6 343
31 380
70 154
48 123
33 181
39 486
308 429
377 429
243 429
169 429
169 420
285 361
221 271
305 498
94 298
251 293
82 189
233 354
482 483
233 357
85 233
241 483
327 483
385 483
64 201
64 342
64 472
64 310
64 401
32 208
208 310
270 393
393 449
248 336
74 248
37 198
198 379
189 198
234 284
183 284
67 293
67 141
216 219
76 219
82 285
26 372
88 121
121 366
121 128
267 372
164 372
61 105
61 325
61 447
9 245
245 272
106 440
440 462
177 461
220 481
177 288
167 481
383 481
9 359
189 359
359 458
131 341
405 460
137 352
137 325
38 165
38 339
66 277
277 282
341 419
460 496
251 395
94 291
198 420
368 498
267 368
271 305
41 450
11 41
359 395
121 291
