45.041667
1
57
1
18916
159 242
148 254
152 248
154 291
156 281
157 207
158 163
158 212
158 213
1 266
159 258
166 222
15 90
39 151
7 14
39 68
7 135
7 144
134 291
248 270
255 266
261 275
262 276
148 178
128 260
132 195
133 221
38 287
137 282
140 159
141 179
143 222
144 221
144 223
145 296
146 212
46 100
23 279
29 118
29 40
28 242
27 103
24 248
39 196
0 291
23 229
4 166
3 207
46 281
44 162
42 179
45 245
6 166
104 222
15 53
37 189
9 260
11 88
12 245
35 255
35 226
35 48
15 31
88 211
47 159
15 108
16 159
18 189
20 223
29 293
23 90
23 139
50 137
117 262
120 260
121 125
124 159
125 232
127 191
127 271
69 166
116 249
51 275
52 125
56 67
56 209
60 296
62 79
63 218
64 79
100 137
89 245
91 94
91 182
91 194
98 209
99 153
99 268
99 297
238 262
101 142
102 111
88 150
105 218
115 272
116 151
116 160
210 212
189 257
198 273
199 242
201 223
203 281
205 275
206 278
207 246
66 221
212 220
183 223
218 230
218 244
221 253
222 228
225 242
239 266
187 222
65 103
67 148
127 272
70 162
74 85
76 209
77 179
79 234
82 92
82 227
85 165
85 186
87 142
212 244
189 244
80 82
19 175
124 175
10 175
7 147
228 267
231 267
137 147
173 242
147 275
147 185
173 260
136 251
286 291
84 130
131 180
131 208
155 298
281 284
269 298
86 162
2 119
72 83
72 73
181 248
41 130
251 264
16 298
244 256
251 273
99 181
17 91
130 290
240 251
111 131
17 62
116 298
93 158
96 185
95 235
90 294
90 243
176 277
96 97
82 219
88 280
38 149
34 107
36 179
81 150
36 144
75 269
26 142
114 122
32 172
103 174
29 274
107 113
110 241
107 169
109 262
109 162
78 102
32 195
71 294
39 93
123 198
58 123
57 266
57 116
54 287
54 167
52 75
47 81
43 295
132 295
129 169
292 294
209 265
26 85
285 294
222 280
25 106
8 263
177 288
177 247
5 141
184 207
13 244
144 193
149 237
19 235
174 296
170 259
170 240
245 289
149 206
21 78
159 289
125 219
250 263
25 278
127 265
168 179
34 283
33 296
110 299
216 247
90 138
127 217
116 161
103 236
158 214
59 222
30 92
161 297
84 214
162 217
167 252
113 200
171 285
33 85
59 207
188 192
41 55
40 197
202 250
22 179
142 202
49 197
6 236
209 216
51 299
103 112
224 292
17 190
17 130
131 286
251 286
73 256
147 233
190 274
243 286
119 168
17 107
32 86
193 204
176 184
126 129
126 233
192 284
61 83
224 241
32 112
5 252
122 215
164 171
22 215
