3.000000
362
12
1
42130
37 61
23 43
26 86
93 119
14 37
89 119
86 105
19 119
59 96
32 70
80 86
35 36
7 10
37 59
82 86
4 32
81 112
81 119
4 54
4 76
29 106
29 101
29 71
25 97
64 117
13 29
42 81
23 108
104 108
92 108
85 110
1 108
84 110
10 83
39 92
73 83
84 86
83 101
39 87
20 56
70 79
75 96
64 72
7 72
18 71
15 114
20 62
21 27
21 35
12 99
12 50
43 62
47 90
48 49
54 56
48 60
0 21
50 77
30 102
30 49
75 104
79 100
100 114
109 115
88 119
1 107
68 87
2 68
37 63
34 105
34 58
31 66
60 109
57 77
5 116
55 115
0 22
111 119
29 81
29 44
25 108
25 83
4 85
17 84
42 95
38 119
51 67
52 76
69 102
78 106
16 25
84 99
3 108
22 41
41 74
41 88
11 41
41 91
33 117
53 81
6 25
81 98
4 55
8 81
40 118
21 40
3 47
46 84
84 116
44 103
25 113
24 45
24 33
17 65
31 103
28 118
51 98
9 57
53 94
