12.111817
106
18
34
25401
78 93
7 51
45 91
12 57
12 89
43 108
1 35
18 106
94 106
68 99
54 93
99 115
81 118
1 26
30 99
12 111
65 79
66 72
53 107
3 43
47 106
14 72
0 29
46 105
59 107
1 72
52 78
5 91
79 111
51 90
51 84
43 118
93 109
79 119
32 76
16 76
91 98
44 104
49 85
72 103
75 101
83 101
8 62
8 117
8 99
8 70
36 51
38 100
9 79
10 64
46 64
20 87
20 105
20 107
31 33
12 33
82 106
82 107
88 110
79 88
15 88
38 88
22 41
16 22
22 112
22 55
39 40
0 28
28 83
28 58
18 28
48 72
48 91
76 98
25 62
50 72
50 61
37 40
37 114
37 69
24 42
42 67
6 19
19 34
92 93
95 99
44 95
69 97
24 113
73 91
6 73
1 113
12 23
23 107
96 99
43 96
13 43
13 110
21 75
4 61
21 77
2 17
4 86
2 29
11 52
11 71
8 103
76 97
8 74
36 74
60 80
60 84
92 104
27 85
56 102
37 102
63 100
20 116
27 56
