3.000000
462
13
1
71746
47 64
1 6
38 58
3 64
4 42
2 6
6 30
55 83
13 58
64 85
50 64
37 94
37 68
37 52
37 96
12 86
12 91
34 93
34 74
34 59
12 45
31 58
27 73
27 77
2 34
64 72
28 53
17 29
14 53
0 17
17 52
53 95
11 66
60 75
46 70
4 43
67 90
5 20
11 60
8 99
65 70
8 14
76 90
43 78
49 76
54 83
47 66
20 96
56 66
56 67
22 40
39 65
32 54
40 55
18 21
42 48
6 9
59 61
26 77
33 95
79 84
57 64
18 86
32 61
10 58
37 44
12 44
17 31
53 72
29 92
22 71
15 51
81 88
58 80
82 93
88 94
6 97
31 43
12 39
16 37
72 79
12 69
27 63
27 87
31 36
16 27
69 72
62 72
9 17
41 66
25 34
24 34
23 72
19 62
7 53
41 89
43 98
35 66
15 48
