43.947619
1
52
8
38139
230 245
143 196
53 244
45 235
46 199
47 80
150 237
150 163
50 126
148 174
44 139
45 143
104 168
55 143
57 73
142 224
57 221
58 126
138 226
39 52
165 235
127 232
39 172
35 218
36 179
36 191
37 106
38 108
191 202
60 183
60 233
39 62
63 115
42 82
42 229
44 56
44 121
106 211
104 107
80 239
81 104
111 223
108 206
108 136
94 223
106 187
162 222
29 100
88 130
88 164
90 143
99 138
97 247
97 154
94 198
19 238
80 157
93 226
70 186
63 134
64 71
64 207
64 237
66 223
128 201
191 248
126 210
69 203
42 98
70 226
125 165
124 174
117 203
16 119
15 23
14 217
46 176
113 137
76 212
112 156
194 242
211 225
204 223
14 88
5 112
17 215
7 31
16 137
16 146
17 125
17 144
212 214
35 150
0 153
0 142
34 95
188 226
19 22
186 192
19 120
19 121
6 186
122 203
193 198
34 153
230 244
229 236
222 240
219 235
3 106
4 198
46 159
7 154
8 104
8 169
9 140
10 97
11 150
12 211
212 231
31 227
180 198
25 127
26 60
178 230
27 211
29 74
19 129
63 65
46 94
30 142
174 200
170 205
169 195
169 189
34 43
166 235
29 216
78 127
54 242
20 57
21 94
21 23
181 242
23 79
31 103
29 86
105 149
26 149
131 149
149 216
87 185
87 105
40 87
87 110
87 203
87 140
127 208
17 208
33 208
88 197
197 222
16 197
150 197
141 209
141 236
128 141
59 141
133 241
40 241
13 90
13 225
184 242
184 226
31 184
13 74
13 182
42 243
108 243
132 147
39 92
60 132
91 170
32 91
41 91
23 51
51 63
33 220
85 123
59 123
201 220
94 114
72 174
72 126
158 211
238 246
89 222
67 152
246 249
53 67
57 77
118 167
83 175
96 118
34 89
175 218
77 186
18 113
18 28
102 179
102 116
29 49
49 212
2 235
109 112
160 173
151 230
2 191
1 80
155 169
155 203
1 143
160 185
109 142
208 213
174 228
32 61
39 61
127 228
149 190
212 234
222 234
19 24
118 208
68 184
145 167
84 226
75 145
177 184
171 197
48 57
141 151
48 149
68 114
68 135
92 161
91 190
68 101
24 118
