31.166667
1
41
1
2195
12 188
161 185
161 178
6 135
23 70
7 40
7 43
7 54
7 70
7 186
158 159
151 184
10 82
10 138
161 188
145 190
13 142
142 189
161 170
94 195
94 173
93 151
92 121
90 190
54 62
55 80
56 94
134 163
111 155
141 164
142 156
19 79
124 169
137 163
135 147
16 97
127 166
21 179
18 164
135 144
96 188
21 25
21 101
17 80
128 151
1 190
2 11
183 188
2 41
2 186
179 187
167 181
164 193
37 116
29 149
29 187
31 146
32 107
33 174
116 120
115 155
35 44
35 165
95 163
110 121
107 132
59 181
38 79
104 157
42 107
104 150
102 121
47 127
48 168
50 67
50 113
50 133
50 154
57 78
28 127
60 116
63 163
66 169
67 94
190 198
67 190
69 78
70 109
70 140
86 137
71 169
72 104
85 155
83 151
82 181
82 127
80 177
79 196
0 61
121 168
26 35
27 107
29 58
72 115
74 116
46 74
74 125
74 104
74 79
51 68
51 86
33 51
34 130
53 191
34 161
61 81
5 151
5 132
46 81
4 91
152 162
51 136
5 35
163 180
53 184
81 89
180 190
60 182
53 152
162 172
162 197
53 62
24 175
24 153
29 139
31 88
121 123
22 30
22 27
84 105
14 169
9 134
123 142
15 67
15 82
4 22
16 129
175 176
2 20
75 160
3 65
87 119
73 188
3 198
73 78
68 105
64 77
52 98
100 146
153 161
139 164
98 125
135 192
155 192
158 175
160 197
117 174
88 97
87 183
0 100
76 117
49 100
122 129
45 148
7 8
8 21
8 80
45 64
39 88
9 126
103 199
17 114
13 114
99 171
143 190
103 196
78 118
78 194
118 155
131 182
5 131
74 108
36 51
36 81
106 182
91 112
77 182
14 53
99 194
