11.685373
77
25
64
6786
100 121
30 199
68 189
29 93
84 117
146 155
78 132
100 140
119 155
145 149
145 158
75 198
23 197
41 42
8 100
68 94
78 104
75 131
55 78
11 30
107 117
145 186
93 152
117 162
67 150
93 135
42 161
74 155
106 198
13 23
30 131
30 136
187 192
77 138
138 139
80 86
65 166
4 78
10 51
30 62
50 126
126 178
14 42
145 184
121 133
176 198
9 116
45 66
65 66
66 120
68 157
69 156
7 67
100 112
18 59
59 82
72 87
144 177
47 144
91 144
69 144
92 182
3 92
47 92
37 183
113 120
12 15
30 76
0 191
71 191
5 93
80 90
90 108
141 142
43 139
23 25
1 50
93 105
88 187
88 116
83 88
68 160
21 61
61 142
143 168
95 152
58 151
151 185
170 194
53 117
99 179
99 164
10 99
22 57
19 57
57 165
15 32
32 111
23 36
60 110
27 60
22 60
60 115
128 192
86 163
147 167
6 150
6 108
81 188
73 81
34 148
56 130
56 188
46 55
42 46
46 77
78 122
68 122
123 133
25 166
66 172
7 123
31 51
129 133
62 191
144 172
16 82
16 115
184 191
137 144
12 133
9 129
103 183
112 157
79 156
40 92
34 151
98 151
103 159
68 127
59 190
98 170
31 92
64 154
20 54
20 164
128 159
59 141
49 198
49 84
51 105
85 137
14 48
4 53
1 118
2 180
2 23
88 109
38 195
24 153
24 58
118 160
17 96
17 71
134 193
109 181
64 88
5 88
38 176
57 134
169 173
95 169
87 124
76 124
39 81
51 167
81 195
57 154
33 48
168 181
35 175
70 114
97 125
102 174
26 37
26 196
97 147
52 155
44 72
28 89
28 83
44 171
63 101
63 114
46 151
70 163
40 102
52 190
35 173
