47.815242
77
75
17
2058
10 129
123 436
341 361
114 281
213 249
108 249
181 349
53 55
16 432
64 436
61 126
338 417
75 263
240 263
56 267
350 432
331 399
330 444
311 412
217 338
231 374
374 411
40 374
121 129
26 271
135 281
230 281
236 263
311 338
102 311
147 184
184 286
302 364
287 364
323 364
390 436
185 402
115 141
261 271
175 432
196 271
184 340
249 393
195 338
338 435
38 209
112 126
60 218
100 126
129 290
9 292
83 129
3 298
296 341
67 341
105 428
126 267
166 384
310 424
108 137
218 326
194 218
188 267
115 398
72 115
32 218
208 428
439 448
416 448
166 448
115 168
263 413
173 317
59 190
27 87
190 256
42 87
87 334
162 420
62 162
162 169
136 177
136 179
247 291
247 359
144 250
144 343
144 156
128 285
128 265
128 257
19 238
238 321
11 378
11 31
11 372
28 306
28 313
28 409
20 211
20 386
20 39
20 226
9 222
222 308
222 242
142 389
142 401
142 423
55 95
95 182
95 445
43 295
43 74
18 43
65 79
227 266
227 300
127 227
79 405
79 395
261 262
60 262
192 367
192 419
216 366
216 329
131 379
46 379
52 379
101 379
292 333
178 333
143 406
143 183
327 394
368 394
310 394
349 394
236 345
46 345
265 345
150 345
99 211
99 200
99 357
48 440
113 440
23 440
288 440
312 407
312 360
312 317
49 152
49 239
120 315
6 370
6 244
120 297
84 385
6 191
49 68
120 207
84 274
84 106
116 237
228 237
94 319
134 253
209 253
70 71
120 173
84 173
49 173
54 373
54 91
335 428
202 404
130 404
13 303
75 303
206 233
195 233
161 233
233 424
377 441
148 441
38 441
117 397
267 397
125 283
273 283
427 442
324 442
4 442
184 275
85 275
5 275
249 275
275 434
342 387
284 387
387 398
137 201
181 272
22 272
272 273
36 272
35 341
35 281
35 304
118 368
96 118
107 118
118 422
52 118
3 354
82 91
73 146
170 420
170 304
126 293
81 433
355 437
260 355
325 356
115 443
348 358
414 437
358 388
129 414
85 347
157 171
10 157
51 311
363 384
86 218
24 197
197 278
185 197
197 327
90 132
23 251
132 288
219 425
269 320
81 269
136 414
4 30
88 205
88 338
89 249
204 426
204 248
37 426
98 131
98 159
7 8
7 417
314 410
17 301
17 399
362 374
96 362
316 444
232 316
111 173
255 290
140 336
74 336
336 408
255 311
142 294
128 347
89 162
28 443
313 322
113 138
176 214
226 279
225 289
235 371
152 396
109 128
28 369
271 307
267 307
66 446
238 421
22 431
222 414
41 410
29 41
332 432
263 332
20 251
220 364
428 447
210 430
324 447
45 76
14 103
50 344
14 305
45 210
1 331
63 234
1 235
63 160
245 411
50 153
50 375
45 66
180 223
180 351
318 436
119 145
184 277
252 392
31 47
0 163
69 258
57 448
0 342
77 124
145 225
124 381
47 415
69 205
252 438
187 330
187 382
44 53
44 167
142 299
202 229
229 311
64 268
184 268
43 353
87 328
79 88
80 172
58 161
189 278
135 221
92 223
264 348
254 381
110 234
309 344
276 377
199 249
154 432
341 429
221 325
391 434
11 431
2 144
11 220
259 438
358 440
248 352
337 351
299 379
345 369
54 441
34 388
136 383
34 173
149 387
20 318
247 429
155 247
35 253
128 172
86 312
198 302
97 305
97 267
93 335
12 139
12 141
319 443
15 99
54 146
95 365
174 228
190 198
28 403
414 442
35 246
238 352
227 277
143 449
192 245
25 93
294 353
335 425
54 400
149 212
57 216
2 192
414 433
144 174
143 430
133 294
243 354
243 246
237 289
214 237
328 394
253 371
164 443
33 293
216 259
151 157
237 365
299 418
193 197
346 363
21 25
418 421
33 346
37 104
71 280
6 270
187 335
233 280
104 186
164 449
71 254
71 110
71 380
165 294
82 270
314 446
50 299
201 376
339 356
241 358
158 358
215 299
111 282
122 336
133 224
92 187
78 122
203 337
