20.228421
213
31
94
4822
47 76
103 144
38 102
152 248
46 62
33 216
85 105
148 242
56 62
13 195
51 204
49 227
45 199
10 118
51 195
73 90
10 50
128 173
68 85
17 199
36 235
163 194
53 221
89 197
27 183
102 173
35 218
15 66
150 239
0 212
127 194
23 221
0 85
80 90
76 143
8 218
149 231
87 150
216 245
76 200
192 217
90 241
5 199
222 242
162 178
11 85
98 103
76 94
120 227
139 222
109 142
114 196
218 221
174 236
136 150
78 142
133 218
118 134
89 223
172 194
6 196
218 225
157 178
74 97
173 188
60 237
43 196
93 142
195 213
1 150
15 216
34 62
168 227
7 178
76 125
105 231
147 221
90 122
2 10
96 222
75 90
103 176
170 194
36 231
218 231
111 240
164 238
95 146
79 146
79 121
57 154
159 186
180 208
66 208
135 174
32 135
132 135
227 247
195 202
12 163
14 70
67 190
234 246
98 207
178 207
53 184
52 74
84 157
161 185
24 219
39 205
5 137
63 220
99 196
9 99
75 155
40 155
155 216
177 200
160 177
112 138
41 56
199 224
156 228
215 217
166 215
100 206
130 160
61 72
203 222
27 211
90 211
181 211
116 231
90 116
16 40
22 89
110 146
3 32
3 10
39 240
37 235
65 173
171 226
171 180
210 216
194 210
91 152
91 195
91 170
19 91
140 221
117 140
140 227
90 124
112 238
99 190
64 76
89 182
113 220
113 148
59 195
59 196
123 167
47 123
48 191
48 222
28 218
28 62
146 224
18 90
18 199
20 204
20 138
100 121
92 239
92 249
115 169
9 115
55 119
151 175
151 199
108 119
108 244
153 237
153 205
106 153
4 111
4 159
30 236
30 229
83 150
83 183
189 192
189 219
31 189
35 81
81 107
67 201
42 229
42 142
154 203
84 135
52 247
16 186
25 97
25 134
88 155
41 129
110 230
187 228
130 214
86 181
86 198
137 145
61 88
82 165
26 243
211 214
71 165
71 141
77 131
26 184
21 230
24 77
104 201
69 104
44 161
101 155
99 131
158 233
37 187
44 99
179 232
54 232
193 246
145 193
70 140
64 233
58 65
58 158
140 179
29 63
126 209
124 126
55 70
22 29
69 182
82 243
