14.757288
258
19
10631
17041
39 92
34 107
5 91
28 111
45 91
91 93
14 40
25 59
105 114
106 114
1 9
57 123
32 79
3 29
74 138
26 40
17 26
32 65
26 120
91 132
92 127
103 130
103 135
59 138
32 84
7 107
109 112
43 120
12 111
1 89
72 92
87 111
15 126
80 138
3 90
54 95
75 112
40 85
35 36
60 95
81 103
103 117
137 138
22 108
40 88
127 131
72 100
26 41
69 114
78 100
75 129
57 122
1 73
70 131
43 91
56 77
19 57
93 138
11 35
96 108
84 94
26 61
15 100
36 100
97 108
53 95
18 77
33 128
42 55
42 129
50 100
101 114
91 101
11 82
27 82
31 82
82 107
82 110
52 71
47 60
33 102
102 118
47 71
68 136
68 125
4 108
1 4
1 58
37 58
76 121
49 76
76 132
76 109
76 83
81 119
13 27
0 64
64 138
57 64
50 119
46 136
46 108
1 139
107 139
8 78
100 104
48 118
24 135
24 56
67 126
51 67
20 44
99 114
20 49
8 48
121 133
37 133
95 124
9 124
2 134
13 134
38 63
38 88
21 107
21 32
62 74
62 98
6 10
6 39
3 86
82 86
113 115
64 113
23 94
23 30
16 66
16 128
111 116
3 116
