14.000000
699
25
0
55485
46 146
88 110
87 117
78 110
73 117
14 73
68 129
65 110
60 117
56 133
17 96
17 120
17 123
19 28
19 62
48 133
0 49
46 116
46 58
45 150
45 144
45 82
23 104
23 109
43 129
23 152
24 71
42 113
42 44
41 140
37 114
33 129
0 31
114 148
4 138
4 9
117 133
127 133
133 157
1 132
1 111
1 54
8 42
9 21
0 102
9 159
9 93
90 114
33 149
31 99
47 133
47 75
32 111
117 139
122 157
127 130
44 135
156 158
128 154
38 69
137 140
35 114
36 41
42 106
52 117
39 131
39 103
38 128
37 145
64 94
88 158
86 130
86 124
81 112
80 153
80 126
76 138
76 136
76 84
72 117
70 91
91 94
67 98
91 156
110 112
63 105
61 114
96 122
59 100
57 95
97 104
55 126
100 154
101 147
107 143
55 108
53 69
89 151
107 151
11 23
5 46
24 98
23 139
22 144
21 149
19 77
19 64
7 130
9 26
0 112
17 29
11 129
15 105
30 115
12 91
12 101
13 29
14 36
1 134
2 119
2 11
26 108
27 84
30 81
11 125
3 50
80 155
11 74
83 100
83 145
85 103
85 121
11 66
80 142
79 103
79 95
11 141
130 134
76 106
15 47
103 112
5 125
6 97
92 98
3 72
118 141
121 143
10 124
47 61
20 98
20 149
22 130
25 50
40 149
40 103
34 155
16 92
18 119
51 142
