72.035316
1627
83
3
8736
131 162
68 287
78 309
50 239
21 329
104 141
42 217
279 314
140 299
73 165
207 318
236 321
246 301
119 185
132 173
137 267
54 118
54 124
54 307
62 160
28 160
160 234
160 253
102 117
102 129
102 343
48 102
167 260
125 322
165 322
80 260
97 322
213 260
199 282
199 269
85 199
175 199
221 232
203 339
209 255
67 208
24 255
174 208
255 275
132 208
208 330
60 255
32 243
243 295
117 243
171 179
135 179
179 305
179 349
231 256
64 156
55 204
156 262
256 268
176 321
204 271
176 211
10 256
11 204
18 176
31 156
86 145
130 215
23 43
3 196
196 339
43 316
43 236
43 57
196 286
101 130
130 318
130 333
7 233
7 151
7 56
7 261
27 41
76 159
76 100
5 238
27 110
27 147
27 186
5 16
5 293
76 301
235 314
44 235
217 235
235 327
58 328
58 104
116 300
38 170
38 245
38 240
38 140
91 144
72 192
91 119
317 325
311 323
278 323
274 325
135 323
137 325
253 346
181 342
34 342
23 342
182 346
172 346
320 336
228 336
282 336
52 75
180 184
283 337
285 337
257 308
107 184
8 75
183 254
109 121
72 198
198 227
136 308
15 254
94 121
69 75
87 198
40 308
77 254
148 348
141 148
120 148
276 297
157 276
78 276
66 154
68 122
26 142
13 66
92 122
79 206
123 189
36 123
122 248
168 265
168 319
20 206
96 202
206 220
96 101
138 142
67 168
33 96
142 304
123 326
19 74
99 178
74 279
99 289
74 237
71 99
225 290
86 290
21 113
113 340
113 294
0 35
6 131
153 312
35 280
30 242
6 84
63 214
35 250
93 338
126 216
49 98
53 63
169 190
242 247
242 266
98 127
126 195
63 166
226 252
2 45
93 300
226 258
190 334
95 126
98 259
47 153
93 103
190 315
153 207
81 128
149 224
224 345
224 310
45 65
81 88
45 251
81 299
82 226
173 219
303 332
267 332
161 219
1 50
39 60
39 341
152 193
152 221
1 331
1 106
39 292
152 281
175 230
46 264
114 263
46 212
114 306
46 112
114 313
191 205
191 249
191 284
89 111
89 324
150 223
115 188
115 239
4 309
115 329
25 287
146 186
25 151
25 270
146 327
4 42
146 187
4 177
51 71
90 143
90 246
90 344
54 102
324 335
54 76
9 189
158 244
158 344
9 85
54 192
43 232
156 204
116 260
58 199
139 243
5 196
51 54
116 196
14 160
70 102
122 203
235 277
38 139
218 277
98 232
153 203
203 242
91 194
145 206
203 241
201 322
105 255
12 199
201 208
139 323
17 232
139 346
145 152
176 230
163 243
277 336
114 145
90 232
163 204
59 256
150 156
121 192
145 288
76 164
59 130
7 29
142 192
126 218
22 27
5 273
108 139
192 272
37 91
222 277
17 116
194 288
12 325
229 254
99 302
83 308
210 276
291 342
273 337
133 184
75 291
224 302
45 302
66 229
83 123
105 190
296 298
63 229
1 210
61 197
164 296
6 29
70 226
22 35
46 105
108 197
39 133
37 191
222 229
134 260
200 322
256 347
58 335
134 184
121 200
155 298
