11.211913
209
16
5517
9184
17 28
93 132
92 126
95 120
13 99
23 99
65 79
75 100
73 128
90 113
2 10
5 71
0 26
9 133
2 118
17 109
17 84
5 114
10 122
92 135
15 94
108 132
24 104
124 135
78 83
5 81
34 77
6 119
45 83
61 120
6 15
29 51
29 34
5 85
43 122
46 120
12 116
102 103
42 130
55 120
35 65
53 99
65 138
39 132
69 122
41 90
42 87
24 94
16 42
2 137
76 122
61 83
81 94
0 113
12 40
128 136
62 135
80 113
14 136
2 14
2 45
33 35
12 33
48 132
48 99
77 139
17 139
74 83
59 74
58 126
22 58
27 58
55 58
58 131
7 58
58 89
58 121
58 106
65 125
72 94
72 132
60 134
60 121
91 122
47 129
9 47
22 47
38 76
38 82
67 113
2 67
12 57
57 64
66 117
66 86
4 70
4 53
20 103
20 68
17 19
19 83
18 123
123 133
37 135
88 107
54 107
89 98
98 102
37 125
49 100
86 110
5 110
115 120
11 106
11 88
30 68
96 104
56 97
26 36
112 119
50 112
91 97
64 127
36 49
30 96
8 32
8 65
52 101
52 73
1 7
1 21
3 42
3 75
25 41
25 111
31 44
31 32
63 132
63 105
