63.013754
899
66
364
23580
31 37
11 203
2 6
37 129
197 231
121 233
148 240
36 224
145 150
13 205
111 228
158 191
42 248
75 206
131 178
83 134
160 188
85 155
166 213
168 216
28 137
56 146
56 90
8 169
11 231
121 200
39 64
130 236
18 178
93 195
109 120
100 242
73 109
57 249
37 217
140 203
195 209
66 206
71 151
115 202
50 247
18 44
109 242
71 249
18 88
56 206
156 249
6 195
65 190
204 221
123 124
31 246
199 231
21 212
86 98
1 224
71 213
39 176
195 220
21 102
34 149
141 183
26 137
18 94
141 187
6 113
79 244
68 132
162 218
105 246
11 134
17 207
133 230
26 42
177 221
160 210
185 232
55 63
38 51
21 69
39 142
107 230
54 106
58 74
72 149
54 70
125 172
168 227
43 218
15 158
46 149
171 211
141 143
18 138
80 151
41 240
53 74
40 132
177 211
34 54
218 220
134 161
157 224
190 245
5 9
85 234
149 167
63 222
159 211
51 69
7 240
112 240
19 123
108 231
97 231
185 245
47 211
9 153
4 125
132 226
173 221
147 236
24 218
86 194
87 137
150 189
10 169
164 219
59 123
3 85
170 249
126 207
202 215
116 160
220 224
105 119
29 207
111 112
15 116
158 179
134 237
63 174
42 144
120 133
33 205
104 185
107 200
154 190
76 132
169 193
203 239
86 229
184 242
74 82
108 185
168 186
51 198
150 241
22 203
95 151
79 84
56 117
125 226
14 213
49 241
63 168
21 114
125 238
111 179
128 195
202 245
0 151
79 103
112 207
23 109
205 235
182 190
91 206
26 206
137 152
54 214
226 227
78 213
2 62
6 177
81 105
30 42
6 92
45 202
9 25
62 236
9 226
48 221
27 111
60 219
158 201
34 205
20 178
51 136
110 197
12 156
98 150
178 181
19 118
121 180
44 219
167 249
177 223
243 247
49 243
175 243
34 208
99 122
16 245
16 69
39 196
165 168
165 242
160 165
18 165
112 135
135 220
99 223
16 243
50 77
77 96
32 163
32 118
85 127
121 127
56 89
74 89
35 141
35 178
105 225
225 236
150 225
86 139
139 169
37 52
52 123
39 61
61 79
26 67
67 226
101 192
192 196
208 225
16 101
