9.304552
32
20
458
11188
9 106
73 124
0 128
57 119
26 27
58 146
94 105
19 61
13 64
109 154
59 64
0 140
77 83
36 144
25 142
119 150
5 68
101 115
77 78
116 145
117 143
25 152
72 97
110 155
18 155
18 134
11 147
11 154
97 151
24 103
88 103
115 145
11 97
66 103
103 133
28 65
77 125
138 155
41 155
12 103
27 64
64 75
5 39
14 106
24 155
102 149
74 147
39 143
114 149
76 87
106 141
60 144
10 145
76 144
123 129
119 159
2 61
62 102
23 106
37 134
61 141
37 48
72 144
0 29
0 20
96 98
4 39
49 98
32 108
84 117
20 156
118 151
99 106
32 45
38 145
56 110
14 126
35 97
34 77
65 113
68 156
31 156
32 89
54 75
79 90
79 133
21 156
42 77
53 99
51 106
6 148
51 64
42 156
54 139
67 129
26 67
148 157
124 157
39 55
50 148
3 96
50 62
3 13
69 85
69 93
46 47
22 46
46 58
6 46
65 136
70 158
91 158
48 158
107 137
114 120
39 122
100 130
30 100
15 158
120 135
122 130
44 125
1 103
131 137
61 86
0 86
21 127
11 33
81 126
32 111
52 87
52 112
22 80
80 131
92 146
40 49
40 93
8 32
8 155
63 66
25 63
7 116
127 136
7 11
1 33
81 111
44 92
16 82
16 148
104 135
104 105
71 153
71 94
119 121
121 139
88 95
95 132
17 123
17 43
