74.735714
1
95
0
12590
280 335
85 285
85 266
84 284
198 401
80 116
79 445
282 296
280 427
194 283
200 237
77 206
76 401
202 302
73 379
204 216
73 227
190 222
291 388
100 445
100 439
189 240
98 242
98 118
97 426
190 193
72 194
95 237
94 288
93 190
92 116
91 328
90 183
194 219
59 98
63 82
210 216
62 433
62 140
62 68
61 302
60 267
210 363
63 105
210 434
211 248
57 288
57 114
211 397
212 279
212 330
103 123
208 296
64 83
207 364
64 305
206 286
64 369
206 241
65 325
66 212
206 233
67 345
69 166
204 417
70 407
204 304
167 185
134 426
164 250
132 176
166 383
313 340
166 392
313 396
130 158
135 246
129 349
129 243
129 205
167 419
127 375
314 439
315 316
316 354
162 167
135 281
137 338
158 404
139 429
141 186
144 252
156 338
155 183
146 159
146 376
146 447
154 334
150 430
300 375
109 267
176 299
327 373
331 350
332 413
334 410
111 189
110 350
110 210
175 186
179 332
180 370
338 400
342 447
346 350
350 414
183 321
1 378
174 364
173 288
292 334
116 268
117 189
293 375
120 445
121 143
121 149
121 318
171 373
123 317
171 267
170 215
321 378
27 394
20 332
259 310
258 339
22 381
401 425
399 426
398 430
257 298
24 254
26 223
254 335
26 333
27 89
27 100
19 355
27 448
254 303
252 442
29 75
29 88
29 294
30 34
31 324
384 388
34 238
34 243
34 402
382 430
238 381
11 258
2 34
2 74
272 329
4 176
5 12
5 26
6 407
0 67
269 316
8 63
8 387
9 204
269 274
10 236
214 252
435 445
432 439
423 439
15 186
16 32
259 368
16 88
16 122
16 371
17 263
17 308
17 326
18 302
19 313
42 338
51 165
51 114
234 431
39 364
40 85
40 111
226 388
234 412
41 139
50 437
50 406
41 261
233 430
41 393
41 421
236 280
43 329
228 426
44 67
44 192
45 211
232 234
378 386
231 316
47 203
230 280
50 209
50 77
49 258
48 308
229 373
215 405
221 267
237 365
37 407
278 436
217 329
215 408
53 381
52 324
36 410
224 324
237 377
51 351
153 307
157 244
213 428
215 415
153 232
278 311
271 341
262 274
156 438
191 436
264 380
163 197
164 275
152 167
166 290
161 438
264 400
158 415
157 231
270 401
273 347
262 382
158 289
157 342
262 279
210 322
249 353
196 295
288 352
187 328
187 355
249 442
187 424
237 239
188 296
289 339
188 426
183 270
247 411
247 276
275 360
195 254
190 235
192 306
275 444
191 387
178 239
298 336
296 348
259 337
169 416
259 276
259 271
201 443
256 343
177 275
256 319
177 359
169 297
178 367
235 378
253 311
180 449
181 411
197 341
251 444
182 361
196 370
183 265
51 389
56 204
56 162
55 441
55 365
55 313
367 418
54 381
372 389
54 258
364 446
51 102
50 290
48 428
47 249
46 313
46 116
41 289
41 58
67 86
81 200
78 385
78 287
78 225
74 160
73 422
73 309
71 160
70 348
65 78
64 352
64 147
63 337
62 352
60 142
58 123
14 265
25 142
23 373
21 440
21 357
21 255
416 449
17 126
16 35
14 411
25 249
13 397
12 147
10 138
7 420
7 414
3 251
38 329
38 280
38 184
38 121
36 147
35 204
301 356
33 284
33 261
33 168
29 337
28 267
28 234
26 290
124 203
131 316
129 422
128 306
126 407
126 375
125 295
320 357
124 344
133 211
123 133
119 147
322 338
115 287
323 343
325 336
113 194
112 430
141 323
151 324
151 302
301 449
148 411
306 403
145 395
145 257
312 332
312 384
138 250
138 181
136 367
135 312
133 302
133 255
337 418
96 146
96 186
358 388
98 366
99 320
87 262
361 403
100 306
101 449
86 252
85 312
84 273
104 167
108 309
361 429
106 196
107 260
81 260
112 176
107 218
361 443
362 390
290 356
390 391
356 358
352 409
366 391
352 374
277 359
104 172
102 152
113 138
13 245
23 196
115 195
199 446
172 362
220 245
126 409
131 199
