29.230480
2647
33
3
63051
39 111
57 118
105 118
45 69
136 139
81 110
63 126
7 95
57 95
6 95
38 95
14 97
20 120
15 107
9 107
36 120
26 107
27 120
78 104
104 110
10 104
68 72
23 72
72 82
0 77
0 61
0 80
0 102
46 53
46 92
47 121
47 99
47 96
46 114
32 121
81 127
109 127
48 127
101 117
105 117
112 117
70 86
64 94
18 86
79 94
42 86
35 51
19 51
108 138
51 58
98 108
41 108
124 125
125 128
125 139
74 90
17 132
49 90
38 90
39 132
22 45
44 88
34 103
8 67
13 54
13 31
22 122
28 34
87 113
3 13
34 119
43 44
62 97
21 85
22 33
67 130
85 129
85 135
59 87
62 93
62 71
87 137
67 83
44 84
12 131
12 100
12 29
115 136
60 115
1 24
1 134
1 4
2 56
2 89
2 65
66 111
63 66
66 106
55 126
55 123
16 74
50 59
50 100
16 20
14 120
14 72
5 120
46 107
47 104
32 72
76 95
14 73
2 14
5 13
5 22
5 34
14 66
91 107
0 76
32 94
47 116
40 46
1 32
32 133
30 117
11 127
52 86
85 116
67 116
40 108
52 62
51 75
40 125
11 44
12 91
75 87
25 30
25 40
37 73
