7.274915
45
21
5355
10611
31 73
39 175
76 140
119 162
69 155
128 134
74 92
68 141
68 118
66 176
81 134
5 164
53 163
146 159
164 171
98 143
136 167
86 118
138 159
26 152
12 69
44 159
8 134
95 126
69 141
145 163
144 175
104 150
54 150
125 150
35 71
17 35
117 151
101 151
15 100
73 76
92 172
65 71
4 176
61 67
66 132
117 162
133 159
1 49
36 153
100 130
25 163
17 163
72 173
92 166
49 54
147 150
8 103
64 103
64 114
36 151
0 173
43 114
110 114
23 79
103 160
56 94
104 139
78 139
56 170
129 145
151 168
150 168
116 159
112 135
121 154
125 135
22 62
62 92
121 139
24 114
47 138
47 171
3 134
3 100
58 103
58 170
85 152
85 119
18 178
0 178
88 178
80 137
64 80
48 107
25 48
22 48
48 79
122 163
122 134
97 175
97 100
51 147
48 116
70 110
70 174
61 70
19 163
34 78
34 89
37 175
37 75
50 103
77 103
158 173
115 158
41 178
42 113
113 174
6 32
32 127
87 111
64 177
127 177
109 120
75 109
148 169
72 124
41 148
50 105
111 178
108 137
51 142
29 45
45 89
124 142
105 157
157 178
63 82
63 150
123 129
10 69
10 160
2 156
2 23
40 161
40 173
29 84
84 165
84 106
9 156
9 126
27 43
27 28
30 179
30 88
46 176
46 106
91 167
91 115
55 131
55 139
13 136
13 143
11 98
11 102
14 93
14 176
21 93
21 90
16 83
16 114
20 118
20 96
57 60
38 99
52 59
38 132
33 73
52 67
7 65
33 92
7 149
57 123
