17.198163
11350
21
8
31913
87 105
28 88
4 109
58 72
26 54
21 45
18 89
34 110
38 78
64 78
9 95
92 95
95 118
41 59
41 83
41 113
24 41
17 66
53 60
17 69
17 113
53 84
5 53
14 17
53 85
94 104
91 104
29 44
29 54
29 67
57 106
42 106
49 106
26 106
32 48
58 82
76 117
82 100
83 86
86 112
48 109
40 48
16 76
28 76
19 82
73 86
10 77
10 98
22 108
108 119
89 108
33 55
35 55
68 75
46 68
15 68
62 70
70 74
31 70
79 114
25 114
45 114
13 20
20 57
30 99
30 105
1 52
1 51
1 25
3 43
4 43
56 107
80 90
72 80
3 37
63 110
21 63
0 51
0 6
14 61
11 18
23 49
5 11
50 75
78 115
65 95
17 93
41 115
2 29
10 37
76 93
104 116
7 82
10 102
106 111
56 71
47 78
86 116
55 96
10 101
50 78
68 101
65 108
70 96
8 95
29 61
12 102
30 111
1 2
7 71
12 27
8 104
55 81
27 97
36 114
39 56
56 103
36 103
39 81
