14.000000
240
25
10
37515
40 140
84 95
27 107
19 38
85 129
17 27
38 132
51 119
99 104
22 167
66 104
20 137
13 116
83 113
12 85
40 177
0 71
85 163
60 156
7 156
138 156
38 156
73 156
113 151
71 141
36 75
15 45
45 152
39 45
79 98
79 82
9 71
86 130
38 80
35 130
31 84
30 120
30 67
55 104
27 143
124 135
133 139
107 166
71 126
71 101
53 107
94 125
78 135
132 139
81 135
8 113
13 68
43 147
22 147
65 147
139 165
27 87
118 139
92 104
128 143
38 71
23 130
61 135
27 61
61 150
106 125
10 106
28 110
47 110
110 178
74 93
93 141
51 162
152 162
72 162
79 162
89 137
32 89
89 96
89 138
89 169
64 170
64 107
50 64
36 149
119 176
21 179
43 102
2 175
94 175
82 102
174 179
46 47
4 13
134 154
71 103
18 134
41 56
69 113
103 147
56 73
30 69
107 144
27 159
79 131
84 159
107 171
91 115
1 136
77 111
5 54
34 76
5 150
34 40
16 42
91 117
16 146
4 93
110 144
21 44
42 100
90 122
104 123
45 142
14 79
79 108
50 57
57 105
59 169
59 112
70 85
88 178
88 172
6 89
3 153
24 156
11 139
37 98
11 130
3 48
37 76
25 174
25 157
93 100
135 164
13 164
117 121
84 121
13 52
105 109
30 160
163 173
64 122
60 161
40 49
30 33
10 33
45 158
45 114
62 107
58 83
154 155
97 104
66 114
48 62
29 147
26 61
70 149
110 145
93 127
168 171
149 161
77 123
148 176
24 44
63 168
1 63
109 160
148 155
