35.589716
117
41
60
23595
36 81
90 96
19 153
119 123
141 175
104 194
97 114
68 192
4 13
98 194
17 180
148 183
15 171
81 196
11 144
147 153
89 146
120 157
111 171
69 179
113 184
49 180
79 153
54 171
73 103
158 198
85 171
22 121
130 198
113 132
34 181
46 183
59 168
70 136
24 132
5 120
101 126
81 157
69 129
23 106
43 194
80 120
29 176
22 186
55 59
74 146
66 101
142 175
18 183
136 187
81 178
125 146
22 169
56 118
144 145
47 192
152 177
150 181
28 29
26 63
96 174
8 26
0 30
29 136
136 152
159 167
100 123
141 194
108 192
39 101
39 170
39 127
74 191
48 175
39 112
106 149
37 132
124 182
117 131
88 96
73 192
30 32
65 131
106 173
103 144
107 166
27 166
62 180
77 123
137 198
131 140
102 128
29 197
86 128
30 78
107 116
45 107
0 153
60 101
47 182
69 172
182 193
59 195
123 161
26 163
53 165
53 82
53 189
12 105
12 154
12 94
41 50
41 51
41 64
10 110
10 33
10 190
56 122
4 122
13 57
57 115
93 99
27 99
94 99
99 159
118 188
38 188
143 188
61 153
16 38
16 69
16 149
16 181
16 83
21 144
14 51
20 111
6 194
6 182
40 107
40 136
95 135
15 95
95 177
95 101
156 179
123 156
59 156
22 156
25 183
58 155
58 184
58 114
58 153
148 160
39 160
53 134
132 185
181 185
133 180
31 133
138 139
119 138
138 191
39 162
162 198
69 109
9 91
35 131
109 180
9 97
35 192
26 67
87 158
87 128
75 128
75 120
26 151
52 199
52 112
3 42
3 31
44 96
44 81
10 25
16 99
41 151
99 134
71 82
2 36
2 72
1 188
7 61
21 92
7 84
1 164
84 92
14 76
20 76
