47.701320
50
75
47
2738
231 256
17 46
46 399
167 217
243 434
170 318
256 301
126 230
76 405
1 76
47 403
40 137
220 423
33 138
47 402
286 442
131 158
25 394
9 25
20 297
55 363
156 266
67 177
90 191
339 407
101 204
35 116
83 404
32 377
414 424
232 427
69 90
368 377
286 289
232 289
141 370
200 417
275 358
339 425
47 55
296 410
90 314
8 297
47 366
67 354
159 292
230 412
305 408
103 293
50 397
71 158
229 324
17 408
40 337
28 113
247 429
272 273
211 400
272 409
134 159
40 284
249 286
102 272
61 339
329 335
160 277
253 408
370 383
166 323
209 240
150 209
209 264
370 423
161 412
256 449
65 220
129 427
34 220
105 186
393 422
5 116
187 324
135 193
319 323
54 370
89 311
83 236
193 380
167 384
0 298
356 412
196 412
287 386
70 326
193 245
311 387
230 351
91 256
269 277
230 250
212 297
179 203
38 447
59 67
73 96
84 448
225 318
84 215
60 379
223 318
137 183
251 445
99 427
257 277
46 330
46 309
44 275
247 375
0 79
10 243
64 324
246 445
186 233
33 111
414 446
4 243
323 343
13 158
53 83
157 414
83 306
103 383
167 281
158 415
50 428
50 421
164 211
77 148
426 445
33 140
238 420
77 136
116 178
103 299
70 311
174 377
186 327
321 401
154 401
43 198
188 198
142 406
250 355
112 419
303 392
143 392
270 392
165 310
228 310
310 363
175 283
242 283
100 283
283 443
213 288
267 288
203 288
130 376
2 376
376 410
155 361
143 274
185 274
333 338
101 395
204 338
171 395
395 417
208 290
142 290
178 241
15 241
131 241
241 301
110 345
22 219
258 349
151 349
74 192
189 411
60 411
279 321
140 279
219 279
88 418
248 295
234 248
115 248
280 444
313 329
221 313
16 294
72 226
194 226
16 226
86 210
210 422
6 210
187 265
145 308
308 426
11 308
120 393
320 432
11 320
230 385
18 271
245 271
25 271
274 406
73 312
122 312
96 139
139 347
46 108
348 371
300 348
348 353
302 420
121 302
211 388
51 238
51 130
51 228
51 316
51 389
30 51
76 359
175 332
184 373
45 240
109 158
94 328
167 328
62 188
382 437
43 382
371 382
172 402
350 372
113 350
172 390
259 350
263 421
256 263
262 291
24 260
167 260
112 260
260 345
77 438
66 186
408 441
57 267
33 168
0 128
58 186
85 183
360 446
360 435
254 412
254 318
193 413
68 427
56 220
56 323
147 202
195 436
408 436
103 378
80 247
275 346
88 173
23 173
173 379
369 373
7 90
7 25
50 87
211 315
199 372
199 386
30 199
95 199
152 156
37 152
48 278
48 340
18 48
104 291
104 431
28 52
52 276
52 235
52 353
107 370
49 272
33 49
114 295
114 275
153 209
153 167
77 207
201 341
207 297
29 146
214 242
285 416
36 102
36 218
342 445
322 370
125 317
92 377
92 414
162 352
162 340
237 377
182 247
159 216
108 361
359 392
331 408
83 331
45 283
190 194
190 193
381 392
310 381
119 123
123 195
123 200
176 306
63 176
31 212
31 439
50 222
222 311
288 413
68 376
84 181
0 181
304 419
3 339
3 159
75 447
75 335
38 124
124 439
124 307
248 271
82 303
82 115
19 63
19 227
26 72
26 362
117 151
117 449
40 261
261 370
324 440
286 440
47 144
14 149
14 416
239 243
144 277
308 374
67 206
206 247
97 367
97 280
12 317
12 334
12 266
106 118
106 443
163 236
163 433
42 230
42 233
58 241
180 349
41 398
41 308
127 197
180 279
226 325
315 349
39 78
279 378
344 350
127 388
294 391
51 197
359 396
268 344
210 391
78 226
359 365
39 304
84 93
93 247
308 369
98 382
192 342
125 192
133 396
226 336
192 237
348 438
169 348
133 205
364 365
109 132
282 332
104 374
80 205
184 252
104 385
62 224
244 312
350 357
57 441
214 312
244 255
21 81
21 255
98 285
201 359
27 346
27 173
418 430
430 444
107 147
29 85
132 239
216 322
