10.230952
1
23
0
74318
74 93
52 60
90 94
26 52
25 68
25 53
16 40
80 108
15 65
8 53
14 103
41 104
42 124
67 120
42 46
65 132
42 64
65 101
4 50
31 86
31 125
32 119
113 118
2 31
108 126
4 48
94 113
106 108
4 87
4 102
53 114
52 72
98 103
28 94
19 124
47 89
45 96
61 117
52 129
42 116
42 45
41 128
39 58
38 65
37 137
37 101
36 91
34 136
33 121
33 105
32 131
73 127
123 128
121 123
117 134
110 135
105 122
103 129
96 105
95 130
93 110
91 131
88 89
84 131
82 108
81 105
79 109
53 107
71 118
70 88
68 73
66 81
65 116
63 121
62 94
0 75
59 120
58 139
55 85
55 67
54 82
20 48
6 97
6 103
22 27
6 139
7 51
20 125
7 136
11 77
9 44
23 49
16 136
10 138
19 58
18 57
10 104
17 87
17 78
12 74
30 61
29 108
31 66
27 97
0 92
0 95
1 134
3 99
23 137
3 105
5 11
12 133
5 38
71 115
70 131
11 51
11 110
0 43
69 109
111 115
110 112
107 134
105 115
100 109
9 37
76 115
24 115
43 136
21 59
21 100
23 83
24 56
36 99
35 134
35 112
29 56
57 130
13 37
13 69
