5.045524
36
22
22
10187
29 120
41 138
149 171
0 157
63 72
54 85
4 73
29 75
17 29
60 136
51 85
138 144
138 169
62 165
81 165
10 165
73 165
4 172
69 172
72 172
83 164
11 164
134 164
127 164
30 71
134 166
113 125
87 125
45 57
6 57
74 102
90 102
47 154
110 122
32 122
111 122
8 96
8 27
8 174
151 162
119 160
117 167
52 177
5 101
78 101
39 107
81 107
44 140
19 40
28 89
76 89
89 111
22 176
48 171
34 48
23 170
59 79
50 175
6 50
50 91
30 50
31 178
55 129
3 129
105 169
97 99
13 97
29 158
58 90
62 152
85 152
19 70
98 142
33 93
26 82
26 27
26 142
26 87
38 115
23 139
103 157
66 130
49 121
85 121
138 153
3 153
158 165
21 124
108 143
86 145
86 124
53 159
36 38
14 25
25 33
1 49
1 123
15 74
15 83
100 102
44 166
71 158
24 112
92 141
67 88
116 149
91 116
88 113
56 68
92 95
24 42
116 132
16 163
16 66
88 179
94 102
61 110
146 179
29 156
9 117
9 118
9 60
9 99
8 162
135 172
135 164
101 122
84 168
37 45
37 141
139 154
21 125
2 59
2 22
31 94
53 125
84 89
170 177
80 101
103 106
43 112
43 78
89 176
65 129
147 167
100 130
46 101
31 64
65 147
155 177
35 173
93 177
7 107
58 105
50 70
35 114
36 168
40 137
98 115
89 108
8 148
8 133
12 106
104 160
107 131
116 173
12 50
77 80
31 128
129 150
158 161
56 114
20 46
88 155
26 104
7 126
109 137
88 126
18 161
