90.983715
1375
108
23
4893
461 491
65 316
285 316
211 290
133 444
95 356
211 456
89 223
196 211
406 416
102 250
54 102
170 241
241 346
106 273
350 381
106 445
381 434
475 476
105 294
232 475
17 253
257 420
297 370
36 476
77 133
165 484
59 489
151 245
256 316
140 323
244 406
26 420
163 344
335 336
242 336
279 410
162 357
261 344
159 344
147 450
5 458
322 336
56 450
96 372
388 410
120 267
63 120
87 120
6 399
184 413
349 372
125 410
269 458
45 357
46 372
398 458
304 450
179 357
60 106
368 381
241 326
190 241
11 102
381 488
102 146
91 229
299 420
18 235
235 387
167 235
80 245
182 341
379 403
174 420
153 390
24 91
14 91
91 438
17 460
311 460
378 460
92 424
296 472
321 413
133 337
78 491
153 497
171 297
153 317
297 476
413 442
226 489
169 245
87 133
283 297
297 328
133 173
83 491
99 189
258 424
228 476
88 476
257 274
242 313
401 489
58 489
187 205
327 341
184 341
7 341
135 144
20 362
128 249
60 211
122 449
407 424
208 481
122 338
294 406
220 481
82 403
314 403
232 481
122 266
121 122
139 153
112 153
339 411
1 281
100 428
98 100
206 305
131 305
393 405
188 405
405 484
373 418
210 373
373 465
211 373
197 265
189 197
43 197
33 415
275 415
307 427
394 427
427 499
198 376
161 376
376 396
213 295
1 213
19 213
132 436
113 333
15 191
441 480
123 291
404 419
291 355
176 270
185 447
44 333
69 262
191 432
264 293
293 495
40 185
293 320
436 439
240 270
76 202
333 452
286 441
419 443
126 419
360 436
262 474
202 492
85 202
330 441
10 191
270 351
108 417
108 238
276 324
51 109
207 409
32 277
207 435
32 274
109 433
55 108
32 425
108 366
3 32
109 146
204 207
109 449
207 498
152 482
9 152
152 497
178 252
178 343
178 397
178 431
97 239
95 97
97 221
200 309
200 429
25 200
21 219
21 413
21 193
21 149
303 365
303 332
303 385
383 463
231 383
81 467
81 144
255 310
29 81
310 486
236 455
114 236
236 483
53 67
53 337
4 53
94 459
94 134
94 491
94 490
73 301
301 487
301 408
103 203
203 369
203 389
110 472
110 280
110 446
116 148
116 130
116 464
354 471
354 382
354 369
324 441
115 230
8 66
406 470
136 414
215 363
166 494
28 166
136 409
66 313
66 272
215 361
136 377
230 334
230 352
212 215
166 402
201 346
201 268
201 224
183 276
183 364
183 448
42 479
140 479
118 479
209 469
412 469
13 469
35 469
12 296
12 496
12 86
249 359
137 359
223 359
37 417
37 243
37 358
119 300
118 300
129 300
75 300
99 477
412 477
165 172
47 172
26 172
263 477
34 61
36 61
191 470
66 324
390 493
89 493
339 493
323 371
2 225
253 371
168 225
235 312
211 312
186 375
245 375
70 175
39 72
246 298
246 386
39 288
70 177
70 367
30 440
39 315
30 104
30 111
246 430
100 312
260 426
20 426
348 426
217 292
292 356
250 292
164 394
164 289
164 453
164 196
105 164
235 478
2 271
22 129
41 235
126 237
258 451
345 473
345 396
187 345
312 419
119 254
156 306
24 251
251 318
6 156
70 324
101 263
145 476
329 491
391 450
260 421
340 400
74 340
381 395
48 458
340 457
340 399
16 74
157 227
157 400
460 462
413 462
31 128
27 256
27 158
27 171
31 68
31 234
27 397
310 312
234 353
314 353
50 481
90 420
50 100
35 278
101 436
437 489
153 437
181 248
102 454
127 205
62 350
127 422
52 93
93 380
3 64
259 403
62 281
64 342
30 470
109 395
21 329
100 248
0 73
0 229
138 241
91 138
124 370
124 455
23 97
23 200
107 424
106 284
121 194
57 410
316 468
142 461
142 495
308 427
325 372
344 384
222 245
222 357
222 341
79 324
152 308
108 160
303 462
110 374
48 383
180 405
18 302
141 197
305 384
16 53
16 94
203 466
301 421
141 376
49 77
199 306
106 199
278 291
116 391
185 454
302 305
155 270
57 213
116 282
333 423
262 284
202 468
81 90
32 325
207 325
16 201
233 426
79 470
84 406
84 130
71 415
150 420
150 247
38 149
38 52
155 236
194 383
37 421
12 160
218 312
354 423
466 493
214 230
166 180
462 477
107 215
246 421
310 319
271 347
41 117
237 331
143 292
287 478
145 451
154 374
254 392
71 479
214 300
16 192
39 259
216 359
192 195
195 485
292 319
325 331
222 347
