117.366667
1
127
1
36699
60 423
53 118
54 115
54 449
56 442
57 242
42 431
58 247
14 76
60 192
60 233
60 315
52 315
12 317
62 406
64 215
58 131
22 408
22 216
22 90
22 58
21 391
44 54
32 127
29 255
29 282
29 313
30 155
27 437
27 271
27 100
34 207
26 419
32 77
21 306
32 415
32 447
33 204
33 273
34 55
34 78
27 72
14 374
14 142
51 289
293 446
273 284
275 290
275 371
0 184
279 393
279 431
280 295
286 344
288 383
291 448
272 293
296 328
300 427
301 419
305 347
305 440
278 448
220 330
226 277
226 444
227 310
15 49
45 160
20 441
50 319
18 328
18 228
47 82
48 427
49 66
17 49
16 333
29 120
49 114
19 308
256 403
259 343
259 425
263 308
263 441
265 288
266 369
268 391
93 441
80 260
69 158
0 108
71 186
71 225
71 237
106 279
105 267
104 295
73 80
68 306
107 286
3 51
2 358
0 364
95 319
2 51
1 385
82 183
1 91
97 279
98 273
9 212
74 258
74 359
74 385
75 343
79 155
74 170
0 316
9 269
102 195
80 234
99 253
9 200
80 315
103 240
65 134
67 187
111 377
111 148
111 137
110 448
109 354
39 438
5 402
34 316
35 40
35 373
35 379
24 423
35 416
36 266
37 365
13 54
100 187
40 51
24 410
40 317
41 42
42 70
23 295
111 407
42 389
38 352
28 327
7 402
99 311
99 367
99 449
100 111
1 83
9 121
81 176
82 303
8 149
84 139
181 354
101 352
6 218
92 210
4 417
4 410
4 250
4 215
87 390
88 275
89 158
134 194
134 316
124 442
125 210
126 247
128 149
130 204
131 362
131 430
131 432
132 226
133 172
122 395
134 206
123 343
187 392
187 413
188 423
189 398
190 353
191 427
195 299
195 358
112 303
149 223
149 434
150 172
151 178
152 222
152 240
152 378
153 267
155 214
145 406
195 388
113 390
114 293
114 395
116 228
117 220
118 163
118 263
118 283
119 193
119 218
173 414
162 273
164 422
165 317
166 256
167 370
168 370
169 176
182 306
172 261
173 292
161 256
174 310
174 386
176 255
176 257
177 395
178 276
178 381
179 406
180 228
171 218
210 211
196 266
198 394
199 365
157 288
204 231
204 264
205 394
208 441
209 241
209 327
232 266
212 295
212 390
215 281
219 275
220 230
203 419
158 445
159 228
160 326
160 387
360 412
344 447
345 391
349 433
350 353
351 410
353 371
354 445
356 433
357 414
358 365
358 394
244 352
306 404
360 428
363 394
370 397
372 433
375 421
376 414
382 419
391 400
398 411
244 421
147 354
229 318
232 267
232 442
235 422
238 250
242 318
243 247
255 398
244 360
146 344
245 421
247 304
248 293
249 395
250 420
250 443
251 267
252 256
254 333
255 332
138 390
330 427
331 365
333 449
335 421
339 438
341 438
321 328
135 410
137 213
137 287
137 409
422 431
139 239
139 396
140 328
141 215
143 242
144 158
145 315
220 236
145 448
401 429
327 384
330 370
426 442
360 424
307 342
307 410
308 338
308 418
310 320
310 445
312 398
316 332
325 406
323 422
322 352
321 333
344 361
319 447
319 324
317 368
314 423
4 285
21 136
19 136
129 136
107 136
175 396
175 401
136 193
25 114
285 308
40 285
25 58
26 175
202 327
201 449
103 197
100 201
112 399
96 256
96 172
59 232
96 137
94 332
139 366
43 220
197 355
46 419
31 348
43 216
218 274
226 274
228 436
242 436
33 298
33 262
252 399
31 386
262 292
262 425
31 309
263 439
46 149
82 346
86 155
145 337
11 160
342 435
297 417
340 358
328 405
330 340
224 447
11 275
334 343
334 402
10 423
336 353
337 445
11 71
10 433
431 439
288 346
294 297
405 438
14 436
185 262
178 366
61 223
210 336
61 270
63 399
74 86
156 244
61 241
1 202
380 435
212 337
305 405
197 229
45 221
329 348
154 221
305 329
246 285
298 302
156 202
85 94
85 337
59 436
11 224
197 202
217 302
217 246
