30.859536
1475
35
5
78479
100 132
37 45
75 77
19 78
3 79
92 104
80 119
39 114
43 109
67 110
58 110
94 110
80 110
48 126
48 79
14 48
29 85
22 29
32 82
29 93
32 127
30 32
29 68
6 102
24 27
24 107
24 119
24 99
62 121
60 121
3 121
17 123
17 49
17 105
0 122
73 122
120 122
59 135
132 135
113 135
65 125
94 125
91 125
13 137
2 88
23 98
87 98
46 112
70 112
41 88
109 118
38 98
71 112
45 88
66 118
89 118
85 137
137 138
31 83
31 50
31 100
78 81
81 127
81 90
40 53
84 101
76 96
9 84
10 53
96 131
72 96
53 134
5 84
11 83
108 111
108 114
16 108
61 136
116 133
61 92
28 35
28 124
28 102
7 139
54 115
54 74
116 128
26 61
18 54
4 116
42 43
7 107
7 55
42 106
42 129
1 37
1 75
1 103
25 69
8 63
8 86
8 52
25 44
25 57
15 21
21 104
32 48
6 32
6 118
6 31
29 34
110 117
17 34
34 112
11 64
11 53
11 108
6 12
56 122
88 130
98 130
48 117
34 61
17 97
24 51
33 135
47 137
56 81
34 95
84 97
51 96
25 130
1 20
47 54
33 116
12 130
20 95
8 117
36 64
