27.543168
106
37
14
32144
99 149
53 77
13 93
7 118
34 145
49 144
76 116
131 135
92 165
26 105
78 105
105 142
24 37
8 37
37 79
108 170
32 170
170 175
90 128
64 128
40 128
68 106
67 106
106 158
126 162
14 162
96 162
100 163
107 163
99 172
98 163
52 172
18 161
129 161
94 124
124 135
109 124
28 65
28 141
28 63
28 105
81 178
45 81
81 156
7 54
54 57
47 54
55 152
17 151
41 121
50 152
72 151
0 41
152 167
151 157
10 41
4 179
4 143
4 114
71 122
22 71
25 127
127 147
29 69
29 73
145 153
136 153
80 140
80 174
80 103
131 173
23 173
48 97
48 171
76 119
118 119
134 146
9 146
1 85
5 159
58 66
58 176
58 75
1 101
5 154
5 82
1 11
91 138
93 138
132 138
59 111
39 111
35 56
51 116
51 110
14 168
2 84
84 92
34 84
15 134
19 36
36 53
87 133
133 144
46 170
89 105
56 161
60 162
60 172
87 104
64 104
123 166
6 30
44 113
6 35
6 77
44 123
43 115
43 177
33 61
112 169
112 130
104 170
11 102
120 124
37 38
9 164
104 106
95 106
27 54
33 128
4 84
46 151
81 120
4 46
139 163
59 150
12 71
86 88
88 156
37 150
16 70
74 132
148 174
3 16
142 148
28 166
117 177
70 117
42 158
31 169
2 31
95 152
4 38
41 125
42 161
125 127
81 155
71 164
58 83
29 95
27 146
83 168
48 166
31 127
89 168
48 160
15 137
12 20
46 137
138 139
5 160
153 155
117 153
102 138
21 95
74 146
62 168
21 62
