47.800000
1
51
0
69037
82 87
71 146
73 195
75 140
78 104
79 133
79 141
80 106
81 97
81 113
81 191
71 123
83 166
84 198
85 101
86 167
86 171
87 90
88 92
88 158
88 161
88 192
57 164
45 57
45 70
45 127
45 173
48 132
49 92
51 132
53 194
54 95
56 194
91 159
59 118
59 180
59 190
61 71
64 95
65 160
66 86
67 83
68 193
71 102
143 158
114 133
116 193
120 143
122 140
127 196
129 150
132 189
139 193
140 171
142 159
110 140
143 184
149 150
150 158
150 170
155 166
156 198
163 195
164 165
164 169
164 199
100 131
92 115
92 183
94 112
94 153
94 179
94 189
95 176
96 197
98 195
99 127
0 124
100 152
101 157
101 188
101 189
104 168
104 181
106 145
108 135
108 139
108 155
20 186
15 47
15 134
15 144
15 171
16 152
17 35
17 78
18 160
19 108
20 35
20 36
20 174
14 106
21 133
22 87
23 109
23 119
23 187
24 141
25 89
25 125
25 138
26 194
27 152
7 133
0 6
0 147
1 12
1 87
1 194
2 132
3 127
4 10
4 28
4 127
4 151
5 143
43 160
8 187
8 198
11 39
11 111
11 177
12 30
12 55
12 74
13 42
13 44
13 63
34 79
35 154
37 159
38 83
40 96
35 105
34 164
34 131
34 93
40 130
34 62
33 88
32 95
31 182
41 86
31 176
31 148
0 128
52 106
128 198
52 160
172 190
1 9
185 193
117 152
108 175
185 195
136 162
146 162
137 158
137 189
50 152
4 77
40 126
162 178
11 117
159 175
2 117
46 79
29 106
77 81
25 50
29 178
72 83
23 117
69 107
20 126
65 121
60 198
95 117
60 63
58 171
104 128
103 164
59 72
117 172
107 121
76 137
9 128
58 76
103 162
