7.562810
73
13
77
30979
24 37
74 76
32 38
38 44
70 77
38 51
52 69
7 97
53 74
86 97
70 82
41 70
18 97
68 83
26 38
34 69
47 85
28 35
36 89
1 36
35 63
5 63
36 58
67 69
80 85
56 61
24 63
67 78
78 82
29 79
72 79
56 64
71 97
26 55
36 59
58 65
69 95
9 16
25 28
22 25
38 87
10 88
8 10
68 84
3 84
17 84
85 96
11 74
2 45
31 63
57 74
57 85
30 40
54 70
54 94
8 54
97 99
69 99
72 99
12 40
4 81
4 70
16 71
15 51
15 66
15 83
15 21
19 90
2 79
23 91
7 23
50 79
19 59
20 42
48 60
55 75
13 87
6 84
42 65
73 75
60 64
0 84
0 96
33 98
90 99
12 48
49 92
49 66
62 93
30 98
6 33
11 43
27 46
27 50
14 43
14 39
39 46
31 84
62 95
