8.927795
268
22
0
27873
62 120
10 96
11 23
11 37
11 99
87 152
83 95
16 96
82 127
81 87
67 140
148 156
62 95
23 89
24 96
48 116
29 34
39 62
36 81
33 62
32 82
5 85
5 20
109 140
5 149
6 81
1 53
3 34
1 21
62 147
52 142
55 78
55 93
56 107
56 123
60 86
119 131
57 145
47 113
58 150
118 139
60 114
123 125
68 126
46 121
43 152
43 151
42 135
41 96
41 92
130 140
135 156
35 159
35 47
33 63
0 124
91 157
84 98
84 144
86 144
105 118
88 90
88 114
91 131
91 145
82 136
104 159
92 125
96 108
97 106
98 146
101 125
63 122
82 128
113 139
82 108
115 135
78 102
77 148
77 94
73 119
71 117
71 97
70 158
70 126
70 110
102 154
116 124
17 62
27 42
8 150
9 81
11 69
11 143
12 56
13 73
14 46
14 51
15 57
16 142
17 34
0 38
17 81
22 146
22 112
18 35
20 58
18 91
19 158
19 48
19 94
31 140
19 155
5 9
4 34
30 46
1 27
5 69
28 133
75 102
2 17
75 138
76 129
17 111
2 64
79 130
72 153
72 144
128 143
72 141
72 100
135 137
136 138
137 141
65 124
19 129
70 79
7 64
102 103
104 134
7 35
13 132
80 132
80 117
44 46
44 144
45 56
45 66
26 124
49 66
49 74
50 59
50 111
40 65
35 38
35 54
28 144
61 147
25 125
