26.195500
19595
32
1859
28433
55 140
135 139
50 75
67 143
110 150
76 88
42 102
124 152
16 118
81 104
67 93
70 142
14 70
15 95
38 101
128 151
8 12
24 147
38 138
50 129
106 121
12 149
31 122
20 88
22 157
34 107
32 104
34 103
127 140
72 98
36 95
117 159
17 101
136 158
108 136
83 100
116 136
74 124
22 34
72 113
56 67
40 50
8 88
14 94
52 141
5 140
6 67
19 83
115 148
89 139
106 108
141 146
97 115
18 113
16 65
16 126
24 37
27 122
82 141
44 45
48 149
57 131
29 44
61 94
3 94
1 83
77 139
134 149
51 148
58 122
10 70
26 157
94 133
85 148
18 46
105 157
69 120
121 130
69 137
69 92
63 121
30 141
62 132
19 65
11 62
93 95
69 140
14 110
53 124
38 111
34 79
33 72
2 128
84 110
28 110
71 122
7 24
50 125
59 70
49 64
72 145
24 145
2 145
13 49
13 145
59 145
99 116
46 99
73 157
73 121
0 144
41 43
41 131
0 83
11 41
60 77
31 60
60 90
42 60
44 109
109 149
109 148
38 109
14 80
114 149
81 114
109 112
80 125
39 139
39 88
17 47
21 47
86 122
86 140
95 154
69 154
123 156
117 123
123 155
50 123
54 91
54 78
54 102
7 54
35 155
35 153
67 87
87 141
25 132
25 144
9 97
9 119
66 124
34 66
23 44
23 96
4 96
4 68
41 145
