78.266667
1
100
1
7132
294 491
280 491
282 357
283 371
285 450
286 293
286 298
286 380
293 299
279 432
297 349
277 341
198 332
201 216
201 225
202 416
205 492
207 427
139 316
277 307
275 474
275 401
274 416
272 340
271 373
270 294
269 286
267 450
266 421
30 351
14 324
13 324
13 85
241 420
426 493
298 388
424 480
415 431
412 491
408 432
404 447
404 418
402 492
389 476
386 466
375 427
371 462
216 337
245 314
12 432
239 480
233 339
233 261
230 320
227 277
223 351
221 294
216 378
216 354
248 458
213 491
213 446
213 242
213 214
208 435
2 148
5 263
37 129
2 160
36 356
5 126
71 81
37 352
70 95
37 343
74 458
29 56
16 457
16 499
47 258
27 346
56 470
55 415
72 427
73 395
2 11
1 182
6 166
2 471
76 105
68 193
68 158
0 410
7 238
0 192
34 373
76 359
137 333
7 464
29 387
44 415
60 360
61 93
29 394
42 477
58 66
42 268
42 247
40 376
32 322
40 357
66 308
66 407
66 490
154 197
40 183
27 231
49 458
50 273
50 312
50 313
25 89
23 320
50 349
52 277
26 395
21 68
76 144
19 112
27 323
95 155
170 265
170 259
119 406
167 228
167 220
166 385
166 188
163 286
162 475
162 327
162 259
157 480
156 314
155 334
88 250
170 411
93 281
93 215
92 336
90 133
89 400
89 324
89 291
89 150
88 444
88 430
95 173
88 176
88 130
85 480
85 332
130 395
154 169
153 492
152 336
151 162
147 466
146 466
145 356
139 252
139 143
137 413
154 290
137 149
134 233
133 365
132 370
433 476
128 420
127 382
127 381
124 131
120 314
119 435
168 172
196 484
191 482
181 457
180 423
178 294
177 393
177 373
174 491
308 324
360 426
353 439
351 445
350 404
349 463
348 423
330 332
328 353
324 486
371 420
320 457
320 335
318 476
315 419
308 492
81 184
307 319
305 338
301 416
298 455
298 441
426 436
484 495
483 496
483 485
482 497
469 476
457 473
452 482
450 467
427 470
371 377
81 461
80 450
79 353
78 264
77 458
76 378
110 319
119 344
117 133
114 498
114 429
114 378
114 255
112 391
112 304
111 209
370 489
321 370
95 262
96 332
99 340
100 168
101 336
103 275
104 336
106 154
110 236
110 257
197 416
111 123
111 390
448 482
377 448
197 448
117 190
21 459
8 282
63 409
8 278
217 302
60 302
7 397
110 342
213 342
63 420
63 161
338 397
314 397
233 288
302 393
139 342
136 397
244 320
4 8
288 349
342 353
39 397
3 8
8 321
197 244
363 459
254 302
2 287
308 325
54 421
135 449
326 426
329 395
4 122
329 455
10 35
341 417
398 419
18 320
275 287
18 340
442 444
296 442
280 289
289 420
171 442
166 494
167 437
85 494
85 289
171 292
122 137
47 54
81 438
78 449
45 229
69 466
160 331
70 229
138 289
122 170
64 398
127 331
110 449
118 442
62 398
95 122
140 353
93 326
54 187
149 417
54 65
97 345
97 136
210 417
27 246
229 299
366 465
379 482
246 356
371 437
35 491
200 465
217 417
212 232
224 331
229 434
212 425
379 384
208 398
206 266
218 260
197 237
107 108
57 102
124 175
64 125
219 237
31 162
59 83
112 347
57 104
32 222
111 414
62 237
29 468
116 211
118 383
33 83
109 478
211 428
142 476
49 403
84 286
83 322
82 91
186 479
187 222
80 159
68 367
251 336
38 159
46 95
251 298
159 182
88 414
250 309
161 186
46 168
195 295
119 300
453 487
42 367
24 458
194 453
25 194
72 91
85 303
260 370
175 399
258 472
179 373
179 483
38 317
295 434
294 488
1 108
15 352
310 368
226 248
315 362
345 472
15 135
226 346
364 370
404 460
7 347
363 478
403 454
300 314
24 351
9 378
364 427
305 368
67 384
67 440
361 374
48 450
362 396
48 432
91 311
142 484
235 253
98 309
53 383
131 237
457 460
203 206
0 43
204 235
288 448
7 276
75 85
358 456
240 476
189 340
252 372
165 420
5 243
5 165
249 405
87 88
185 190
17 483
141 204
141 356
253 481
240 366
94 374
134 443
232 276
28 59
127 355
308 355
65 121
20 110
121 484
20 51
41 167
372 423
0 86
340 422
243 428
55 86
190 292
190 451
113 448
69 398
185 317
303 459
115 459
392 459
288 361
9 342
288 369
140 306
234 449
22 325
284 438
63 164
91 199
302 481
113 284
256 459
43 487
249 289
358 451
