75.218520
114
82
18
20927
78 283
6 218
48 187
222 271
92 227
102 172
66 272
269 272
47 294
172 277
135 294
71 172
110 172
77 294
9 272
272 294
94 187
142 192
192 234
170 192
211 230
21 75
119 158
31 143
134 217
242 263
39 263
52 263
171 263
64 187
193 197
105 267
18 267
41 267
116 148
29 148
89 148
2 270
284 285
270 275
106 270
284 288
130 284
116 284
13 298
217 298
250 298
260 299
297 299
173 292
158 281
228 292
11 290
14 188
205 279
4 178
168 249
88 279
33 292
52 286
258 290
7 178
34 249
256 281
5 299
227 279
27 249
151 178
101 290
245 278
233 239
200 286
232 278
243 278
118 281
176 286
92 188
58 239
188 207
69 239
117 257
38 117
75 117
162 293
21 162
162 194
114 161
114 136
114 296
76 114
19 124
124 237
124 163
186 277
177 186
186 219
186 225
6 67
57 67
67 189
152 238
65 152
152 283
202 248
252 255
90 169
115 132
85 202
159 215
36 276
68 214
20 145
214 220
169 197
145 261
156 255
82 276
276 289
12 169
212 280
40 159
191 202
96 247
255 287
59 212
209 212
54 115
129 247
119 145
50 159
247 291
43 115
127 214
152 270
113 167
84 113
113 264
112 139
139 147
139 218
26 122
24 123
123 230
123 199
8 125
74 153
73 141
108 268
93 198
49 262
37 108
153 251
100 224
8 80
3 45
45 196
8 254
45 121
100 138
15 100
35 49
93 120
87 97
61 73
97 146
97 184
49 137
46 93
73 134
108 213
153 204
16 23
16 111
16 222
164 272
182 187
95 240
31 240
60 148
183 231
195 231
42 79
42 211
42 295
178 273
131 190
1 235
32 149
44 98
55 179
0 241
72 103
131 133
1 63
0 30
1 236
32 62
72 175
0 10
131 201
44 157
91 223
72 253
91 266
91 206
55 140
55 203
32 53
44 83
78 181
143 181
165 181
17 281
166 249
155 278
155 239
70 292
162 208
225 229
185 229
136 229
84 259
210 221
22 152
174 192
150 294
41 150
115 273
22 214
122 216
144 216
208 255
159 182
259 286
259 279
150 284
26 49
155 212
128 263
117 174
172 274
160 193
160 180
124 282
60 108
60 93
107 114
107 124
97 164
26 231
51 298
128 299
123 166
174 202
276 282
169 282
86 270
17 45
17 100
104 290
22 131
26 229
55 164
1 208
26 28
91 182
181 273
67 274
28 73
51 145
32 166
44 70
70 72
86 247
99 113
99 139
221 273
60 221
16 259
154 187
154 192
8 99
0 150
17 244
153 274
81 164
109 182
208 265
166 246
70 265
42 104
56 155
221 226
81 282
56 259
25 109
99 246
126 226
25 126
