59.803313
130
71
8
18470
70 182
131 238
180 196
104 208
16 189
12 50
125 280
220 280
259 280
203 218
218 296
24 218
33 287
55 287
190 287
148 279
154 242
46 279
65 242
28 279
95 242
279 299
275 284
113 275
54 226
206 226
207 226
225 275
59 275
179 247
150 179
14 179
163 232
141 163
88 239
163 236
109 163
17 88
218 280
52 176
45 133
133 273
116 176
176 268
28 133
133 295
211 216
156 216
193 216
96 165
237 274
68 96
96 129
21 140
66 288
191 235
57 140
69 219
35 285
11 219
63 219
205 288
122 288
257 285
13 217
98 217
6 235
233 235
102 217
43 72
43 251
128 248
128 196
128 267
128 292
83 200
168 200
15 160
76 84
160 227
60 76
59 160
67 76
144 256
174 293
110 272
89 144
169 187
106 187
53 174
48 174
23 110
25 110
40 119
40 182
51 87
87 294
74 80
0 71
78 214
85 175
5 101
77 184
71 276
105 215
79 186
32 90
79 250
77 146
62 139
26 120
71 264
159 271
26 267
74 238
62 269
90 224
90 100
58 105
5 278
159 263
142 222
78 201
26 213
142 265
31 142
86 117
117 229
8 85
29 78
105 277
117 252
34 74
3 79
47 62
44 77
85 188
41 243
41 137
41 258
37 228
37 291
37 232
212 286
82 212
70 212
136 164
19 199
197 199
107 178
107 208
107 173
12 210
22 210
112 210
241 258
49 131
114 237
49 145
114 261
49 147
114 195
60 262
56 249
56 108
73 246
18 121
73 181
73 94
18 198
18 172
56 115
164 245
183 245
39 254
16 254
1 161
50 290
91 161
260 290
2 290
93 192
1 231
4 194
194 281
10 149
92 240
92 189
92 104
132 255
132 295
97 103
103 119
135 151
97 135
135 180
152 221
152 253
136 218
20 124
124 209
42 218
136 226
148 202
112 170
38 88
133 289
176 241
143 155
157 206
19 157
7 156
166 269
4 7
158 221
75 122
77 223
117 274
74 274
9 255
64 216
64 96
111 242
81 286
138 275
230 279
134 287
27 219
73 223
88 149
42 200
30 163
76 136
179 297
9 280
27 174
110 171
185 235
162 223
43 231
64 105
96 177
79 171
130 217
274 297
42 85
134 140
43 103
43 283
226 298
64 210
37 241
212 241
124 274
81 287
36 242
49 171
160 244
144 153
153 187
118 176
170 285
41 185
99 266
27 290
36 179
136 204
27 126
30 78
234 241
87 103
87 138
90 177
5 230
64 123
61 142
62 244
71 153
42 162
167 289
38 152
107 138
167 171
234 266
99 153
18 111
200 282
56 283
61 114
159 202
187 270
126 138
192 244
5 118
123 130
75 212
127 262
143 152
158 270
