107.283333
1
121
11
6085
93 445
55 377
25 376
41 207
26 350
27 39
27 44
63 216
68 75
248 496
69 136
128 429
42 295
80 425
80 410
27 422
63 467
28 266
64 90
63 199
35 56
249 426
229 285
19 152
142 200
36 291
32 393
35 395
70 452
35 73
70 361
127 202
250 491
61 96
241 323
37 186
19 267
20 142
46 233
34 211
22 474
45 463
70 271
2 88
231 394
295 411
303 476
273 298
224 311
224 358
225 250
239 385
77 352
8 393
230 430
295 393
233 296
233 376
234 306
234 418
248 431
237 298
227 335
240 355
281 376
250 345
259 369
262 407
264 377
266 424
269 435
45 362
75 353
78 403
279 426
260 307
283 341
285 478
288 367
290 429
291 312
291 472
45 343
272 369
230 265
102 152
86 477
99 335
66 106
66 470
84 105
83 213
13 232
16 145
14 434
270 307
293 394
101 183
100 457
53 251
54 257
54 372
100 292
100 155
17 31
51 416
75 241
92 107
11 156
92 226
89 186
58 437
65 317
92 375
87 432
65 256
66 200
76 251
77 336
71 110
47 370
14 149
47 363
14 302
49 232
98 160
30 187
95 433
66 318
65 141
90 289
30 363
40 142
70 220
30 113
79 147
38 298
75 268
77 360
72 90
2 166
31 306
47 466
60 348
19 57
45 278
35 44
65 120
243 344
47 329
50 263
3 232
4 31
97 234
9 307
96 245
95 435
15 137
243 438
217 455
177 180
173 295
190 443
95 183
5 304
55 379
7 476
94 217
40 276
203 486
129 325
129 406
116 369
211 287
222 274
222 413
223 266
126 176
154 495
203 458
129 242
206 445
207 414
208 403
194 376
196 222
125 273
125 445
217 330
202 383
219 271
112 243
156 446
144 174
103 145
105 215
105 313
105 428
326 477
110 115
377 416
111 285
219 346
114 234
130 158
122 435
108 110
451 474
400 443
308 367
177 301
211 441
179 257
171 355
172 492
192 251
176 221
176 246
245 339
177 198
163 327
217 481
178 309
169 202
182 186
183 210
183 314
186 340
244 347
245 459
157 432
177 455
236 476
161 492
219 412
123 246
200 474
201 432
202 211
120 285
246 487
165 415
160 189
160 454
372 498
162 403
219 442
115 347
115 341
117 263
329 447
157 257
159 433
167 176
490 498
407 436
378 415
419 476
379 404
426 440
328 415
433 465
248 399
439 461
341 374
377 448
348 497
304 453
349 382
322 492
349 471
387 435
246 494
332 437
397 443
373 379
67 436
27 74
25 294
80 205
304 305
148 495
391 429
2 218
394 421
394 455
335 353
420 474
437 444
110 282
433 464
224 243
132 257
133 443
393 479
212 439
337 355
136 402
137 164
137 191
137 411
142 175
335 449
367 482
144 204
348 450
145 258
407 472
146 147
147 392
147 480
213 460
341 354
334 498
347 427
347 456
156 261
349 400
136 368
405 407
153 230
351 477
356 458
144 247
350 499
135 224
130 275
67 380
0 203
145 353
209 380
178 380
223 380
130 409
367 440
359 439
366 498
316 469
188 316
335 475
475 476
92 475
82 497
82 230
170 385
170 384
82 445
77 82
170 447
109 170
82 232
256 417
102 417
286 417
390 490
356 390
376 390
390 488
80 134
134 407
134 238
65 134
95 365
266 364
160 364
144 364
300 327
118 300
109 300
304 483
477 483
137 483
251 320
63 320
140 429
140 493
140 340
216 357
140 310
155 462
349 462
2 181
90 181
181 222
18 253
44 253
390 475
365 475
129 193
19 193
185 224
185 367
139 492
147 185
139 307
121 271
61 121
121 484
298 342
248 342
202 389
100 389
389 495
295 396
31 338
463 489
21 489
130 338
211 396
1 369
1 45
1 437
124 324
124 228
124 473
14 184
184 234
168 456
257 299
156 299
181 365
355 371
371 498
151 432
104 309
163 197
197 398
47 151
271 319
6 104
115 138
377 381
200 277
297 353
280 426
176 280
214 455
62 303
62 388
43 423
43 180
52 203
33 350
23 44
33 403
29 230
24 136
12 51
81 243
29 105
12 195
24 348
52 415
48 291
91 250
143 233
143 207
91 186
48 439
81 213
10 170
208 468
177 284
160 284
228 401
233 401
188 468
134 168
207 315
82 319
170 381
77 235
213 235
149 255
172 485
128 150
150 263
255 362
333 365
357 408
277 357
138 357
59 495
59 493
254 483
119 326
119 350
131 196
131 437
23 364
331 357
185 386
321 389
10 85
1 214
121 485
331 386
254 333
85 252
