28.020450
395
30
4
80127
43 44
34 104
86 118
16 38
38 73
38 102
38 103
25 114
88 114
99 114
71 114
37 76
14 76
69 76
76 92
29 83
46 89
89 101
83 92
89 98
22 89
83 110
17 83
42 46
20 42
42 66
18 43
18 81
18 94
18 71
56 77
60 100
34 100
58 100
21 68
41 99
12 41
41 107
41 117
2 107
80 116
54 112
78 112
74 112
31 109
35 70
63 94
84 116
7 63
0 63
45 109
39 70
13 70
23 116
11 109
33 52
48 52
8 82
19 28
4 82
105 106
52 93
68 105
105 119
28 86
82 118
28 51
3 32
3 103
9 95
50 65
49 87
49 57
62 67
40 50
3 113
1 44
50 115
6 9
9 15
5 62
1 91
1 64
62 104
61 72
37 72
24 97
24 55
24 111
79 96
59 96
38 42
75 117
29 75
47 85
2 47
27 38
47 70
47 109
90 114
36 83
30 76
47 62
30 89
42 108
21 82
53 100
10 41
53 116
10 52
36 105
10 50
9 53
30 112
27 49
24 90
26 56
26 85
96 108
