20.833333
1
23
0
272425
34 95
47 75
46 91
45 71
43 64
42 93
41 64
40 50
36 77
35 79
35 71
48 72
33 70
32 92
32 60
30 94
29 92
29 35
28 53
28 31
27 52
25 52
68 93
93 97
82 87
81 98
76 89
75 95
74 77
72 99
72 86
70 85
69 94
1 8
67 90
67 71
64 73
62 76
56 68
54 82
52 65
50 63
49 70
8 11
11 96
10 69
10 44
10 39
10 34
9 11
8 61
23 35
8 57
7 76
6 56
6 22
6 16
4 50
2 75
1 48
0 11
13 32
21 82
20 46
19 71
17 94
12 77
5 46
11 88
58 64
58 77
38 81
6 24
35 84
66 83
66 98
26 55
5 94
59 70
26 28
75 88
76 80
77 78
83 88
88 93
24 50
37 66
46 78
55 80
15 38
10 80
51 71
51 72
28 59
52 84
54 66
14 18
3 18
3 88
