11.878571
1
18
1
145634
4 30
23 71
29 91
29 87
29 74
0 57
65 72
4 36
4 41
4 91
61 82
3 57
65 91
65 90
65 89
69 97
71 82
62 97
78 81
38 65
32 46
31 43
52 81
50 59
49 57
11 33
11 34
11 83
11 84
12 32
13 50
15 29
43 97
50 76
19 81
20 71
34 48
32 54
10 77
10 42
10 32
63 91
63 81
6 70
0 70
70 93
1 53
1 93
22 66
21 40
22 24
21 28
11 99
58 97
86 88
61 88
42 88
45 58
6 85
64 80
37 68
79 95
77 79
37 56
17 37
25 35
73 85
35 84
71 94
31 64
48 51
9 75
39 44
8 50
45 79
44 90
51 89
51 96
67 98
27 40
55 63
7 60
27 68
14 26
2 17
2 24
5 91
16 86
47 70
63 88
10 37
10 67
47 99
8 63
10 18
55 92
9 94
7 70
26 92
