61.000000
444
85
0
6589
53 217
101 398
177 205
45 101
176 339
342 364
101 111
175 231
48 193
300 378
51 405
172 316
53 131
281 288
44 412
171 352
54 384
54 447
150 376
57 161
58 445
60 134
98 311
95 445
61 145
62 351
94 306
168 183
264 384
34 409
35 320
35 371
36 96
36 99
147 193
36 286
37 64
38 388
39 120
356 365
148 281
351 413
266 275
350 394
349 414
348 418
300 305
148 335
42 366
101 439
182 318
344 348
181 445
44 115
44 196
44 255
158 172
160 449
315 348
89 373
160 251
79 283
273 355
79 330
89 274
80 275
313 351
153 178
311 360
275 380
161 207
277 414
156 369
85 93
85 121
85 128
85 173
89 177
85 327
89 147
153 287
309 405
153 209
89 136
326 435
331 394
64 185
64 218
64 312
65 79
66 250
67 203
67 254
91 172
67 417
68 264
69 427
328 447
35 304
326 410
326 363
71 141
72 376
73 355
164 264
268 303
152 374
271 388
152 426
152 441
161 290
77 168
121 425
124 250
246 377
246 437
14 388
15 355
222 364
16 364
123 366
3 399
3 391
122 318
12 357
18 49
18 56
18 186
239 365
240 269
120 126
219 307
2 421
20 319
20 372
139 366
231 401
129 394
234 376
233 410
129 158
7 82
233 293
233 238
7 399
7 440
8 176
134 324
291 312
394 416
231 302
134 179
5 168
4 233
228 447
389 427
3 438
12 88
12 263
226 388
195 349
142 306
2 92
1 25
29 170
244 264
199 211
369 442
198 211
366 419
197 307
108 307
260 326
365 406
193 340
193 257
362 364
133 148
145 307
146 405
191 349
34 214
34 230
24 160
21 141
288 311
286 423
116 141
115 376
212 338
2 358
211 427
23 243
23 253
211 336
23 429
112 237
2 297
25 59
240 433
113 300
208 240
240 449
379 415
141 441
112 323
134 155
132 376
140 408
176 332
144 264
144 148
284 431
143 331
143 314
141 345
141 162
284 308
135 154
138 376
138 351
291 436
152 249
152 332
137 292
137 260
135 383
212 390
220 349
220 311
248 400
216 306
215 443
215 400
250 420
250 428
221 282
211 432
209 256
206 387
204 404
203 258
201 285
221 334
247 347
221 393
246 322
227 367
229 430
230 347
231 249
245 283
235 310
236 289
241 431
242 402
174 289
172 192
171 188
169 351
168 343
168 332
166 282
176 295
163 190
272 424
161 444
160 295
159 318
159 246
155 326
244 261
184 284
185 272
187 242
189 247
189 385
192 365
193 202
193 227
196 310
197 368
199 329
200 240
10 186
42 284
347 403
395 405
40 405
9 270
36 102
34 151
10 50
346 397
33 365
361 368
33 35
32 306
32 210
31 394
31 369
366 370
53 202
64 322
7 216
337 388
338 422
60 448
55 422
53 329
30 259
52 448
47 369
343 383
45 86
44 420
43 292
20 444
22 267
13 83
13 353
386 436
14 201
15 432
22 106
21 104
22 275
20 225
20 192
19 434
19 47
18 265
17 204
17 140
16 430
27 379
29 390
392 427
28 257
28 174
28 118
12 78
7 140
12 337
26 432
26 402
25 169
23 392
382 446
105 375
113 187
112 325
111 279
298 348
298 351
423 448
109 180
107 296
2 165
114 248
105 163
299 364
103 143
101 249
2 192
3 11
64 370
0 153
132 307
0 112
130 261
128 390
127 216
296 352
125 252
296 425
100 112
120 262
120 241
119 427
119 120
117 261
117 157
114 310
321 334
83 317
83 106
81 407
80 248
79 167
318 411
5 261
325 447
76 354
76 268
76 170
75 284
74 165
67 337
86 97
92 397
90 445
93 163
308 387
89 200
3 249
87 188
407 434
6 127
84 381
6 194
395 428
390 396
245 262
333 345
294 432
299 359
301 341
280 446
278 390
310 432
276 337
265 448
341 396
353 381
256 280
70 216
41 224
41 332
46 125
46 375
63 104
63 149
70 102
78 223
86 90
86 321
27 248
9 110
9 151
9 166
22 232
30 110
167 359
213 224
223 301
100 225
109 258
140 278
