42.437331
75
48
4
68276
11 161
27 115
37 59
2 30
142 163
107 134
9 136
50 136
68 136
43 66
18 66
38 66
66 162
5 81
5 90
5 84
5 29
0 143
2 179
150 179
80 179
119 153
146 153
84 153
126 137
145 163
145 159
101 145
109 175
157 175
35 135
33 174
100 135
65 152
48 133
60 152
13 135
59 133
120 174
23 133
55 113
45 127
3 127
111 113
127 134
113 115
144 161
97 144
82 144
10 47
57 108
26 108
99 139
52 168
129 168
102 139
108 131
168 173
43 47
47 169
139 176
28 42
11 28
28 118
140 154
140 151
58 140
32 71
96 137
87 96
71 122
96 98
31 93
30 31
31 171
106 114
15 116
62 156
62 160
116 132
16 51
4 40
8 36
106 178
36 85
51 149
51 103
40 177
36 75
40 89
116 121
6 106
41 62
20 27
20 105
20 172
34 69
34 56
34 37
130 165
19 165
53 141
21 123
21 112
39 78
14 63
25 77
21 94
39 73
53 124
53 72
14 79
39 64
25 148
14 83
25 138
91 125
125 159
67 107
7 67
49 158
49 151
92 164
70 164
50 117
38 155
44 54
19 110
80 110
136 179
0 12
126 174
126 175
66 170
136 166
0 1
5 88
0 25
62 126
12 17
17 135
74 133
17 113
12 128
88 139
95 108
17 168
47 95
126 147
1 116
153 170
76 145
36 95
40 74
51 74
12 46
46 152
1 39
127 167
76 144
53 88
22 140
22 31
24 71
86 88
95 104
46 96
74 86
106 166
0 164
24 34
21 167
14 46
125 167
147 167
155 174
54 175
117 125
61 128
