28.000000
477
39
0
21789
65 228
61 65
61 99
61 151
61 169
61 191
62 182
64 68
65 131
65 147
60 199
66 87
68 180
70 84
70 220
75 219
76 232
78 241
80 87
35 230
26 68
27 50
27 69
27 94
28 193
33 98
33 152
33 184
33 205
86 180
40 219
44 69
51 248
52 70
54 191
58 79
58 81
58 153
194 243
159 225
168 191
173 243
178 232
183 227
188 202
188 233
188 245
193 234
152 231
203 225
204 234
214 233
215 219
218 225
219 228
233 241
240 248
120 182
87 103
87 200
91 233
92 176
109 198
109 248
111 185
112 227
117 163
68 132
122 241
124 188
126 193
129 243
133 188
137 176
142 182
143 191
2 86
20 148
24 185
7 12
8 49
11 20
17 155
12 34
16 145
12 37
12 57
20 249
2 67
16 55
8 236
2 39
8 118
8 225
23 241
13 163
20 106
4 225
88 123
89 114
171 235
90 155
9 125
93 163
93 193
93 219
74 119
68 237
14 38
71 97
181 232
72 154
72 207
73 181
10 201
177 244
82 165
82 226
83 99
176 206
101 238
83 241
84 237
85 108
135 186
121 176
160 246
6 227
125 187
160 189
127 207
128 245
5 12
130 222
158 172
161 229
135 213
136 177
138 185
138 191
140 242
157 182
5 61
144 172
146 191
108 241
95 227
100 195
101 102
70 247
102 163
103 140
105 185
107 216
95 129
108 248
9 41
110 149
163 247
162 241
113 199
114 165
115 239
119 158
120 162
45 179
36 90
38 226
41 170
42 74
208 243
42 153
42 212
43 63
44 239
20 171
45 213
1 249
204 216
46 219
14 149
197 223
197 205
48 96
196 238
195 238
31 87
0 150
25 175
25 222
26 71
23 130
27 224
0 202
29 89
29 161
30 232
211 243
210 246
31 176
32 166
209 221
208 244
33 156
21 166
35 130
16 156
58 179
58 187
59 139
59 198
3 130
20 77
18 22
17 171
16 238
60 165
16 116
63 85
188 206
65 134
15 128
68 170
18 166
20 46
192 213
189 243
54 127
53 171
19 209
19 25
157 174
4 6
167 190
1 217
171 224
166 217
164 211
164 190
56 146
47 93
47 104
48 104
56 110
30 213
141 189
88 141
10 116
77 189
