75.613192
125
81
55
20939
31 50
92 121
33 50
69 225
101 277
229 291
13 262
110 161
70 275
162 279
173 205
43 58
42 69
150 258
69 243
103 236
173 273
123 236
26 162
182 213
156 182
152 181
55 129
145 181
27 109
109 255
50 117
105 109
68 218
61 251
139 186
157 168
128 247
186 290
217 238
53 162
62 218
185 254
59 186
254 266
149 286
172 285
6 127
85 241
15 199
2 85
81 128
147 270
63 147
0 162
210 222
127 237
128 170
10 16
16 67
22 209
22 216
147 190
64 146
29 93
77 239
175 199
127 197
93 138
108 165
1 64
97 108
3 112
0 293
210 245
14 22
93 289
64 132
108 193
77 104
168 191
38 107
85 233
21 77
112 171
16 269
129 198
129 143
163 210
153 189
161 294
12 161
23 189
141 201
9 246
74 149
40 271
206 254
94 293
96 293
60 293
107 168
46 58
118 248
135 272
181 287
5 154
5 39
5 37
214 259
78 79
112 155
131 156
200 281
4 291
44 101
24 173
37 65
98 148
117 205
66 105
122 261
265 272
19 262
148 248
194 261
25 291
49 246
5 119
134 141
276 282
72 246
73 277
136 277
161 260
58 283
218 220
225 259
28 262
142 259
115 236
86 172
174 276
203 271
101 184
48 141
71 121
84 276
121 178
87 189
17 277
91 259
150 260
36 217
188 271
124 251
20 45
20 202
20 120
5 240
244 281
66 217
41 182
71 236
51 251
8 248
101 288
212 272
221 261
78 149
11 150
7 281
201 223
47 130
47 180
47 298
147 296
54 65
54 167
54 263
95 99
95 174
95 257
95 144
166 187
166 278
166 232
35 226
35 235
35 268
35 183
179 234
179 204
179 240
196 229
101 196
181 196
196 281
52 292
52 252
52 131
211 246
16 211
159 262
108 159
89 280
89 267
89 235
218 242
93 242
217 242
236 295
64 295
127 295
219 271
85 219
77 82
140 186
140 161
199 297
261 297
125 195
112 114
22 297
34 264
34 75
125 137
114 254
114 189
125 228
34 169
296 297
34 82
125 140
76 299
79 274
30 274
38 274
164 208
116 208
223 256
176 256
159 299
98 111
0 111
56 111
111 119
58 231
231 278
168 231
231 291
5 151
158 177
177 227
164 177
88 182
88 150
76 88
196 253
47 88
50 249
219 274
227 284
47 284
166 249
151 211
177 211
18 296
54 57
121 230
83 172
83 251
83 277
160 173
141 160
32 259
32 276
32 128
20 224
224 272
69 207
207 210
70 106
106 116
106 250
80 129
5 80
102 140
18 159
35 230
192 242
57 89
192 295
20 215
150 215
100 219
82 90
90 114
82 106
102 113
100 133
32 253
113 126
126 133
