4.742754
84
10
44
20004
38 61
30 61
47 67
2 47
17 72
2 27
5 40
93 96
2 51
55 69
5 37
2 76
21 43
43 83
41 43
5 32
5 53
3 6
59 64
20 64
4 42
33 42
1 88
66 79
10 73
73 98
43 71
34 82
25 48
24 25
25 67
79 87
87 94
41 87
45 87
61 90
18 48
2 54
61 84
85 98
2 57
50 80
62 74
40 62
2 39
17 78
14 56
56 69
0 43
5 92
35 52
20 35
16 65
16 26
4 23
23 70
31 61
31 45
1 42
43 46
3 46
8 55
8 51
12 28
12 93
22 59
22 65
25 60
63 87
42 78
57 97
35 42
50 63
39 66
9 75
9 32
11 73
18 73
11 44
19 71
13 33
13 34
85 89
36 86
77 96
77 91
29 89
81 82
7 68
25 99
15 90
19 68
87 92
7 95
58 81
49 95
49 58
12 29
0 36
