35.766667
1
40
1
224154
11 52
17 60
17 43
17 25
16 133
16 36
10 141
15 130
15 64
35 51
15 46
13 72
12 158
12 106
17 149
16 22
106 122
106 115
105 153
103 106
99 152
99 113
97 137
1 49
93 158
88 107
85 109
85 98
8 20
23 144
29 89
28 53
30 145
29 125
33 37
34 144
24 153
9 155
9 142
9 27
9 12
8 26
58 106
7 78
15 57
5 153
4 147
4 102
4 69
3 99
1 104
1 70
0 121
6 16
18 53
73 137
79 125
42 121
41 158
40 78
39 117
37 146
37 38
36 145
36 99
47 137
78 134
76 139
74 132
84 158
72 150
72 77
71 118
55 143
66 156
65 145
64 156
63 117
62 139
62 104
61 107
71 78
85 91
51 95
83 141
80 132
94 143
153 156
138 145
135 156
132 159
125 131
124 139
122 125
107 154
118 140
118 120
116 129
117 151
50 140
51 112
52 92
52 116
53 101
121 127
108 144
108 153
111 116
114 118
54 143
12 21
21 52
21 101
21 107
36 90
67 126
1 128
2 37
15 136
72 75
125 128
2 53
68 139
68 121
51 157
87 143
19 67
17 157
59 149
75 144
78 136
44 132
45 123
44 153
2 117
87 137
59 100
8 44
89 123
85 110
110 141
31 32
31 50
4 136
118 128
96 116
25 148
77 148
8 119
56 143
56 141
56 126
86 96
55 119
21 81
44 82
90 128
14 136
48 82
