18.000000
244
33
0
60773
23 179
15 152
34 58
48 128
88 102
33 127
33 101
33 66
17 69
82 168
20 152
81 174
81 143
81 136
23 42
23 108
0 48
76 168
76 159
30 103
30 75
74 88
25 146
25 177
53 88
54 134
55 128
67 152
63 175
63 155
57 113
47 134
41 169
44 144
3 20
41 132
4 11
135 144
134 161
45 105
4 157
5 129
6 144
7 76
128 145
119 129
46 93
46 120
34 72
37 41
46 148
98 129
34 176
36 141
12 63
35 105
105 138
100 162
57 139
46 112
43 107
56 97
0 112
49 131
50 99
46 90
52 109
50 109
52 95
51 100
117 123
91 127
92 105
96 135
99 139
107 134
107 138
111 148
115 171
89 167
118 173
129 147
130 150
142 178
144 151
162 163
164 173
78 174
61 152
63 104
69 73
71 88
71 128
76 77
76 133
78 119
59 114
79 153
81 151
83 122
83 163
85 139
86 96
87 111
22 94
16 86
16 128
16 150
17 121
18 163
19 112
21 46
21 84
14 64
23 133
24 97
25 118
25 125
27 68
28 38
8 156
1 126
1 167
2 73
3 51
4 70
4 94
4 140
8 113
41 147
8 178
9 24
9 61
10 16
12 56
13 80
43 49
32 84
30 31
32 170
28 141
33 172
34 172
30 107
36 171
40 81
28 59
13 111
14 78
110 154
92 163
110 130
51 70
51 65
104 130
104 158
50 117
107 124
106 166
106 126
125 165
40 121
149 160
139 160
39 65
130 165
8 39
111 171
122 172
116 140
112 137
26 104
60 62
26 60
77 137
68 172
16 166
16 79
29 78
