8.000000
438
14
0
82061
42 97
8 30
8 32
8 99
13 86
14 41
20 27
27 98
34 74
38 74
39 56
39 89
42 66
42 80
1 42
43 76
47 72
48 70
56 58
61 77
63 76
70 78
74 75
76 79
76 80
88 96
0 86
49 76
25 26
3 29
45 53
45 46
3 94
40 70
4 27
4 67
37 87
36 92
35 83
33 85
33 67
31 82
28 96
28 79
26 95
26 47
25 73
8 11
2 44
86 91
82 95
1 68
2 31
73 94
2 34
69 93
65 69
51 86
62 86
61 65
60 90
56 71
54 87
54 84
52 57
12 27
19 46
17 53
16 42
15 65
15 55
14 35
6 37
12 74
24 45
11 36
10 17
9 81
9 62
7 27
8 26
24 93
19 84
21 41
21 88
23 68
60 91
55 64
57 65
57 71
59 65
26 59
26 49
2 81
22 40
5 45
22 51
18 71
18 50
