40.162346
72
63
10
4980
178 276
190 368
50 159
35 224
106 158
142 146
46 146
120 146
139 276
127 309
276 314
213 276
131 276
3 379
114 379
377 379
178 181
130 202
192 393
198 393
239 393
312 393
80 393
80 184
255 388
59 321
1 397
129 361
140 240
306 339
58 363
103 332
171 258
59 281
281 390
68 281
263 281
168 293
99 293
159 293
287 311
311 364
298 311
169 330
228 330
330 352
244 264
105 244
66 244
124 323
124 232
115 124
53 206
53 261
5 274
5 338
5 186
5 283
243 310
310 340
310 351
297 318
56 297
30 209
30 103
30 288
30 137
30 237
86 161
86 357
86 158
69 86
307 355
161 355
15 355
36 279
36 354
36 202
36 125
113 240
76 113
113 331
37 290
87 290
270 290
39 388
10 39
18 39
221 394
40 394
165 266
101 303
101 234
74 226
74 257
74 121
53 293
25 286
132 219
79 175
89 132
175 242
253 286
271 284
284 285
150 284
44 132
20 379
170 251
170 173
20 140
20 177
170 224
81 294
81 183
81 105
81 376
93 344
90 93
57 199
57 146
57 336
57 342
165 281
122 282
128 282
209 282
204 320
181 320
118 326
342 358
211 245
100 238
163 231
189 200
100 107
16 203
23 100
63 163
193 348
163 335
193 249
203 391
200 246
200 210
203 256
96 334
21 334
171 334
304 334
58 95
147 216
94 106
83 216
371 390
127 216
51 94
95 129
42 95
174 371
98 208
152 313
22 250
152 233
22 112
22 96
75 104
75 116
37 75
75 344
341 362
295 361
35 387
148 295
241 387
172 387
114 230
142 399
259 272
272 397
339 398
227 275
324 398
223 398
207 392
237 275
78 123
123 146
110 353
110 188
14 323
54 91
14 389
14 266
54 383
14 146
126 247
166 311
28 61
2 144
28 268
2 67
28 143
2 291
13 234
49 368
49 180
13 48
6 88
6 301
6 136
6 201
379 382
82 309
82 384
278 300
328 393
47 52
52 386
255 265
26 265
43 71
21 365
167 182
151 182
194 395
172 299
293 362
145 235
276 375
160 273
333 354
289 378
134 317
131 160
198 225
1 145
317 396
211 333
62 154
225 319
50 289
31 62
141 386
101 165
102 277
277 351
53 245
149 183
154 327
70 322
70 267
156 280
8 41
19 78
19 374
196 332
84 300
84 214
33 207
196 252
33 220
55 190
176 283
55 128
24 258
4 363
60 292
12 60
176 222
260 337
24 179
97 396
4 316
260 314
97 199
65 236
65 192
195 330
101 245
53 359
251 345
31 350
116 315
147 187
210 380
223 346
305 310
53 349
267 370
5 109
297 349
113 123
36 126
30 349
297 365
86 195
212 244
124 212
57 326
149 330
244 327
0 101
93 95
72 177
64 379
369 379
45 88
262 383
85 185
7 304
51 262
162 329
185 316
133 301
166 216
77 355
101 328
164 167
92 280
113 269
17 175
0 284
93 248
93 398
165 395
166 248
39 367
111 292
141 165
193 230
152 325
74 299
123 320
34 394
36 157
74 308
217 290
27 245
170 191
200 359
170 367
45 311
155 170
71 320
305 334
272 387
110 325
109 203
278 325
326 385
81 197
32 286
132 157
34 326
2 17
53 153
5 153
297 356
22 373
117 362
164 310
282 372
296 399
77 272
269 392
163 217
100 372
6 373
381 382
32 208
101 135
254 349
75 138
64 175
286 366
20 73
20 215
108 296
229 381
119 254
0 8
28 138
166 218
111 165
320 343
302 326
9 326
205 358
75 347
29 362
9 325
92 152
110 360
162 385
73 370
38 360
11 366
11 205
