47.609835
1095
50
5
56984
24 100
17 186
49 133
3 44
108 160
23 89
128 146
117 127
111 145
106 145
100 145
23 198
195 198
142 198
93 165
120 165
69 165
144 199
144 164
47 144
45 144
70 81
81 186
81 157
116 122
116 118
116 127
94 116
40 128
43 110
43 119
113 193
113 135
113 126
113 149
43 147
40 101
7 64
7 189
7 62
60 86
25 162
161 190
124 177
143 173
37 86
4 86
97 177
12 162
183 190
172 190
169 173
61 177
42 173
22 36
50 107
107 151
89 107
148 160
56 105
59 148
24 56
65 148
174 192
35 56
192 193
5 192
29 137
136 180
129 152
152 197
98 136
13 29
55 109
2 55
6 140
28 29
10 95
26 104
38 136
18 152
123 141
73 117
74 95
58 140
139 166
140 194
166 181
104 121
55 92
95 168
73 175
77 123
83 166
66 104
52 73
19 123
39 101
8 39
87 90
44 115
85 196
20 48
90 114
48 71
48 67
54 85
90 154
156 167
115 153
102 156
115 125
85 155
156 182
41 185
49 185
16 17
16 179
16 170
27 80
51 53
15 72
34 96
15 131
34 171
51 99
51 57
15 163
34 191
27 31
27 188
138 176
47 138
2 11
32 88
32 94
21 84
21 108
103 133
22 103
103 134
7 145
36 145
68 91
112 165
11 145
75 162
40 190
14 198
33 123
33 152
46 144
75 140
75 136
39 43
33 115
36 95
86 158
81 150
75 130
56 158
0 40
82 173
104 158
9 29
116 150
43 132
16 36
7 178
33 78
148 187
30 113
112 187
46 112
46 166
9 156
40 103
91 198
79 177
107 178
132 192
48 187
1 36
130 158
39 79
51 187
27 82
15 46
34 82
9 78
14 85
30 90
0 184
81 159
1 82
33 63
76 112
76 184
63 159
