9.076589
52
21
652
8674
66 107
31 61
39 66
31 122
13 78
0 159
23 36
33 135
80 131
103 159
26 80
94 151
18 128
78 115
44 84
8 59
38 49
66 154
46 49
3 44
74 80
59 77
32 135
28 141
65 70
16 54
4 64
115 135
114 133
24 62
136 152
85 113
83 113
42 136
9 113
71 153
36 71
15 71
71 139
41 76
41 98
24 54
24 124
31 127
17 24
61 106
5 106
7 141
39 141
56 106
106 110
102 106
105 106
4 80
10 74
5 111
31 42
144 152
148 152
38 76
8 32
0 119
27 152
72 75
94 129
70 96
58 133
63 125
46 56
16 130
25 159
98 128
27 97
114 159
111 116
79 121
70 144
35 109
29 44
59 138
58 78
95 126
28 64
72 118
66 89
66 146
86 119
94 112
16 156
20 60
20 129
73 84
49 73
22 55
17 55
34 141
34 134
22 45
45 91
92 105
88 92
72 87
40 157
94 147
2 70
59 147
108 153
89 108
24 155
126 155
47 53
81 95
81 145
82 117
82 113
49 123
53 157
48 149
11 48
48 99
48 125
37 158
37 97
66 143
72 143
140 145
140 150
100 149
100 152
62 90
9 57
43 102
69 90
21 78
43 135
19 60
21 24
109 137
67 159
19 83
30 91
30 47
93 152
80 93
14 135
101 126
57 137
101 142
104 139
12 51
51 113
1 12
1 79
50 120
50 150
6 121
6 132
52 120
52 68
