50.395238
1
69
0
19305
178 214
67 327
67 330
68 70
183 221
182 274
70 246
182 261
71 231
71 276
182 251
182 218
76 214
66 110
78 181
78 207
78 230
176 187
78 329
175 270
80 175
81 260
174 201
172 300
84 129
58 300
48 261
206 339
206 301
51 149
193 327
54 144
55 114
190 311
55 256
55 298
188 272
84 227
59 261
60 252
60 253
61 303
62 187
187 199
185 311
184 338
184 322
184 208
183 284
127 335
139 272
105 138
139 237
137 201
134 300
132 332
108 144
132 169
132 161
131 247
129 329
143 149
111 122
127 291
113 258
114 307
125 204
125 146
125 140
117 214
120 299
120 123
120 189
89 337
168 349
165 178
164 244
86 102
160 311
86 275
86 283
86 313
87 127
89 202
89 288
56 92
91 201
91 281
92 318
149 293
147 273
95 281
96 175
97 153
144 162
99 243
99 308
30 70
250 285
13 156
244 319
13 75
13 38
26 147
27 272
12 17
11 310
13 268
31 149
233 269
11 268
232 267
228 327
224 346
34 105
223 344
11 83
302 349
17 196
16 255
17 343
17 348
18 104
15 84
14 278
14 198
282 311
0 28
281 295
272 300
270 338
14 150
261 347
261 266
23 99
258 336
257 280
45 183
303 309
9 10
8 105
223 229
222 260
219 343
217 244
217 236
35 124
7 147
303 324
6 206
3 261
2 11
0 287
0 74
42 92
35 163
35 297
10 36
35 97
36 64
36 191
37 258
39 71
39 287
40 260
41 60
147 159
263 317
120 203
300 305
331 342
124 209
145 325
136 301
132 226
294 300
125 166
316 341
126 187
126 207
144 148
307 333
142 326
142 316
142 271
142 268
141 345
141 247
133 167
133 269
136 172
234 311
182 265
224 333
183 234
184 186
223 259
223 234
0 57
195 333
197 260
235 250
200 286
201 305
203 314
205 241
216 292
215 312
214 262
209 267
210 213
210 232
211 326
166 272
152 195
154 268
290 314
289 327
286 330
281 315
271 296
264 320
263 346
165 205
149 194
213 225
171 190
262 281
175 254
249 258
244 254
240 281
177 205
179 263
238 248
180 236
78 341
63 317
65 88
29 184
66 133
69 324
70 321
71 121
72 235
73 103
77 279
78 294
29 245
79 171
82 122
84 321
24 100
24 46
85 251
85 255
85 264
88 141
22 131
21 334
35 57
44 280
44 293
46 59
46 90
46 111
44 118
43 328
47 239
47 257
43 290
48 342
85 155
49 141
33 82
50 71
50 89
52 158
52 275
53 197
53 216
32 60
32 36
55 173
63 241
21 331
7 69
14 173
101 260
102 145
109 304
19 312
104 107
105 242
9 73
19 121
106 220
106 233
106 237
109 158
107 135
18 235
107 245
17 101
109 151
4 22
119 194
119 171
92 305
120 159
116 206
93 212
1 126
20 349
116 127
115 304
100 219
5 65
94 315
112 180
98 210
110 248
99 128
20 187
306 323
305 306
225 321
32 277
226 249
235 289
265 277
21 128
25 130
242 296
240 328
141 148
157 340
157 323
93 152
148 170
106 186
133 249
109 148
130 321
109 320
192 249
77 126
171 321
170 340
