3.000000
611
16
0
39266
33 55
41 110
72 130
8 101
71 123
21 96
33 111
64 125
4 100
108 125
31 125
57 110
2 82
45 117
52 71
43 124
44 107
51 94
45 50
51 72
50 105
46 90
50 110
37 46
47 76
50 82
33 65
28 93
28 128
29 99
29 103
30 44
32 89
33 34
0 93
33 119
33 137
35 112
35 134
36 42
58 121
37 134
39 138
103 114
92 116
93 104
95 127
97 126
98 124
101 113
88 116
104 118
106 139
112 135
113 122
114 115
115 117
117 131
130 136
68 84
54 102
56 110
40 97
59 91
59 133
61 126
63 120
66 92
53 136
68 100
70 133
74 108
77 84
77 94
78 138
80 125
19 39
7 39
7 46
8 9
9 63
9 85
22 53
22 47
21 137
20 89
16 39
15 110
10 131
11 78
15 73
11 117
14 42
12 79
12 121
13 30
26 46
2 95
24 33
5 76
4 92
25 73
10 109
75 120
3 34
69 83
10 38
75 89
12 61
68 75
67 117
67 89
1 128
1 102
65 133
12 86
129 133
62 118
14 24
81 119
6 133
6 17
98 129
9 49
87 132
75 132
80 93
10 17
3 139
36 69
23 38
39 74
43 58
25 48
27 52
27 48
13 83
60 86
18 117
