17.587639
84
26
489
12485
64 95
20 95
29 92
16 74
83 133
18 96
38 149
6 87
40 55
0 13
71 114
19 50
80 122
32 154
116 128
25 66
94 144
95 100
125 138
125 154
0 119
38 39
7 120
78 157
59 92
13 91
46 124
63 96
22 120
69 130
0 42
44 131
17 117
73 125
44 153
37 65
16 126
89 96
48 91
96 115
2 126
91 155
27 40
78 112
91 107
15 80
66 89
50 59
43 145
87 118
5 43
65 101
44 75
70 156
70 77
17 111
17 104
95 125
98 126
31 157
43 67
38 58
97 157
96 129
76 81
47 106
71 81
81 121
82 140
63 140
106 136
36 106
31 106
60 70
11 62
46 62
62 69
4 106
4 133
106 141
62 141
90 123
0 90
103 146
19 103
103 124
143 159
143 157
23 126
23 40
65 132
87 132
96 148
40 148
12 95
12 62
79 96
79 81
106 151
91 151
33 108
127 139
41 127
102 127
127 129
33 136
17 147
44 147
114 147
9 147
10 102
10 26
8 80
28 113
68 113
113 134
53 113
96 113
87 113
99 159
24 85
85 134
51 85
85 144
49 72
35 108
21 35
125 158
61 110
111 158
34 131
110 130
1 86
1 126
8 72
30 38
26 30
34 49
54 105
105 128
105 150
28 105
14 87
116 135
135 142
88 109
88 147
70 137
99 137
152 156
43 152
81 93
93 120
3 109
3 45
56 121
56 57
52 84
52 112
