47.311905
1
56
10
51696
64 197
96 190
83 147
83 194
84 214
86 210
89 97
92 113
93 126
95 215
69 240
99 150
79 136
103 117
103 132
103 179
104 244
105 126
207 235
197 213
199 201
65 215
110 206
113 224
120 190
65 75
50 174
51 166
106 144
105 242
56 125
56 143
56 208
59 202
235 247
63 73
83 146
79 85
171 222
66 160
67 199
20 87
53 211
73 181
73 238
25 113
151 160
195 247
162 196
162 229
166 198
169 211
74 89
209 227
16 119
121 249
185 249
186 217
68 105
170 204
75 86
189 225
190 193
160 187
16 245
110 118
159 186
157 162
218 246
225 237
233 244
235 239
43 156
9 199
2 171
125 131
126 200
126 226
128 163
139 246
141 240
142 244
1 2
150 168
150 178
150 248
4 29
152 227
153 240
20 222
159 234
23 122
17 212
17 235
18 86
155 214
20 127
173 199
21 174
22 159
11 90
24 247
28 227
30 160
2 108
10 16
0 163
33 111
123 172
123 135
47 249
35 247
36 191
37 110
7 174
32 150
31 106
122 204
11 228
3 67
3 115
3 221
4 8
61 246
44 179
10 126
55 215
236 247
40 89
122 137
13 105
14 59
12 225
44 91
44 205
44 70
11 109
48 59
102 163
145 214
124 133
46 124
36 124
35 124
3 15
105 216
216 232
187 216
82 112
82 194
82 230
82 184
76 82
82 216
188 211
103 188
164 197
123 188
73 164
43 148
148 161
148 218
148 168
149 246
149 190
56 149
149 163
78 182
78 106
126 220
122 220
79 80
80 89
80 227
154 219
41 154
54 63
62 183
62 158
33 62
175 247
162 175
100 166
100 240
26 46
59 88
20 130
26 67
83 130
2 88
26 71
26 118
124 203
81 176
176 212
67 165
134 170
116 134
101 248
216 241
19 138
19 182
5 42
49 163
5 111
6 178
6 94
5 131
27 86
60 244
177 214
129 191
129 192
34 249
49 225
38 159
27 235
60 113
34 44
165 216
110 114
7 114
38 82
62 78
149 241
140 188
4 72
72 74
57 162
39 57
107 112
107 123
94 98
98 166
78 167
180 243
52 224
52 106
45 158
45 219
58 228
180 183
80 140
54 231
154 177
203 231
167 223
77 223
58 154
