17.951581
127
30
57
9983
25 54
90 153
116 142
15 136
56 193
117 136
13 196
20 68
66 182
149 174
90 182
71 181
126 194
58 160
118 128
165 169
61 175
71 113
54 172
96 149
54 73
25 187
58 115
16 131
64 131
75 88
93 136
39 99
99 179
78 165
131 186
103 138
119 175
128 184
42 68
46 126
138 199
76 100
67 75
75 105
19 90
126 183
45 193
110 169
121 169
55 99
6 128
130 193
68 170
138 163
13 102
76 167
76 101
94 175
23 111
67 111
0 161
134 161
50 161
7 58
149 159
69 171
116 166
48 166
35 146
114 164
14 27
69 157
21 157
157 177
114 148
152 189
11 84
84 118
44 148
57 101
28 175
1 29
80 141
12 80
124 188
188 197
12 191
29 164
4 132
35 132
92 132
81 150
65 112
60 65
3 121
147 185
78 147
95 147
64 147
2 143
10 127
127 154
34 43
13 40
17 138
17 81
122 149
17 135
107 126
136 198
2 146
106 197
5 92
63 97
97 180
151 154
123 151
89 140
51 140
24 90
62 131
13 85
131 173
36 45
109 137
83 109
109 187
32 138
8 192
8 30
8 104
75 82
36 166
86 134
77 83
77 194
77 192
86 162
169 176
171 176
52 126
42 52
32 166
54 145
145 149
9 58
9 126
27 62
47 185
1 47
75 144
144 193
133 142
10 133
17 157
76 129
129 161
22 136
22 99
37 112
37 128
18 180
18 128
57 107
26 147
28 65
38 178
139 155
13 139
85 189
72 123
13 72
53 89
59 122
59 106
38 65
70 71
70 125
68 168
71 168
74 175
74 120
140 191
108 125
108 195
132 190
173 191
24 87
82 178
41 158
8 191
41 132
79 87
79 158
190 198
5 49
49 140
98 150
33 65
140 156
3 31
91 156
43 98
