13.133333
1
18
0
111928
28 87
11 68
66 84
63 83
14 19
14 23
14 82
15 84
46 89
29 68
17 56
12 56
48 63
49 69
20 91
21 81
22 61
24 99
51 63
25 62
25 53
10 68
94 96
89 93
41 45
33 96
3 19
33 71
85 99
80 84
79 87
78 99
75 91
32 91
32 72
31 41
7 56
8 96
9 81
41 52
47 87
44 45
49 73
43 65
58 91
40 98
36 71
67 90
95 98
92 96
88 99
88 89
86 98
73 86
70 74
69 90
68 97
51 76
65 70
60 81
0 97
58 63
56 92
55 77
54 95
54 57
30 72
22 36
11 44
25 26
25 39
25 77
26 68
27 73
6 25
30 64
5 36
1 34
34 61
2 81
2 84
4 89
2 87
3 30
30 99
16 41
13 60
13 37
18 35
16 38
6 36
4 42
2 74
47 59
35 76
37 50
39 98
42 50
18 38
