133.550000
1
143
1
25040
62 132
54 229
54 434
57 247
57 309
57 355
57 471
58 275
61 79
61 154
35 379
61 226
62 89
53 176
62 446
62 478
63 162
63 201
63 227
63 411
65 489
66 266
67 334
67 410
61 196
35 473
11 238
5 471
6 126
7 379
7 401
7 467
8 369
9 12
15 413
9 422
9 490
10 449
11 186
36 277
11 248
13 210
13 244
13 338
13 341
14 369
15 22
15 98
9 215
51 167
52 326
282 343
43 255
266 402
266 456
267 337
268 308
268 354
269 489
275 359
275 445
279 333
280 296
281 343
48 291
284 449
139 444
286 440
289 387
289 404
291 335
295 367
296 344
297 441
297 468
298 482
43 384
36 340
36 488
38 451
39 347
40 258
41 103
41 192
41 378
41 397
41 470
42 48
50 125
5 455
43 425
44 374
45 152
45 270
45 290
46 308
47 55
47 146
47 289
47 391
48 49
120 461
112 493
113 365
113 469
114 148
114 219
115 148
116 199
116 314
117 151
117 173
117 462
118 221
86 408
111 466
74 188
74 438
75 389
76 452
76 483
77 347
78 333
81 493
82 436
83 225
84 147
100 230
69 409
70 164
70 170
69 349
72 444
71 222
69 300
74 157
70 172
74 89
70 367
100 227
85 91
100 352
100 475
101 451
104 374
105 174
106 208
106 322
106 336
107 212
109 434
110 209
33 161
19 243
20 343
21 457
21 483
119 451
25 33
26 221
27 466
28 116
30 138
31 461
32 178
19 163
33 200
33 321
34 342
35 165
35 351
24 404
1 36
2 116
4 7
5 403
5 430
95 297
85 94
100 144
86 102
68 305
87 158
88 179
89 239
89 295
90 482
92 180
93 497
95 296
191 239
96 308
99 476
100 108
85 131
16 326
17 23
17 95
17 168
17 435
18 205
19 29
134 272
126 442
127 342
127 449
127 482
138 196
129 176
130 239
131 234
133 302
133 376
133 397
133 433
126 246
134 278
134 377
135 316
136 174
137 325
128 194
194 202
194 367
195 359
196 262
197 350
198 444
156 166
144 476
221 294
147 470
147 484
148 412
150 325
150 424
150 461
153 167
155 314
155 477
155 480
203 266
158 234
158 472
145 365
121 222
123 254
124 142
124 348
124 362
124 393
125 388
125 431
178 460
166 465
167 214
167 287
168 434
169 404
171 273
171 283
174 310
174 418
193 312
176 300
176 417
166 427
179 440
180 189
180 214
180 361
182 440
183 296
184 404
185 335
187 194
190 320
175 326
213 318
204 460
205 241
205 317
205 422
206 209
207 387
159 388
209 345
211 297
212 385
212 420
213 307
301 394
213 415
214 369
218 416
220 251
220 371
220 402
220 463
209 217
159 424
160 497
166 236
368 394
258 492
260 274
260 288
261 449
262 329
262 421
263 389
249 457
363 482
365 399
365 418
367 416
257 260
373 466
374 405
380 444
383 395
386 479
387 419
392 416
395 439
305 315
406 479
414 493
418 451
236 374
143 264
298 497
303 387
304 460
285 320
222 312
222 372
223 337
225 231
225 259
227 394
235 436
143 219
236 460
239 495
242 342
244 258
245 342
265 394
252 335
253 262
254 321
254 327
254 353
358 457
333 381
333 397
335 496
337 450
340 343
340 444
347 475
350 366
350 407
356 369
356 489
357 476
424 437
325 453
138 228
138 382
139 233
139 293
0 395
139 452
141 155
142 260
142 326
143 216
360 434
330 416
423 479
424 491
436 471
448 489
458 461
464 483
469 482
476 487
483 499
402 493
305 481
312 379
312 324
325 390
323 389
321 350
320 454
319 428
316 443
316 345
316 332
314 320
312 498
224 375
224 357
224 338
224 229
429 450
339 432
339 347
250 373
250 375
213 339
256 471
15 370
80 337
256 379
222 299
56 389
45 60
225 276
56 434
43 140
85 276
276 295
80 476
340 486
345 398
292 346
149 479
143 311
177 289
37 457
37 305
148 149
73 335
73 171
319 331
56 176
276 497
295 396
292 432
221 474
240 308
237 331
48 311
236 447
59 397
122 150
69 240
196 459
95 306
142 364
32 331
177 422
140 258
139 328
181 345
60 147
321 485
214 306
212 328
73 134
331 422
60 440
19 80
3 395
126 370
106 311
398 428
398 494
195 398
117 299
11 299
181 402
13 370
418 486
3 483
11 97
232 436
86 97
185 313
307 426
171 426
67 313
155 232
224 474
250 396
122 339
250 271
60 485
181 299
56 459
64 181
80 364
271 400
59 64
400 447
