23.865615
55
32
31
35440
78 85
21 123
2 56
99 116
71 127
17 127
20 127
28 38
38 74
38 60
35 38
15 58
81 144
62 88
91 106
112 144
14 89
78 135
30 136
27 58
88 156
30 121
13 78
70 138
130 144
24 30
39 93
141 150
6 113
57 93
56 128
3 128
65 128
81 143
31 143
64 143
48 123
73 145
59 96
83 88
10 82
123 129
30 59
10 50
1 6
6 114
26 58
97 144
37 141
76 78
10 96
15 20
79 141
34 88
8 89
89 153
9 158
9 115
9 98
10 22
22 125
22 105
22 137
68 102
68 84
68 92
5 69
5 108
5 12
41 146
55 146
85 146
11 47
11 106
11 61
16 94
42 90
16 110
42 118
16 36
42 111
133 155
24 155
53 155
46 122
0 122
13 19
1 104
104 159
23 107
101 145
100 101
2 23
36 132
95 126
126 138
4 126
98 126
40 156
40 151
72 157
46 119
140 144
88 109
25 144
25 128
45 99
45 63
45 134
35 45
123 154
58 154
127 147
4 147
78 147
84 149
89 149
6 149
9 109
86 123
43 93
43 141
44 66
66 124
124 152
75 143
38 75
22 120
68 120
5 51
139 151
54 139
87 107
87 93
12 29
103 133
29 77
80 91
80 117
18 52
18 70
67 116
67 142
67 73
11 44
16 86
42 44
148 155
32 140
19 124
122 131
51 124
119 157
126 131
33 147
7 149
45 147
33 49
7 49
