62.898253
20937
67
8
27478
125 128
25 165
21 242
173 228
71 218
34 218
122 218
158 218
18 160
159 160
160 199
190 217
189 217
69 217
28 176
86 176
217 237
23 176
108 154
109 126
109 128
78 109
26 108
108 143
63 123
83 123
123 203
11 109
123 201
96 108
224 240
75 224
224 246
131 183
131 195
26 131
104 248
13 248
148 248
45 243
69 220
194 220
242 243
207 220
153 243
92 236
152 236
173 236
193 227
57 204
200 227
78 204
25 227
156 204
41 241
50 216
65 208
67 180
149 244
44 216
84 116
5 208
35 116
51 197
139 180
103 208
120 197
74 116
219 247
7 234
144 197
56 234
214 234
54 216
215 244
239 244
121 247
110 241
88 241
22 180
30 68
30 112
30 145
142 170
117 142
102 142
113 124
161 209
99 186
14 76
209 245
151 171
33 137
53 182
80 130
168 202
101 113
130 135
163 182
76 166
137 191
72 209
21 113
48 168
182 212
1 130
20 151
38 186
186 232
64 137
49 168
55 76
132 134
132 185
31 132
61 94
61 138
16 61
43 238
106 118
106 179
52 233
107 164
66 107
169 235
70 203
98 169
40 52
169 184
52 77
4 43
43 178
70 167
60 133
0 60
15 70
60 79
107 150
27 106
24 210
24 32
24 125
8 93
93 165
93 175
28 196
29 196
104 225
39 185
8 85
85 246
85 111
85 228
87 211
115 211
114 221
10 226
9 36
9 47
9 188
10 192
119 187
114 249
73 127
46 177
119 147
73 146
10 141
73 155
91 206
91 136
91 231
46 198
119 174
114 172
46 97
30 160
113 176
94 230
170 230
39 217
181 234
12 244
181 197
12 241
95 224
108 222
12 181
89 218
130 181
6 51
6 87
93 131
17 160
105 176
216 222
37 180
95 168
208 229
30 37
123 129
37 209
19 227
90 109
12 119
186 229
59 76
106 223
107 222
93 223
131 157
39 70
42 248
62 160
17 243
89 247
116 157
73 95
59 169
181 205
46 223
59 140
140 229
12 162
2 142
129 137
9 39
89 182
151 157
132 213
19 24
59 114
10 229
58 222
3 223
58 225
3 37
17 61
2 43
60 213
52 90
39 105
81 162
17 140
42 91
89 205
100 140
81 82
62 82
