33.419212
93
52
77
5834
49 258
111 124
176 231
2 42
7 269
178 259
2 286
93 273
62 291
0 240
93 209
152 234
243 276
39 117
50 80
40 199
143 243
14 185
50 263
40 190
116 279
102 155
97 150
25 102
78 259
180 259
169 262
45 156
150 199
2 145
119 231
97 157
66 217
134 227
112 161
193 262
44 281
137 161
110 128
22 63
19 153
12 72
131 249
14 261
95 212
101 153
14 108
34 292
147 230
259 291
17 100
62 67
28 227
17 94
56 264
7 199
137 258
110 207
147 274
249 272
48 124
146 148
34 181
30 187
82 231
67 212
129 153
158 249
121 263
148 206
80 288
139 227
63 293
9 262
104 170
192 217
102 225
16 156
55 266
224 291
113 264
80 159
12 246
212 256
17 237
107 183
30 79
12 182
110 195
31 183
0 277
232 233
30 266
116 189
14 138
147 160
0 191
162 263
26 263
179 184
151 199
39 186
116 244
37 156
219 291
39 110
55 258
97 221
148 269
214 264
168 244
184 236
88 231
124 141
61 184
0 287
10 39
82 170
154 184
142 281
164 281
127 271
33 271
172 271
205 247
173 247
232 278
278 280
152 278
53 289
47 289
171 242
71 171
216 270
71 282
77 132
78 132
65 263
149 196
103 149
73 252
272 290
43 290
24 102
57 120
70 98
84 134
98 190
69 196
32 69
64 258
23 294
45 197
60 250
8 250
54 111
251 267
203 267
27 75
75 123
217 253
27 92
92 204
38 92
241 259
93 194
166 271
247 265
41 203
99 123
200 287
110 122
42 122
270 290
58 172
89 275
74 89
81 169
85 161
202 296
202 275
115 185
14 135
135 227
59 164
17 130
11 262
92 282
3 233
3 57
2 228
63 228
183 283
222 240
115 278
69 105
165 250
114 155
114 167
17 226
46 125
125 268
116 125
73 125
24 92
64 69
65 213
86 102
44 86
254 259
148 254
149 213
247 283
63 285
285 295
161 198
198 284
33 208
116 208
6 249
6 110
199 245
166 197
30 201
201 231
5 260
5 298
34 52
52 133
20 291
20 34
53 210
210 229
147 210
35 124
35 153
68 235
175 236
175 262
106 230
106 243
174 183
174 243
11 289
218 253
210 271
217 238
238 263
194 241
39 299
93 299
105 220
136 147
136 264
93 211
0 211
83 267
99 218
215 220
18 140
81 215
59 96
165 202
84 202
68 96
4 8
4 268
177 298
177 255
177 216
85 188
83 200
87 126
87 168
13 118
13 15
21 229
144 163
21 91
109 188
1 29
1 43
36 295
36 257
90 97
12 90
76 77
76 248
239 297
58 239
51 118
222 294
223 297
226 250
140 245
54 114
18 130
51 289
144 252
