26.000000
462
48
0
531
20 287
24 264
24 241
90 290
23 192
48 177
104 140
177 227
177 251
177 257
128 213
24 286
19 240
128 170
123 192
37 181
38 60
106 165
38 218
84 101
83 161
136 148
141 157
141 215
141 296
145 198
32 293
101 268
31 130
52 293
156 165
28 198
122 141
35 62
93 148
161 168
161 284
91 269
91 225
165 273
167 240
91 140
75 244
67 128
42 192
2 148
7 252
70 117
6 250
238 285
6 151
240 280
76 91
5 14
252 265
4 192
3 237
42 198
3 208
3 146
3 129
75 186
12 181
120 233
82 261
63 223
63 291
206 287
120 219
208 231
82 133
120 180
217 252
222 285
106 226
108 287
10 140
46 63
117 135
77 181
139 253
100 197
109 199
109 176
102 174
102 295
103 150
109 246
86 101
74 92
74 246
75 193
75 271
78 110
78 111
79 267
81 120
81 127
82 179
82 234
85 113
85 216
99 254
87 115
87 274
88 124
0 153
88 293
89 105
89 281
90 200
95 127
96 252
97 188
98 124
99 183
179 198
181 194
184 289
187 248
189 211
192 243
196 297
199 292
200 225
203 214
203 285
204 281
205 249
207 259
211 216
178 283
224 294
228 260
229 235
230 289
231 292
232 271
232 298
236 287
262 293
263 293
266 278
275 282
277 297
143 275
114 207
114 228
116 141
117 247
118 169
118 212
132 142
132 237
132 253
134 173
138 200
88 130
140 197
140 263
110 154
147 278
148 221
152 164
159 178
159 279
160 162
163 165
163 240
167 256
171 279
172 192
175 294
176 182
177 193
39 159
26 217
29 89
29 183
30 95
33 164
33 226
33 276
34 38
34 43
35 113
36 100
36 162
38 147
26 184
39 299
40 202
41 117
41 252
43 69
44 224
44 229
44 259
45 143
46 172
47 141
49 252
50 101
50 161
0 267
1 69
3 18
4 295
6 144
6 183
6 262
8 95
8 173
11 111
11 274
12 200
13 277
14 298
15 245
16 27
16 45
17 160
18 68
22 285
24 89
25 212
25 241
56 117
65 181
65 128
64 288
53 248
54 230
54 239
55 67
62 202
61 216
57 75
57 138
61 69
59 290
58 113
59 125
69 140
53 126
71 266
71 137
66 216
73 183
72 139
18 220
179 220
18 191
182 282
185 249
185 256
18 50
189 242
190 200
190 258
191 195
166 221
159 179
86 112
171 270
267 299
22 69
21 121
194 289
15 55
64 187
209 258
210 258
78 80
80 173
236 272
9 258
9 179
234 235
196 255
201 272
64 153
94 201
94 155
109 152
116 289
119 183
103 154
51 289
51 78
50 107
56 149
158 173
97 209
132 155
121 267
131 166
131 258
132 255
