66.933333
1
87
0
11690
85 329
203 259
200 374
200 303
75 103
76 235
77 290
77 324
79 86
192 337
191 255
82 182
82 235
83 209
83 219
187 244
71 327
86 91
86 203
87 120
88 242
187 230
186 241
90 169
90 215
90 289
90 391
185 224
184 210
93 167
94 172
215 310
226 311
58 248
224 301
60 235
61 165
61 314
61 345
222 252
221 241
219 322
63 141
64 161
218 242
217 220
216 295
183 360
214 393
211 368
210 394
209 364
67 124
67 243
207 209
68 254
69 163
205 211
69 198
69 224
69 228
70 305
152 337
159 393
116 142
118 224
119 320
120 139
121 143
122 175
122 238
123 150
125 376
155 242
127 313
127 366
128 219
128 268
161 203
130 210
152 220
151 354
132 271
132 311
150 231
147 337
134 293
144 235
143 276
143 189
138 150
140 220
141 358
179 213
94 373
94 379
95 210
96 211
98 161
183 278
100 126
101 258
101 362
183 205
103 272
103 340
181 305
104 358
219 245
178 339
178 183
106 255
107 254
177 213
176 305
173 317
167 380
167 174
111 346
166 346
113 213
164 252
161 206
27 127
14 67
15 268
295 375
19 101
20 77
295 323
294 329
23 187
24 259
281 310
281 300
280 281
26 138
273 281
13 365
27 234
28 200
269 353
29 355
30 86
31 46
31 97
269 333
31 267
32 248
268 306
265 317
263 381
332 337
0 142
382 388
2 151
363 398
347 376
346 385
344 388
342 358
338 384
337 369
5 18
5 168
5 246
277 398
324 361
7 142
7 329
8 17
8 107
8 197
319 327
317 343
311 395
299 357
299 326
13 201
13 309
41 122
250 263
39 254
255 286
45 57
243 331
254 334
43 399
236 268
47 49
241 258
252 336
43 182
52 120
241 297
42 142
43 99
49 302
49 136
50 202
259 279
259 390
260 269
50 160
50 394
50 145
247 376
262 263
248 330
158 162
157 343
335 383
331 359
157 200
240 350
328 338
233 302
232 355
387 392
142 212
383 396
232 325
143 194
229 318
143 285
227 299
348 361
146 154
147 386
148 289
225 282
346 356
225 239
150 315
151 372
249 271
153 175
196 213
282 389
204 295
203 335
233 241
200 308
257 305
199 351
257 388
199 253
199 223
194 337
269 292
268 372
193 219
266 386
264 398
187 285
189 270
190 249
298 327
316 387
162 359
308 311
306 350
304 393
263 367
249 339
171 199
158 351
298 321
252 275
296 348
253 284
291 352
288 328
183 270
287 316
284 394
72 142
29 36
26 154
56 168
25 394
59 148
62 327
63 316
22 237
66 67
66 183
67 304
69 193
72 84
31 109
72 150
72 299
73 131
73 229
74 270
76 110
77 196
78 89
21 22
16 359
16 348
78 377
13 372
12 110
11 398
48 248
37 102
37 151
37 376
38 61
38 134
38 320
38 384
40 241
36 273
42 112
44 396
45 232
35 359
21 274
48 281
49 371
51 225
51 292
53 81
54 149
54 349
34 284
33 349
55 185
55 251
122 233
8 356
8 249
6 256
6 208
114 291
114 392
115 167
115 209
117 127
117 317
5 315
4 286
11 224
129 208
129 209
131 242
3 220
3 120
1 397
133 262
135 358
139 232
137 388
92 105
105 119
9 211
105 234
105 242
9 255
10 261
103 371
93 133
108 312
94 233
102 108
89 335
101 135
100 110
3 341
1 304
348 389
4 170
350 378
11 80
11 261
22 110
25 195
22 62
3 349
275 359
270 283
22 149
188 195
81 372
180 341
109 204
109 378
170 335
112 137
156 370
156 284
38 227
40 349
249 367
233 307
65 307
