7.975568
2656
17
22
9226
84 146
36 40
45 141
12 45
17 140
3 140
140 144
82 140
150 155
82 90
82 134
119 142
37 82
80 93
6 155
63 155
142 149
57 142
115 157
122 157
59 157
13 155
40 154
40 49
60 155
23 43
23 117
32 66
46 95
8 147
69 99
41 99
48 142
6 48
77 87
78 85
85 109
80 100
41 112
75 157
93 128
74 82
74 79
74 89
74 114
10 143
25 152
136 152
69 131
52 132
14 26
135 159
97 135
97 125
40 55
3 55
113 123
44 155
16 101
8 101
88 101
101 142
45 130
64 73
24 82
23 112
53 145
2 19
2 16
86 145
86 137
10 30
30 137
22 118
133 142
129 133
1 91
1 14
1 32
34 120
63 104
9 142
108 140
104 115
89 105
121 124
124 153
4 7
22 56
103 111
23 24
54 60
54 123
61 106
61 129
61 72
61 62
5 78
5 119
70 71
67 156
70 84
81 94
68 94
94 127
96 155
77 101
42 153
42 82
40 107
25 107
27 36
11 148
76 87
11 34
76 151
27 146
40 158
20 62
40 92
92 126
95 105
35 77
101 132
77 138
21 127
102 159
45 102
28 68
24 33
1 74
74 120
108 143
67 147
7 143
9 33
18 113
56 83
18 130
111 125
29 138
53 110
77 98
65 100
116 128
15 143
58 152
38 83
51 131
26 50
0 44
39 73
24 139
24 39
94 96
47 118
35 116
31 110
31 38
