2.058979
77
8
47
20311
7 93
15 93
76 81
69 98
29 40
0 29
49 85
45 51
41 51
55 70
18 47
28 94
3 94
43 93
69 74
41 74
39 55
13 90
13 88
13 96
13 84
32 92
54 68
36 93
60 62
10 50
20 64
61 66
89 90
27 49
4 87
2 3
25 93
33 34
34 66
58 86
14 91
14 86
14 45
21 67
21 40
35 64
26 63
16 35
29 70
29 31
11 29
29 57
29 56
29 68
22 29
5 43
9 54
9 18
74 79
58 81
24 59
37 72
43 59
43 53
20 24
56 79
5 30
8 39
80 83
80 82
77 82
12 46
6 16
77 84
6 71
51 73
60 74
48 98
2 85
13 53
36 57
11 61
8 42
38 94
73 94
4 94
10 89
31 78
43 95
52 92
44 95
78 99
26 51
23 52
1 44
1 23
94 97
25 65
19 48
17 27
75 97
12 74
37 75
