20.783333
1
24
0
23439
32 50
46 78
46 65
44 48
42 50
41 66
41 47
39 48
36 48
32 91
32 90
48 82
29 85
27 61
27 32
27 28
24 72
24 52
24 31
23 90
21 91
60 98
97 98
93 98
91 95
86 91
73 85
69 82
69 75
68 96
64 68
1 34
56 90
55 82
55 77
55 71
54 92
53 74
51 92
50 57
49 68
10 90
14 85
14 40
14 22
13 76
13 43
13 38
12 79
12 70
11 85
12 37
9 92
7 25
6 69
5 14
4 50
2 46
1 94
0 1
19 24
15 27
16 55
17 41
7 89
32 88
25 84
24 87
58 85
59 97
62 80
63 67
63 89
67 69
3 27
3 19
74 80
81 92
87 99
1 67
1 58
20 59
8 26
30 82
14 45
33 78
35 89
41 58
12 45
46 81
26 72
54 67
26 38
26 53
20 84
49 89
18 33
83 89
26 83
