29.490067
121
47
59
4565
29 58
1 6
111 182
182 284
77 123
0 135
89 210
4 216
113 257
111 114
22 57
143 170
111 239
85 196
74 182
155 237
183 209
56 177
226 253
44 82
155 290
0 136
30 235
26 296
58 142
45 231
4 56
98 208
117 231
100 231
15 191
102 261
9 214
20 167
173 214
149 210
77 214
25 231
7 78
6 90
22 282
152 183
56 215
27 171
65 205
44 252
15 126
44 48
102 218
93 113
19 196
185 235
98 262
222 265
69 78
101 155
169 222
27 168
182 189
172 272
2 230
117 277
143 195
15 84
160 172
26 76
49 65
108 120
108 173
56 223
120 268
235 269
16 137
97 137
42 183
21 228
26 109
120 203
33 143
41 251
31 111
111 245
172 241
175 186
78 197
113 248
204 249
0 278
27 200
6 294
102 124
6 141
41 112
0 228
2 68
90 194
50 65
14 253
104 236
2 259
45 73
95 187
154 187
202 264
134 264
85 213
212 213
34 166
225 229
71 254
12 254
130 263
259 263
157 217
125 157
38 157
75 150
140 258
147 298
260 298
87 219
21 87
60 234
94 234
139 179
123 139
19 139
159 181
181 277
44 274
271 274
39 66
18 283
201 218
184 246
0 70
17 27
214 256
24 111
250 299
249 250
137 188
244 255
55 56
6 242
155 174
143 288
46 62
62 217
206 210
41 247
65 247
51 111
129 248
148 183
120 148
41 148
102 148
13 148
26 163
43 164
115 192
192 270
222 267
237 267
40 64
64 178
111 221
75 110
110 165
119 177
81 119
166 255
128 180
180 186
180 185
106 264
157 274
78 88
10 137
73 180
224 235
182 224
8 254
166 221
52 253
172 297
116 225
60 122
122 210
193 263
234 258
22 92
92 100
59 172
22 59
36 78
36 253
0 83
83 176
155 291
27 291
222 233
172 233
227 276
118 132
198 199
198 202
198 211
95 198
156 285
156 271
5 275
5 34
264 297
86 105
105 167
65 105
105 176
220 222
220 260
37 88
32 58
32 78
106 157
79 278
79 194
66 133
133 146
80 153
243 245
243 293
280 293
41 280
129 150
0 121
121 143
107 178
107 270
37 198
54 162
54 125
103 184
72 279
72 130
96 164
96 146
53 56
2 53
3 216
3 158
274 281
127 199
98 127
91 98
91 113
51 80
153 193
63 236
63 273
12 63
104 266
266 289
8 201
23 234
190 206
47 246
28 240
103 254
129 131
24 144
61 144
18 192
99 204
99 140
23 292
163 292
11 281
238 250
43 188
151 287
151 207
15 161
10 139
192 288
11 240
129 238
138 295
116 295
286 287
227 274
138 148
187 286
55 118
35 232
131 145
35 52
67 145
67 161
