117.983333
1
128
0
16394
168 192
181 370
181 185
180 418
179 400
178 316
177 254
175 238
172 383
172 289
170 287
169 189
168 267
182 307
165 282
164 376
163 444
163 321
162 365
161 204
160 320
158 348
155 259
154 431
154 194
200 221
218 264
216 335
212 387
211 376
211 280
209 430
207 317
206 210
205 366
204 280
203 302
202 348
154 190
197 226
196 421
196 399
196 208
195 205
190 221
188 363
188 331
188 327
187 307
184 204
121 413
133 155
132 249
129 424
129 298
128 169
127 302
126 434
126 302
126 258
125 154
123 402
122 249
133 244
119 394
119 384
119 301
117 374
117 338
117 278
116 436
116 251
115 305
115 138
114 427
145 316
153 397
153 232
153 156
152 197
150 344
150 180
148 389
148 300
148 191
147 181
146 414
220 409
145 249
145 230
144 296
142 244
141 377
0 245
137 391
137 294
137 263
137 214
135 257
300 323
317 368
316 318
315 316
314 323
310 372
310 368
310 349
307 371
307 370
306 430
303 340
302 398
317 433
297 414
297 409
296 352
291 406
291 323
288 374
288 367
285 402
284 427
283 313
282 425
346 400
438 439
414 417
409 412
408 421
402 448
365 434
364 409
363 406
355 411
353 442
353 361
348 415
282 379
343 355
339 439
336 419
335 337
334 430
333 400
329 425
329 393
325 413
324 326
323 390
238 391
248 264
246 279
245 410
245 295
243 377
242 353
241 292
240 279
239 313
239 276
239 250
238 392
249 362
238 333
236 413
235 336
234 313
233 430
232 398
230 443
230 378
224 336
222 340
221 308
261 354
281 439
277 446
277 332
277 297
273 340
270 365
269 287
268 347
268 328
264 374
264 345
140 163
261 300
260 381
260 363
259 422
259 303
258 416
258 388
257 275
257 262
256 268
249 380
39 282
50 168
49 326
48 205
47 401
47 286
47 102
47 90
46 100
45 406
44 210
41 169
40 180
51 406
39 172
37 247
37 110
37 97
36 426
36 306
36 198
36 66
35 335
34 287
33 400
32 350
59 131
71 298
71 293
70 239
69 111
68 326
65 230
64 333
64 193
64 108
62 117
60 82
59 432
32 252
59 106
58 402
58 287
58 116
57 190
57 174
114 324
57 63
56 115
55 430
55 229
54 261
8 35
14 329
13 244
12 215
12 122
12 92
12 76
11 355
11 196
10 382
10 93
10 67
9 279
15 260
8 26
7 310
5 188
4 100
3 427
2 177
2 53
2 43
1 351
1 344
1 102
1 19
24 445
32 159
32 126
31 413
31 268
31 37
29 210
28 288
27 317
26 442
26 167
26 61
25 129
57 118
24 407
24 306
24 52
23 229
22 64
21 395
21 255
21 139
20 387
18 259
17 329
16 376
82 319
105 181
87 428
87 405
87 368
87 223
86 320
106 135
107 134
84 377
83 221
109 353
88 414
111 169
82 157
81 197
80 254
80 213
80 166
79 261
78 449
78 369
78 311
99 241
103 404
103 290
103 173
104 323
102 336
101 360
101 274
101 225
100 442
100 149
113 288
98 304
98 272
98 237
96 437
96 385
96 124
95 260
94 296
91 116
89 277
75 136
75 76
71 386
74 319
74 169
76 98
75 359
73 258
75 403
112 148
77 229
111 387
71 420
72 320
143 441
180 227
296 341
196 373
190 330
137 447
199 376
199 427
21 447
279 373
30 204
30 245
271 442
176 366
201 259
31 271
128 423
168 227
103 299
71 322
126 151
186 197
320 429
186 335
102 330
115 322
408 441
120 145
312 363
17 271
101 199
120 368
129 429
130 134
306 440
10 42
120 202
130 375
333 356
163 266
82 435
201 329
241 435
210 299
42 239
172 228
111 341
396 441
80 299
82 357
219 241
231 374
231 370
370 441
231 297
76 171
229 447
228 377
227 282
78 219
107 423
176 338
59 186
176 313
205 266
6 423
206 265
119 201
153 357
207 309
253 339
2 429
38 96
38 244
58 120
373 423
356 429
358 440
85 271
183 309
186 312
183 199
201 342
171 447
217 253
217 358
85 120
151 227
