3.044947
45
10
7496
14315
24 69
71 86
33 97
6 42
21 88
38 70
0 110
14 69
74 80
69 119
30 92
55 113
52 62
45 69
23 43
69 117
80 110
64 108
76 81
45 47
70 119
33 104
33 68
21 67
58 64
33 84
17 40
14 109
38 77
83 109
53 66
54 66
22 66
44 77
9 91
19 56
2 70
4 69
2 81
19 33
95 107
1 54
1 68
3 113
9 116
90 93
58 90
42 116
74 116
47 116
21 111
15 101
15 43
20 48
10 48
66 95
11 20
11 82
5 21
5 23
26 101
25 59
25 62
35 97
28 72
3 91
29 82
37 44
8 112
8 53
50 118
59 118
56 118
78 118
17 102
60 102
96 108
34 96
92 96
96 106
94 111
26 31
72 100
50 105
70 105
35 94
7 118
28 29
37 96
70 114
87 114
31 100
73 79
112 115
46 75
40 46
13 39
39 85
18 117
18 99
4 39
36 55
16 36
73 115
57 79
57 61
52 63
63 89
27 98
27 71
27 70
27 32
27 75
30 65
65 103
41 51
41 103
12 49
12 86
