15.000000
622
26
1
27864
1 124
18 50
74 115
73 113
69 132
0 156
2 83
161 163
38 150
39 157
33 40
1 144
4 40
105 150
163 175
40 112
40 178
31 41
0 154
30 83
41 131
43 132
117 150
7 41
24 83
17 98
27 179
9 157
10 72
10 80
27 139
10 172
27 50
12 108
12 116
50 140
12 174
94 132
0 128
24 27
81 150
55 163
76 90
16 157
17 75
17 89
74 148
95 150
37 85
14 85
0 85
67 135
81 135
60 135
6 83
12 20
158 163
13 41
6 61
1 145
49 127
41 121
49 95
1 121
49 86
72 133
147 150
138 159
12 168
19 31
133 163
147 151
97 133
28 90
37 133
19 151
101 159
28 57
28 150
26 136
11 26
26 97
26 78
78 118
67 111
8 99
8 122
154 155
96 136
99 120
99 123
63 104
102 119
5 42
5 10
14 176
45 65
33 99
22 96
29 65
52 83
3 29
55 65
27 107
105 119
63 106
119 164
17 23
3 70
165 176
65 123
34 119
69 111
17 126
36 141
32 51
32 163
112 143
25 36
166 171
59 157
58 177
47 109
50 62
56 113
50 143
51 79
110 171
120 125
125 164
134 163
100 169
84 132
76 109
75 79
74 103
73 100
82 138
134 173
48 85
64 135
25 149
66 83
1 53
46 54
50 137
132 142
104 170
110 167
12 46
11 114
9 87
83 162
145 160
13 71
20 160
35 135
15 85
6 21
49 91
6 56
48 153
59 71
23 88
155 177
77 85
20 92
20 93
129 158
6 146
88 152
130 133
28 68
103 153
44 122
15 170
91 167
77 82
137 149
