60.419048
1
83
20
335
377 382
362 378
65 157
168 203
168 383
170 429
232 267
93 369
223 409
0 313
160 203
262 441
125 351
68 162
68 275
68 344
69 177
228 235
167 397
73 111
1 10
270 316
215 342
105 424
226 330
98 388
260 300
99 337
5 375
372 394
363 399
256 372
198 223
171 276
66 382
267 360
267 308
265 296
264 353
253 304
83 265
157 177
77 354
138 323
261 428
211 217
12 347
122 382
117 372
191 337
98 161
178 293
121 316
119 443
118 177
117 444
246 293
206 443
213 258
2 204
68 71
55 209
79 338
165 352
301 371
87 235
301 338
2 214
108 375
190 302
235 399
288 319
233 288
193 302
302 412
138 288
106 194
312 362
87 215
290 302
97 351
2 213
184 235
4 100
67 301
143 301
380 435
61 411
61 265
61 398
259 288
156 170
24 156
40 425
179 209
8 170
17 43
85 265
14 37
156 168
336 428
183 287
141 169
101 269
106 200
213 367
151 187
139 148
189 369
37 426
183 207
102 294
139 432
104 111
106 224
125 395
196 352
376 409
373 428
213 382
188 223
40 60
185 426
111 166
199 426
152 426
130 410
6 443
141 421
7 139
150 367
27 239
2 218
17 338
17 354
14 346
107 423
352 379
1 172
29 431
190 317
272 338
142 304
140 337
29 173
28 215
25 31
347 389
68 309
6 375
34 290
397 411
1 114
20 111
131 255
291 441
148 294
154 306
414 422
314 362
2 237
3 107
404 441
40 284
45 74
320 428
81 168
107 449
17 220
14 76
380 424
262 313
22 351
348 424
151 310
9 171
42 294
39 130
36 285
285 408
139 387
305 419
30 271
299 353
4 50
338 422
289 290
115 356
38 103
313 448
151 202
26 45
135 221
151 273
322 419
242 397
39 73
111 406
127 293
324 339
29 124
132 170
317 419
112 248
130 298
183 369
133 353
98 297
202 353
17 202
88 202
285 414
282 304
45 281
115 145
238 367
183 366
217 415
335 385
116 369
209 442
313 318
130 398
268 398
255 325
31 405
31 243
257 316
292 347
144 255
195 230
290 427
130 332
112 171
174 449
215 329
65 324
112 165
115 277
208 228
16 208
181 208
306 433
109 433
24 433
123 428
316 334
27 307
307 384
126 307
420 443
57 420
86 420
230 353
230 384
324 328
135 396
123 313
95 123
230 296
123 285
75 135
75 255
75 353
75 107
45 279
40 279
279 441
62 376
62 103
62 273
333 444
32 333
233 340
269 340
146 362
68 146
112 146
146 372
101 447
312 447
143 386
367 386
241 438
241 368
202 241
226 241
82 244
244 255
18 177
18 106
72 398
30 72
72 359
14 234
234 352
381 391
381 385
294 445
323 440
216 413
268 321
77 364
166 349
177 231
89 321
286 364
275 413
134 231
120 349
147 440
61 247
13 41
11 41
141 311
31 84
80 225
53 418
53 271
78 398
78 335
78 402
78 136
115 201
201 290
213 331
112 210
1 210
54 175
175 436
324 393
393 397
51 152
51 341
23 202
255 374
294 374
62 84
94 195
209 278
156 227
240 338
239 345
159 426
95 137
137 390
29 159
135 274
163 229
283 288
212 302
222 435
183 240
278 375
92 434
186 266
128 355
274 282
21 254
86 92
355 437
57 186
267 283
113 435
13 222
229 280
254 370
345 358
33 94
237 252
252 334
129 303
303 416
182 316
4 182
112 439
21 197
141 197
136 400
153 430
98 430
267 315
158 371
236 307
158 350
236 293
110 171
251 369
29 58
149 213
149 435
324 361
16 44
44 437
49 435
261 326
54 403
144 403
61 417
208 417
219 293
219 277
52 304
33 64
235 327
19 98
19 223
46 263
46 250
279 446
192 248
15 20
70 343
249 298
70 395
56 260
205 351
180 392
56 373
180 208
15 407
249 365
205 337
192 295
91 367
12 91
63 193
164 435
55 164
245 325
48 129
14 48
59 217
155 171
155 339
401 445
311 357
96 250
47 168
47 419
35 318
90 285
35 99
90 163
331 357
225 326
62 96
176 439
59 110
