13.314017
401
17
49
39242
8 90
79 89
2 18
15 64
108 111
46 60
20 46
17 61
24 111
65 101
101 110
93 102
46 89
59 110
38 45
38 49
31 38
36 37
71 93
110 116
63 65
70 73
67 93
50 89
89 110
4 65
88 113
46 99
14 73
2 38
12 64
54 64
46 95
56 82
89 92
22 107
87 102
32 111
2 41
73 115
21 85
68 107
3 85
85 109
105 107
51 110
85 112
2 7
16 94
16 118
35 74
28 74
36 74
61 91
53 91
91 119
11 72
11 83
11 90
48 107
25 28
35 100
5 78
65 75
97 119
42 44
56 81
44 62
81 98
77 82
66 80
65 66
33 66
69 86
76 107
0 49
0 26
57 65
57 93
52 110
40 69
10 40
2 84
84 89
46 96
96 111
23 43
6 37
6 30
23 87
73 117
34 73
16 86
16 103
15 29
29 33
74 76
18 39
39 42
1 8
1 113
64 106
85 106
77 91
91 103
11 78
11 114
13 48
75 100
55 114
97 104
47 66
9 52
11 117
34 104
11 58
25 27
9 58
19 47
