39.675571
717
46
54
12129
38 120
17 224
3 124
115 122
50 234
140 179
76 230
70 143
4 156
153 199
85 185
15 174
150 153
10 124
35 191
167 194
184 225
214 225
128 225
10 204
38 233
12 227
227 240
106 143
77 146
28 233
60 146
81 148
171 217
104 241
118 164
53 244
59 234
64 174
182 222
72 118
118 248
156 228
2 101
101 245
182 232
81 138
174 233
34 115
51 76
108 177
69 122
54 141
140 188
65 138
17 178
208 227
48 185
26 174
174 219
185 243
124 189
47 140
18 124
52 134
163 217
94 141
104 159
80 198
145 172
45 217
15 147
133 162
92 244
83 141
71 83
83 186
83 129
33 141
0 133
111 199
29 194
32 174
76 215
209 225
61 134
134 196
142 194
191 234
206 224
50 133
88 115
168 182
76 204
113 140
6 104
8 154
177 215
236 249
198 210
231 236
30 172
172 190
125 198
132 234
68 199
58 81
181 217
43 99
157 224
84 100
13 233
105 135
182 248
100 152
66 105
25 99
169 177
62 176
100 219
105 181
37 99
21 242
41 56
36 44
56 166
56 63
44 87
44 183
5 216
5 123
5 234
5 130
26 127
21 127
42 127
67 127
75 195
75 247
75 178
109 207
109 119
42 90
212 229
8 229
46 192
40 192
62 137
65 137
131 137
11 22
116 205
9 223
107 185
139 237
97 139
57 79
143 158
93 139
163 200
16 47
114 140
114 126
114 121
114 120
124 226
194 226
78 155
155 239
24 29
105 165
98 165
165 170
11 165
103 134
40 49
49 236
218 236
14 69
14 154
115 136
136 140
141 238
151 172
151 177
20 39
20 237
1 133
1 76
220 234
101 220
23 100
23 156
23 214
23 235
57 117
75 144
170 175
90 144
35 110
110 150
83 95
81 95
221 225
185 221
198 202
99 112
31 141
104 193
193 217
105 112
7 199
7 134
89 182
180 244
55 121
73 173
27 101
187 222
31 56
107 137
44 89
74 244
74 97
102 118
102 143
86 227
86 233
104 246
146 246
19 156
19 199
133 149
149 244
109 238
22 160
5 202
109 197
203 239
101 203
158 200
160 213
117 223
79 91
16 82
180 205
175 223
82 91
103 201
73 223
96 211
161 218
96 161
23 211
