14.578433
36
26
5
6331
74 84
7 89
125 155
11 25
33 36
36 86
36 127
36 125
49 110
49 116
115 167
47 115
97 115
134 141
134 179
134 153
91 134
60 158
158 179
4 158
13 32
32 168
32 34
18 32
32 123
135 150
27 150
5 150
108 126
126 168
126 131
21 126
63 103
12 63
11 63
79 122
122 152
69 122
29 45
114 165
6 78
95 114
45 88
78 96
78 100
45 93
65 157
25 157
116 157
157 166
31 76
9 76
76 163
30 76
21 68
68 87
68 178
91 129
112 156
9 156
74 175
54 175
118 169
159 169
105 169
79 82
72 141
40 132
132 138
42 72
50 132
35 82
20 132
51 140
51 67
6 48
50 64
43 55
93 130
70 130
130 144
26 178
8 55
55 160
39 138
39 58
120 160
56 155
57 167
23 84
23 148
146 153
146 163
94 174
94 110
142 161
86 142
2 94
142 145
80 137
71 80
80 124
22 171
34 171
62 92
40 107
17 92
54 113
19 90
62 117
117 151
75 89
15 75
49 134
85 151
46 85
52 70
101 164
61 133
7 81
44 77
81 99
3 8
49 68
36 109
49 73
24 115
30 104
15 176
49 57
1 58
111 134
134 147
38 83
0 37
32 120
106 154
106 133
59 128
147 150
122 130
143 170
113 115
16 73
78 172
49 85
64 170
109 170
78 107
63 173
41 150
26 51
45 173
157 177
66 157
16 172
61 114
129 139
36 162
3 114
119 170
48 80
169 177
10 115
0 49
53 111
114 176
41 90
38 76
149 170
44 119
14 51
102 162
55 136
56 121
85 98
28 101
53 59
14 28
