31.461905
1
40
0
62453
68 81
53 68
56 120
57 171
59 78
60 141
64 173
64 195
65 155
52 68
68 87
71 90
71 102
71 169
71 199
74 120
75 94
75 100
40 86
34 160
34 178
35 44
148 151
142 175
141 147
38 43
39 116
75 183
42 140
43 114
44 167
46 94
49 132
50 114
50 142
51 140
97 122
89 190
89 192
91 115
93 102
94 101
94 165
95 132
96 152
87 193
98 140
99 116
103 161
104 155
107 142
108 194
115 198
117 166
83 177
76 141
122 169
78 126
78 133
79 120
79 171
80 155
83 110
1 89
83 196
84 127
84 146
84 176
85 132
87 145
87 189
23 44
2 138
153 171
4 33
166 187
4 37
168 185
168 179
24 115
17 42
166 197
19 116
20 108
8 43
11 122
9 95
21 152
10 64
158 193
152 154
32 191
32 149
32 134
148 152
2 88
161 171
2 112
28 194
16 108
159 168
73 170
83 119
15 84
12 32
15 43
73 109
14 156
75 130
164 172
163 188
78 157
167 186
14 18
162 180
78 111
3 29
116 150
115 119
111 155
109 159
2 125
106 171
120 123
120 125
105 142
10 13
3 92
0 54
4 12
4 13
34 121
89 106
6 128
7 25
87 121
9 128
47 124
131 168
135 136
55 144
55 118
54 118
140 174
25 40
156 163
25 158
26 115
152 181
48 135
47 181
72 136
27 65
45 182
44 157
43 162
27 184
28 31
41 182
30 70
31 64
31 86
31 113
143 172
34 63
131 132
123 143
72 93
72 83
71 174
15 141
15 155
70 184
69 72
127 170
67 122
66 144
66 82
58 92
22 75
22 45
61 124
130 166
128 188
63 197
64 181
66 129
124 150
125 139
130 137
181 186
31 125
15 26
36 77
5 181
5 58
62 105
77 137
66 67
