57.057605
121
86
42
2829
172 388
128 252
37 247
29 388
25 323
147 248
8 128
137 248
170 431
212 471
39 382
10 177
311 430
65 320
407 476
298 451
308 344
266 296
19 296
14 348
63 225
404 425
196 470
149 298
213 228
117 277
239 475
6 183
108 177
363 494
298 309
152 393
138 177
75 277
206 431
132 194
28 60
12 259
275 480
28 214
105 320
344 396
234 499
131 236
39 315
157 312
219 307
81 223
219 487
177 190
292 298
207 219
232 448
232 368
12 16
388 430
223 256
129 195
129 185
42 385
196 460
183 301
203 331
196 445
196 492
129 346
173 386
262 466
275 403
133 160
228 351
131 224
344 472
344 479
103 372
36 468
1 265
232 459
268 415
121 275
247 423
14 122
183 303
255 490
244 495
12 391
454 476
263 471
82 255
171 204
317 338
15 387
49 86
282 430
61 204
370 492
397 415
305 495
15 56
139 199
208 261
86 203
74 468
169 414
285 475
142 419
405 442
20 283
115 493
25 388
260 385
163 360
223 413
222 255
360 369
221 467
65 282
67 317
199 465
243 439
96 393
51 439
368 458
106 248
263 464
192 360
34 199
314 317
127 471
264 298
252 429
156 431
233 277
28 463
228 297
216 310
190 467
238 405
101 320
107 405
345 431
36 39
248 363
387 473
142 428
84 343
194 385
5 387
349 468
151 430
141 476
128 306
140 142
154 495
299 394
84 406
199 227
216 218
86 496
173 274
20 103
393 425
216 366
333 365
304 359
20 412
247 383
435 467
84 312
216 420
113 475
66 276
31 365
66 153
66 184
183 477
366 417
372 417
321 417
287 417
362 399
331 399
178 399
119 399
125 273
125 427
50 453
50 318
50 71
125 188
174 438
321 438
395 438
262 438
134 380
1 380
211 497
280 441
319 441
9 444
278 444
116 267
37 316
11 316
240 316
269 426
76 426
310 426
422 440
26 440
289 339
339 474
231 254
230 254
77 254
66 254
327 387
48 202
106 202
121 443
180 462
341 462
155 450
279 377
191 377
62 377
117 288
229 433
176 255
250 455
115 455
261 455
2 347
44 284
44 289
44 162
456 466
265 456
168 390
162 302
205 456
302 375
398 464
225 398
90 390
402 430
281 478
223 478
14 293
337 418
54 337
94 181
94 352
94 341
56 94
241 436
437 469
405 469
362 469
131 392
177 215
47 87
17 47
401 490
17 401
72 232
85 418
4 498
85 249
4 143
85 156
4 204
85 128
85 211
4 394
11 98
139 328
12 328
43 410
43 169
38 439
235 247
235 259
381 472
373 381
27 247
27 219
99 451
99 463
100 301
0 99
99 166
100 204
33 299
33 358
197 476
0 123
78 457
78 104
123 180
123 191
123 164
78 445
196 197
197 317
30 426
73 83
83 449
142 374
165 177
58 424
424 449
48 79
79 305
298 335
39 332
129 332
475 483
66 483
257 322
189 313
34 313
313 404
408 434
296 434
109 481
32 109
226 385
84 226
118 179
193 208
118 370
118 234
118 164
193 482
193 436
200 411
135 200
200 414
87 200
186 446
186 229
30 202
86 150
271 467
183 271
327 443
409 457
92 409
97 303
97 291
76 97
248 253
253 296
95 97
334 387
14 334
210 495
210 320
275 361
361 388
316 347
57 173
324 365
57 228
324 393
126 326
92 126
270 294
2 270
120 336
120 430
120 133
63 120
23 160
23 182
198 371
198 346
21 144
21 488
155 198
198 499
257 417
40 458
40 309
44 161
46 497
415 416
94 267
202 288
128 357
111 411
77 111
433 443
148 468
148 431
9 45
45 230
325 439
344 379
52 396
41 91
187 291
350 498
242 365
28 68
177 489
72 441
328 441
161 215
7 204
7 90
131 272
272 319
150 438
228 461
385 461
175 323
175 376
286 384
284 286
217 486
158 290
158 437
22 295
20 364
246 251
35 237
110 178
246 493
220 352
220 353
110 432
35 295
3 304
3 408
55 422
55 468
173 389
360 389
114 486
114 159
70 136
59 144
124 167
124 452
18 330
70 359
18 143
124 354
64 69
64 384
24 429
24 447
112 176
44 484
44 112
455 469
443 485
125 201
50 364
400 478
146 400
44 258
146 392
4 340
328 421
59 380
145 377
89 209
89 167
93 173
93 481
102 130
102 415
378 469
88 356
165 329
13 258
13 88
325 377
98 424
80 197
374 378
342 455
53 245
80 245
416 424
22 478
124 402
367 485
52 78
217 329
53 201
313 355
109 491
145 300
41 242
355 491
