61.350026
73
90
32
2200
260 426
267 357
63 185
254 385
134 150
193 404
351 433
119 291
85 150
137 225
275 427
68 224
259 450
105 218
105 239
150 246
490 496
74 300
74 379
74 498
74 308
31 453
177 453
128 465
264 425
53 351
106 325
187 433
204 303
108 490
105 444
286 414
233 373
283 309
367 414
33 282
180 254
59 480
442 466
404 493
66 447
480 493
242 481
225 268
257 374
374 377
114 120
374 385
357 423
74 332
34 114
234 349
221 424
114 126
36 269
83 142
242 412
47 242
357 378
221 295
234 321
186 234
112 392
50 230
189 280
29 282
105 448
414 431
145 254
365 447
70 465
153 178
390 408
32 260
454 458
285 467
190 408
181 278
129 283
39 80
182 283
39 44
160 375
124 480
452 453
246 359
164 495
53 213
169 450
178 392
369 464
1 280
15 411
327 458
316 439
324 459
10 425
197 433
120 458
84 329
110 375
313 455
76 185
5 200
52 213
429 466
406 487
18 465
57 213
225 397
23 200
116 121
185 371
8 178
460 466
212 459
89 427
21 419
90 303
35 356
387 487
251 408
184 331
9 282
142 278
142 271
185 296
288 465
94 487
79 425
223 306
209 489
324 432
254 284
102 347
162 285
50 84
322 373
368 495
82 303
396 408
280 359
247 445
373 491
172 324
219 304
274 499
194 291
375 422
219 266
27 219
84 165
274 340
405 427
274 492
157 495
223 441
333 404
49 277
49 67
49 436
49 453
25 140
25 237
465 473
274 476
87 499
87 440
87 350
26 312
26 311
4 394
4 474
4 236
250 323
250 488
243 269
243 497
243 456
77 93
144 319
77 294
144 238
77 121
144 439
7 418
7 389
228 478
42 478
212 485
103 485
262 485
313 485
127 173
127 276
127 314
198 342
205 342
326 342
56 364
101 364
146 364
176 435
421 435
148 435
222 435
285 435
370 388
388 401
139 388
348 388
3 398
398 421
393 416
366 416
369 416
35 354
154 354
270 354
354 494
273 277
0 273
244 273
19 410
36 417
90 417
417 438
68 417
167 337
3 20
158 229
176 235
183 415
225 415
117 415
335 415
375 486
281 486
209 360
155 360
192 498
78 192
458 477
346 371
216 346
223 265
30 463
188 463
296 328
86 248
65 470
184 470
366 382
382 390
316 382
382 457
131 223
102 131
131 344
117 131
131 489
133 161
263 281
231 475
141 210
475 483
64 263
161 224
72 289
361 401
51 158
100 289
210 244
241 361
179 475
15 51
289 391
2 25
2 87
413 480
70 310
40 310
310 419
26 258
99 175
99 411
99 171
163 425
130 163
163 307
114 170
353 453
123 408
78 214
214 370
166 214
355 376
376 406
231 420
16 122
16 223
334 433
211 381
159 217
159 345
292 479
30 292
292 348
247 292
147 474
264 298
195 223
148 195
443 450
185 482
24 27
95 462
95 167
18 95
95 196
95 228
301 357
39 301
24 403
24 494
24 86
11 87
49 249
249 404
383 484
339 495
77 381
245 268
181 245
217 245
245 299
98 303
98 427
28 445
28 347
152 450
152 373
25 201
341 391
341 458
183 191
191 414
330 374
352 363
175 461
17 447
75 113
75 490
136 242
136 433
84 136
14 291
14 221
14 56
14 74
260 302
280 302
252 468
12 154
88 105
88 324
38 254
202 364
174 317
280 317
46 487
364 486
105 449
396 449
12 250
149 213
149 223
46 243
202 410
200 407
39 220
297 458
206 425
220 221
25 315
92 476
39 54
71 433
232 442
19 37
37 386
41 480
41 260
73 115
73 262
395 486
118 358
283 305
200 305
55 383
55 168
253 466
274 446
208 395
138 372
138 402
235 358
226 363
81 226
111 218
13 48
226 325
111 384
125 409
43 464
6 455
13 356
290 434
43 355
373 451
6 338
135 400
113 135
125 331
178 451
380 465
142 380
26 446
215 437
215 256
26 58
353 416
381 388
109 178
109 490
132 321
104 261
104 107
4 305
96 282
96 234
62 106
45 112
45 69
62 97
91 261
91 179
293 403
293 422
127 461
227 250
330 342
38 485
7 199
20 362
143 240
143 214
417 482
289 486
287 399
151 256
285 287
208 258
7 58
362 469
163 486
118 147
279 339
320 368
72 320
163 382
318 402
318 447
156 381
203 443
11 203
265 484
17 469
416 430
352 470
60 484
336 484
201 207
20 272
229 255
132 279
123 252
253 337
470 472
430 470
22 310
22 99
214 343
420 428
334 428
290 298
151 360
136 471
61 315
