53.611905
1
71
1
1243
229 290
237 316
237 315
17 21
237 241
235 307
10 278
19 268
21 164
21 271
232 322
249 324
23 40
23 124
227 283
23 182
23 216
6 75
344 348
341 346
337 339
1 40
84 139
138 221
80 83
136 178
181 210
135 169
82 168
82 263
134 169
131 294
83 115
1 184
85 283
86 166
86 206
129 183
235 280
11 107
11 122
11 247
267 324
203 263
217 310
217 252
23 260
214 328
214 314
213 331
217 236
207 257
34 54
34 188
30 184
34 313
35 224
202 211
199 207
225 327
221 312
225 292
224 227
225 282
61 88
8 330
2 89
331 333
4 314
322 326
305 337
6 29
37 324
6 215
291 348
283 321
16 224
9 20
9 31
281 322
9 323
10 189
10 274
207 346
28 54
219 331
40 194
68 177
69 347
70 246
161 268
42 98
198 277
187 277
186 344
184 336
40 171
162 294
40 200
41 92
41 170
41 262
42 46
42 83
157 348
43 143
44 163
45 235
169 174
52 84
53 177
53 273
55 111
175 214
57 221
169 251
60 226
60 240
60 247
66 271
167 238
178 318
163 303
163 252
63 177
64 283
65 83
65 124
78 342
108 253
86 341
100 181
113 254
111 116
103 197
103 248
103 293
109 246
108 269
106 217
47 99
108 233
82 91
155 183
153 224
145 337
144 211
143 234
143 205
77 239
78 181
47 50
97 111
47 223
180 277
48 290
49 274
49 287
49 306
99 318
87 347
89 109
89 320
123 246
120 211
93 211
94 119
118 294
117 178
116 170
89 195
135 284
101 152
9 284
88 284
279 333
24 152
47 279
279 339
152 176
41 284
21 279
184 279
32 59
32 125
32 265
27 340
32 294
143 340
203 340
222 276
222 273
94 102
104 150
34 192
72 178
150 330
33 288
33 285
102 112
150 239
86 255
83 299
83 95
82 150
7 103
102 133
96 105
56 324
42 242
41 56
110 237
192 331
191 222
228 266
110 201
204 300
243 255
177 204
204 235
120 222
201 266
60 160
22 220
61 62
62 142
15 126
39 49
18 214
51 342
6 190
11 343
51 167
225 308
290 329
173 181
149 277
114 338
111 261
5 66
76 84
76 142
28 74
8 137
3 275
4 179
5 58
183 264
173 322
25 345
5 140
0 227
90 301
90 121
89 270
5 227
151 156
25 276
231 295
67 304
294 298
14 209
141 332
264 347
137 297
260 332
137 238
246 258
39 143
176 275
298 337
130 179
148 196
160 217
158 265
179 272
221 270
261 348
23 26
18 268
74 245
12 22
73 211
73 207
113 151
12 311
165 304
13 132
311 349
15 101
114 243
36 151
148 208
23 149
14 300
81 268
230 302
79 172
79 194
290 309
285 334
125 309
212 228
269 325
235 286
67 289
301 335
34 128
112 146
325 347
42 154
60 334
10 244
183 289
108 212
102 279
152 329
190 284
150 204
105 159
7 95
261 340
102 132
179 242
127 261
127 296
72 147
56 148
56 319
159 319
270 299
152 302
185 284
71 152
146 284
264 317
158 193
258 317
193 259
308 311
231 270
151 264
132 343
256 340
26 250
38 148
218 311
250 335
154 218
