28.164869
77
50
15
4301
184 266
19 26
84 196
130 284
20 214
62 176
194 198
38 301
13 153
25 34
44 70
96 328
41 308
66 336
245 304
256 281
75 79
75 151
75 288
75 140
45 170
170 290
143 170
1 131
127 131
93 131
297 332
86 110
56 304
126 231
29 336
9 231
50 117
63 336
308 332
116 332
54 331
259 272
109 331
303 331
68 291
50 110
110 215
67 304
252 315
208 279
226 293
51 293
286 323
250 323
169 323
18 291
3 49
49 216
49 188
181 328
181 202
69 181
113 346
113 291
113 296
5 113
98 166
166 347
166 185
22 289
289 316
174 289
206 261
222 261
112 300
0 167
167 280
105 112
101 112
100 167
193 210
193 213
80 193
205 283
205 236
138 205
33 173
33 157
33 43
201 309
168 201
201 298
84 302
94 302
150 203
150 165
5 91
117 182
163 182
158 182
224 327
48 327
77 154
70 342
111 137
174 242
236 242
104 111
104 232
20 104
104 110
104 240
88 306
41 306
87 340
10 46
10 348
10 78
310 332
195 343
125 320
95 322
151 191
123 191
270 322
162 270
260 304
64 207
32 207
204 207
31 178
31 147
31 125
172 275
275 304
275 293
40 250
40 217
115 172
115 265
96 164
62 164
199 326
59 199
199 287
199 251
239 345
251 345
38 152
75 102
102 119
200 291
175 331
106 135
76 135
135 277
135 218
91 167
74 237
8 237
176 237
184 318
19 318
74 220
153 271
271 278
39 133
133 294
11 75
252 255
208 255
255 301
15 97
61 139
16 139
145 266
134 145
119 145
144 317
25 144
144 221
27 228
27 259
124 317
124 192
47 253
253 335
55 253
44 253
224 329
227 338
276 279
82 276
276 330
257 276
26 128
232 267
73 118
23 128
189 246
319 349
142 332
30 189
118 195
63 319
267 326
24 321
24 106
7 108
175 289
113 333
49 312
285 336
159 254
91 201
244 331
244 323
197 324
263 299
211 263
181 337
277 313
94 264
30 313
61 334
16 28
131 274
238 307
163 238
156 282
187 256
36 64
58 284
156 262
92 325
129 198
187 269
85 120
85 234
58 315
36 120
71 146
6 103
13 129
75 258
89 170
141 330
81 194
42 335
52 213
219 321
57 225
57 214
81 180
42 155
141 341
52 204
193 314
33 190
53 166
229 287
170 295
235 291
188 229
249 309
107 290
65 339
110 233
21 177
186 228
12 82
205 337
2 293
258 261
132 231
132 280
49 311
112 292
302 314
182 220
200 327
162 310
161 272
75 161
35 135
191 320
260 310
7 302
99 336
91 145
91 230
114 166
35 255
159 302
136 261
121 257
121 269
137 243
199 275
90 231
90 299
87 271
15 242
333 343
197 302
35 148
212 262
110 212
133 191
247 273
99 181
190 273
144 310
310 338
241 310
150 274
152 179
162 230
162 344
4 327
171 247
31 305
28 242
149 179
11 149
89 154
302 311
142 171
2 150
104 292
10 268
122 337
37 327
237 268
35 183
17 342
133 223
160 162
53 253
31 295
21 31
71 329
6 337
83 135
233 271
243 248
92 223
4 209
14 264
72 219
60 72
17 235
65 248
