46.000000
946
69
5
6034
188 211
156 263
39 330
167 330
169 209
169 260
174 268
177 358
185 216
186 253
156 197
24 129
0 322
202 307
1 125
205 394
207 243
207 300
215 390
221 325
323 361
26 74
228 284
249 370
299 370
302 338
306 384
310 352
310 396
312 322
224 393
327 349
330 369
330 377
338 355
343 370
354 384
368 370
395 397
205 270
52 216
109 202
19 24
44 310
22 390
46 390
47 132
47 338
26 367
16 299
28 284
27 136
30 366
18 60
26 298
26 244
53 253
31 155
120 296
108 145
246 268
7 166
11 384
25 136
230 237
230 357
232 327
240 381
244 248
244 267
63 73
51 211
111 366
101 148
18 82
32 327
24 363
24 199
14 207
6 361
147 325
148 180
268 304
151 393
136 278
137 284
140 155
141 363
145 381
146 286
125 291
127 287
149 253
132 202
154 241
77 189
58 397
59 299
61 198
61 213
61 351
287 319
64 201
102 148
103 287
104 393
105 114
105 301
105 353
108 136
58 343
289 373
289 336
112 345
113 121
113 370
119 177
99 239
123 322
258 274
262 363
266 330
64 322
90 238
87 166
92 381
299 324
252 361
254 397
91 289
201 205
69 166
166 372
268 316
272 377
280 325
282 361
284 290
285 290
89 244
192 366
79 280
72 211
73 130
73 331
73 369
77 110
155 163
77 271
80 169
158 216
85 334
85 245
85 143
84 290
83 125
81 113
77 339
315 384
37 315
184 315
55 325
55 260
55 216
55 61
226 316
226 379
124 226
261 290
162 238
118 162
126 162
12 247
348 390
156 348
299 371
193 318
274 399
154 318
146 222
96 171
93 222
35 171
337 399
222 233
120 171
293 399
203 222
281 399
176 286
115 131
176 269
176 245
131 166
144 176
131 256
176 182
277 331
56 277
88 277
160 277
106 150
138 208
20 138
11 106
67 106
106 206
48 341
48 148
48 330
231 391
67 391
202 387
45 387
292 387
8 281
8 107
5 8
8 128
139 320
155 183
157 210
38 223
38 310
38 345
38 258
9 24
212 317
26 190
79 378
384 388
107 388
77 190
31 342
18 375
206 378
370 392
139 317
5 375
160 365
337 376
99 376
376 389
90 172
172 340
308 349
18 308
162 261
48 315
360 397
194 253
152 346
10 225
152 195
75 253
75 211
178 390
200 256
10 27
40 73
40 66
85 275
267 275
261 318
113 333
304 364
235 311
126 242
45 309
155 333
287 362
282 311
16 86
49 86
159 364
17 309
268 362
56 173
330 398
327 386
325 356
124 374
68 273
74 168
96 98
220 329
382 393
57 284
233 344
344 347
175 296
104 297
166 382
326 335
76 279
112 326
29 76
15 177
15 322
78 205
78 361
219 259
219 265
95 341
50 72
33 65
97 251
135 244
135 381
34 43
71 177
218 292
218 293
2 169
100 295
50 223
71 366
95 228
34 66
62 125
13 250
2 289
100 236
94 144
94 214
264 283
348 350
320 387
277 350
162 303
55 191
352 383
289 305
20 332
93 380
113 181
61 359
268 314
105 181
207 359
299 383
156 196
346 380
210 320
226 313
275 348
185 234
234 363
21 284
29 288
36 41
179 220
255 361
165 203
4 301
261 294
23 261
187 189
134 205
229 252
134 290
3 198
229 236
153 230
117 133
3 265
247 374
164 247
204 371
162 227
171 297
62 399
48 116
176 385
131 227
138 385
48 264
273 320
54 320
183 276
187 226
153 226
142 226
9 329
247 328
42 303
70 194
131 321
131 161
33 178
13 200
117 138
122 386
97 356
217 275
41 98
168 257
170 257
142 288
