33.493349
524
38
91
9896
21 92
58 156
84 121
57 151
39 170
160 162
160 174
58 122
135 142
1 159
56 121
76 179
32 105
104 176
39 177
39 145
142 159
79 166
20 177
2 145
38 47
13 56
114 161
151 154
123 124
124 130
93 122
101 153
39 112
63 105
101 126
61 167
60 161
6 170
8 92
100 166
72 107
12 101
58 59
31 51
58 108
58 159
134 163
54 170
118 177
78 93
78 92
78 175
98 107
71 166
70 126
28 145
80 104
51 89
11 143
13 131
121 139
32 107
92 100
9 116
46 148
126 172
86 107
92 168
30 145
132 169
78 119
95 159
107 157
42 105
116 149
34 61
45 116
23 64
7 55
7 25
7 66
13 128
94 114
27 114
61 147
152 173
51 152
48 106
68 104
15 48
22 170
47 52
9 109
16 72
3 169
26 148
83 177
40 80
69 72
141 151
48 138
4 158
4 53
4 23
17 76
143 164
39 172
35 51
148 165
126 150
0 124
5 47
96 169
67 155
137 155
112 155
61 155
78 102
133 135
37 102
82 102
97 102
10 133
49 99
87 99
13 91
91 137
87 120
120 160
2 73
73 143
39 146
47 77
77 104
101 171
72 88
26 88
60 140
140 152
124 140
34 140
108 140
29 33
33 40
110 114
14 169
4 14
43 66
43 143
19 116
19 64
19 41
160 178
148 178
76 81
58 81
24 97
36 37
72 75
7 75
61 144
90 103
74 90
117 134
113 117
105 136
48 65
65 166
117 125
136 151
38 44
44 101
18 115
18 166
50 103
13 50
127 129
111 171
111 127
62 146
19 110
62 85
117 144
