9.145876
44
23
39
6042
87 107
97 191
2 66
57 113
49 57
64 161
66 132
78 161
20 63
54 63
29 157
169 191
86 157
106 107
9 57
48 100
0 100
68 100
53 62
24 27
146 157
137 161
53 148
53 123
117 144
117 140
117 165
129 136
24 136
80 150
110 150
52 183
22 84
47 84
48 92
44 74
85 178
127 197
85 160
142 160
10 162
4 162
12 42
42 44
11 42
14 70
8 70
70 119
10 139
52 194
170 194
27 194
111 127
37 111
7 108
18 55
93 142
46 102
102 107
22 90
140 151
94 151
16 188
107 155
156 184
8 141
33 176
69 118
26 60
53 189
28 39
15 28
182 191
14 182
23 154
39 175
110 167
167 168
121 181
82 121
45 120
135 198
64 163
1 3
3 161
30 191
19 161
12 101
100 101
56 164
56 125
66 89
122 186
41 122
98 193
57 193
61 99
31 33
7 31
141 150
105 130
74 139
112 188
46 112
112 196
73 112
117 147
147 161
65 66
177 187
77 80
77 190
43 47
57 173
173 185
18 109
83 109
153 180
51 135
50 125
5 170
5 68
150 159
59 157
59 63
17 120
17 99
72 172
67 183
71 84
70 76
42 189
21 117
21 63
76 194
34 156
166 168
166 181
126 185
126 128
30 197
19 160
36 197
111 115
108 115
92 152
179 194
160 174
35 58
149 155
93 124
41 111
133 192
133 191
75 138
104 130
104 114
51 178
58 131
118 131
90 96
111 153
35 71
25 199
55 134
38 81
16 177
60 145
34 84
13 186
13 79
28 96
81 149
6 38
88 198
25 89
88 143
154 195
79 175
171 179
95 163
61 154
32 143
28 65
145 154
95 195
158 174
56 67
103 198
103 116
43 91
112 198
91 134
116 152
36 105
40 49
40 114
75 197
72 198
