20.803484
1639
39
0
25292
126 198
38 213
97 200
36 160
102 119
36 39
35 94
102 230
110 218
115 116
115 165
29 50
27 191
97 193
128 231
25 102
129 238
23 165
133 191
20 152
136 248
18 97
17 90
137 238
16 190
87 149
62 242
68 152
73 171
74 242
57 152
75 154
75 174
78 146
54 146
81 230
84 126
29 36
90 117
90 227
47 204
46 90
44 171
92 213
94 140
95 248
96 98
96 113
96 121
143 242
1 191
213 239
2 238
172 201
171 237
168 173
166 238
165 177
9 122
162 218
161 217
12 123
12 206
13 15
146 228
15 144
15 81
16 118
16 47
196 197
201 221
85 90
86 205
87 139
189 213
89 97
89 248
185 218
90 244
181 229
180 194
91 94
178 181
91 124
176 179
93 148
93 234
173 209
212 238
240 241
63 184
67 94
217 234
68 232
70 141
72 88
72 133
215 222
83 98
75 212
76 150
76 231
76 236
210 225
78 223
204 209
79 155
94 249
120 234
111 179
111 222
112 248
114 148
155 225
116 139
152 226
0 69
157 187
124 131
150 222
132 214
149 169
132 175
131 172
130 161
131 159
130 167
171 226
169 211
96 156
168 205
135 186
101 165
135 176
164 246
94 164
134 203
146 189
106 141
106 147
106 224
107 183
108 181
108 203
109 214
51 126
43 147
32 209
32 127
45 153
48 205
48 223
49 100
50 196
8 122
16 65
7 240
7 80
7 49
61 112
31 36
30 242
6 163
6 145
52 238
37 243
12 195
34 180
12 58
14 96
12 55
11 233
37 221
33 213
30 102
15 67
10 247
41 219
42 134
42 199
43 82
19 41
26 207
59 128
17 31
4 90
24 187
59 158
24 138
22 221
53 170
3 163
60 218
22 104
2 153
21 211
0 227
19 188
21 191
61 106
5 247
55 75
6 126
6 82
28 192
28 158
53 151
56 216
59 99
5 127
56 245
16 220
58 216
19 220
21 40
148 208
148 156
8 235
142 194
19 138
208 210
185 207
195 207
4 66
3 222
207 241
182 205
209 232
8 219
151 202
11 14
8 125
6 175
181 244
77 105
76 125
77 101
77 103
52 66
85 131
63 65
64 83
64 235
60 77
71 76
71 202
107 170
34 40
21 59
