3.013095
1
12
0
105042
55 99
55 59
8 88
9 96
55 82
26 86
11 33
11 34
65 86
11 64
4 55
43 47
3 10
44 83
1 86
31 79
58 64
58 61
29 76
56 85
68 72
61 62
24 76
24 37
23 49
23 24
22 94
66 67
22 51
21 92
21 42
52 74
46 99
49 71
44 67
43 74
42 91
41 48
40 62
39 77
31 94
36 81
53 60
54 97
35 71
56 72
32 97
32 56
81 95
13 47
20 50
13 15
12 29
11 84
11 70
10 22
9 20
8 22
7 77
13 39
89 93
6 86
5 90
5 13
4 53
3 95
2 46
2 45
0 85
0 11
77 88
18 30
69 97
74 83
14 55
75 96
16 78
17 56
17 18
16 98
91 95
97 98
73 89
68 73
48 77
57 63
75 87
87 97
77 78
80 95
22 57
20 27
19 63
19 38
24 25
14 38
13 25
6 97
28 70
