109.383333
1
124
0
6641
166 290
182 187
180 488
179 433
179 312
179 301
179 259
174 450
174 201
173 488
172 467
171 271
171 181
171 176
167 303
182 323
166 289
166 278
165 371
165 355
164 265
163 310
162 484
162 380
162 274
161 447
159 367
158 360
158 311
200 334
214 328
213 320
211 461
211 304
211 231
210 482
208 480
204 473
204 329
202 450
201 364
201 268
200 358
158 285
198 453
198 449
195 434
195 417
193 224
191 444
190 395
189 466
188 219
184 253
184 216
183 379
182 392
108 471
123 435
119 248
118 376
118 212
118 150
117 310
115 354
115 322
115 279
114 480
112 453
111 395
109 313
124 134
108 336
107 298
107 293
107 175
106 458
106 453
106 182
106 108
105 435
104 272
103 486
103 134
103 107
141 413
158 206
156 292
155 363
152 426
151 421
151 413
149 204
148 494
148 352
145 475
145 235
144 184
143 281
218 403
141 172
139 480
137 435
134 457
134 436
133 458
131 395
128 165
127 145
126 396
126 341
126 333
125 245
335 487
365 477
363 491
362 424
358 423
358 378
356 470
353 476
346 464
345 488
343 427
339 431
339 368
337 370
367 475
328 400
326 477
326 427
325 401
324 470
321 428
321 410
320 441
319 407
319 404
319 326
315 337
314 464
399 426
482 492
458 495
452 481
442 450
432 444
430 466
427 460
427 459
426 428
415 489
415 478
403 472
402 458
313 332
398 482
397 476
391 493
391 468
391 405
390 450
384 497
383 422
381 440
381 433
381 406
373 444
372 477
233 409
257 476
256 487
255 299
255 265
249 321
246 367
245 446
245 348
245 311
242 293
241 453
240 363
238 295
260 321
233 344
233 234
232 295
231 391
230 319
228 403
227 401
224 465
224 317
223 470
222 320
220 455
219 349
279 347
308 466
305 455
303 350
303 344
302 466
299 310
296 415
295 429
291 313
288 362
283 401
281 469
280 367
0 140
279 339
279 328
277 490
277 426
273 425
273 382
273 287
272 496
270 451
269 455
265 412
264 279
262 389
49 78
55 157
52 488
52 165
52 148
52 144
51 151
50 340
50 276
50 121
49 142
49 113
55 253
48 470
47 451
47 166
46 389
46 361
45 160
44 370
44 357
44 338
44 130
43 422
62 65
72 108
71 115
69 303
68 486
68 418
68 237
68 223
67 183
66 273
64 272
62 243
42 219
61 284
61 168
61 128
60 462
60 385
60 160
58 485
57 497
56 411
56 292
55 311
6 169
15 185
15 116
12 448
12 377
12 330
11 165
8 464
7 422
6 443
6 294
6 223
15 419
5 211
4 201
3 445
3 261
3 53
2 12
1 452
1 30
0 437
0 369
0 103
28 366
41 80
40 172
39 148
38 195
37 477
36 55
35 337
34 497
30 76
28 482
28 476
50 428
27 362
26 146
26 101
22 292
19 463
19 307
19 242
18 172
17 55
17 26
16 184
91 161
96 455
82 297
82 221
76 170
95 161
93 339
92 452
76 359
91 333
82 435
77 451
89 328
87 184
88 487
80 308
88 130
80 393
80 454
96 480
85 310
97 498
82 351
99 266
97 490
99 308
83 99
86 183
97 203
99 439
99 489
279 316
126 306
84 247
21 388
40 192
239 326
26 132
28 456
281 386
28 388
282 485
26 408
282 387
119 209
31 381
250 420
254 444
254 452
122 292
33 90
32 87
258 311
32 58
31 422
85 90
264 388
265 414
122 183
29 415
271 499
272 479
29 320
275 451
389 394
363 414
12 251
96 420
366 408
367 474
10 308
9 195
9 179
9 62
386 428
96 300
97 251
98 192
4 420
106 177
106 120
2 207
102 483
102 248
90 231
25 428
24 273
303 438
23 135
73 244
20 395
118 154
19 438
286 295
331 395
94 207
110 442
342 424
15 24
14 408
14 267
13 247
13 79
110 266
197 225
61 194
75 239
75 388
59 497
59 151
59 76
194 224
195 416
79 263
178 282
236 487
199 387
54 103
201 309
52 375
204 438
138 465
138 389
209 374
66 199
73 263
73 219
161 226
73 347
162 394
70 334
70 215
74 108
154 184
166 479
197 289
63 499
171 416
172 309
62 267
74 218
74 313
74 337
177 196
177 225
177 411
129 362
231 316
215 438
129 464
217 408
81 90
229 445
136 199
82 331
45 499
223 239
226 403
226 401
129 219
49 306
44 286
82 420
233 327
10 129
73 275
229 282
100 205
100 258
474 499
9 186
153 239
153 252
54 318
23 102
25 438
147 186
102 132
