119.383333
1
127
1
23289
56 240
113 240
47 431
48 139
49 100
49 229
51 219
52 55
52 227
33 89
53 128
54 358
47 143
57 123
58 126
58 157
58 244
59 405
60 67
61 391
62 121
63 312
52 352
33 164
13 249
8 390
9 50
9 118
9 159
17 105
10 427
11 213
11 292
11 301
11 368
12 306
33 225
14 152
16 81
16 189
16 278
16 446
17 66
9 194
46 400
46 434
47 106
263 278
45 448
38 181
249 412
251 329
253 402
256 353
258 392
258 399
259 284
259 307
259 355
45 335
263 279
132 410
265 378
269 343
269 426
271 272
273 300
274 389
275 412
277 351
38 338
33 252
34 110
35 240
36 235
36 305
36 354
37 137
37 170
37 188
37 223
46 380
7 323
38 425
39 162
39 178
39 417
40 233
41 139
42 430
43 277
44 214
45 261
95 240
88 132
91 139
112 232
112 331
63 369
80 421
80 303
80 258
80 90
79 220
96 297
91 157
77 404
93 112
77 384
77 378
77 101
97 263
76 219
102 430
98 265
92 398
67 116
86 403
107 157
69 248
108 260
71 146
92 211
68 244
67 224
67 170
65 362
110 217
74 356
65 290
65 109
65 70
110 289
111 164
111 328
111 346
111 388
87 128
92 171
30 248
22 438
47 350
24 269
25 235
26 84
27 329
28 435
29 160
29 196
29 234
29 272
22 387
31 260
32 401
23 219
1 103
1 167
2 152
3 291
4 375
5 49
6 300
75 132
83 210
99 274
84 134
85 306
86 200
86 256
86 379
99 360
73 222
103 327
72 323
190 358
17 246
18 293
19 147
19 201
19 329
20 300
21 39
21 219
21 430
22 196
128 317
123 174
123 287
123 378
124 277
134 153
125 262
125 420
125 426
126 161
126 255
126 268
122 312
128 431
132 264
132 378
0 354
133 201
125 254
192 401
193 265
194 318
194 323
195 390
148 207
140 210
214 320
142 356
144 296
144 319
144 376
146 270
146 345
147 362
147 406
148 179
197 222
148 405
149 427
141 305
114 263
115 429
117 269
120 424
121 140
121 202
121 230
152 218
154 430
155 321
157 276
158 329
163 366
164 359
167 182
167 407
191 209
169 222
152 177
172 260
173 429
175 215
176 339
178 236
180 215
183 359
184 416
186 375
168 293
209 250
198 423
201 286
203 288
203 395
203 426
203 440
150 399
205 372
205 435
206 291
208 321
283 390
209 315
209 406
210 267
210 342
213 248
213 427
214 228
204 304
151 201
152 156
353 444
244 266
244 282
245 372
246 448
247 259
248 313
249 278
238 423
340 392
349 416
353 432
243 323
354 419
356 406
357 427
358 409
358 436
359 394
359 413
360 424
294 401
365 435
366 383
226 312
139 383
280 291
291 383
293 348
264 402
215 229
215 236
220 361
220 370
221 297
222 256
139 237
231 327
233 423
235 411
238 277
238 416
249 316
239 265
241 274
242 248
242 353
337 397
311 366
314 399
318 333
318 338
318 364
318 382
321 322
321 362
324 399
327 447
332 354
373 423
310 392
134 330
135 429
136 214
136 304
138 170
138 176
138 281
138 377
366 385
309 356
337 442
375 406
375 433
392 415
393 416
401 436
424 431
428 435
435 436
363 402
295 424
297 445
298 337
300 362
302 372
304 439
305 334
305 418
306 307
307 369
297 348
52 285
283 437
15 260
347 402
347 367
127 285
194 437
15 390
15 420
40 347
212 449
285 327
285 304
95 347
36 437
199 337
215 299
166 383
199 240
212 441
167 325
213 374
64 336
64 339
49 443
26 131
144 326
38 443
147 414
257 436
82 148
344 372
82 312
145 185
59 145
140 374
274 386
275 441
152 326
64 140
61 64
2 145
104 146
104 307
110 165
119 293
381 426
386 429
391 396
119 134
220 325
112 344
297 443
92 299
21 257
271 441
341 378
19 441
218 396
46 119
164 166
45 326
238 381
170 341
308 396
130 431
129 278
17 165
129 258
131 408
94 235
89 94
285 437
422 437
15 130
371 449
78 422
187 414
187 326
216 371
