6.000000
560
20
0
41658
111 144
55 68
82 147
55 124
102 108
55 131
48 93
79 159
79 127
19 102
78 79
14 159
15 147
19 70
75 144
19 65
57 141
69 85
29 89
30 124
85 126
19 21
53 92
59 66
55 86
58 120
71 85
41 137
32 46
32 87
33 60
33 156
34 104
34 136
36 110
36 144
40 50
41 148
42 108
0 115
43 63
43 125
45 93
45 141
47 53
47 54
48 145
113 120
100 101
103 106
104 158
106 121
107 139
109 150
110 153
112 147
98 153
114 154
115 122
115 130
115 135
119 133
133 151
135 138
142 152
147 149
81 147
61 91
67 85
67 116
71 79
77 81
79 84
80 122
81 95
84 87
84 154
85 146
88 150
89 101
98 145
11 144
26 118
24 143
24 95
21 34
20 142
19 64
19 35
17 144
16 119
16 37
14 123
13 119
12 117
12 105
31 94
11 125
9 23
8 42
7 12
6 105
6 90
6 77
5 7
4 96
2 20
1 144
29 41
27 58
28 81
31 67
30 129
28 33
34 113
10 123
10 26
86 91
35 38
88 99
84 151
91 157
94 129
97 103
33 158
6 80
12 49
37 40
76 119
76 134
81 146
83 92
11 25
32 73
3 72
32 83
115 140
1 152
128 155
132 145
139 140
99 134
3 115
4 25
33 56
5 128
22 145
44 155
23 109
51 52
51 74
22 52
39 67
41 64
18 32
17 121
62 157
72 97
59 91
