12.000000
445
16
1
9072
54 82
29 36
30 44
30 59
30 77
76 78
68 76
67 86
63 92
1 67
4 67
54 76
6 27
7 27
8 24
79 89
59 72
9 54
54 94
57 72
55 89
38 73
38 51
53 92
51 84
14 72
47 76
16 92
17 27
41 89
39 96
39 91
38 80
39 88
36 99
27 29
26 36
25 30
24 70
24 40
23 66
92 98
0 30
0 93
0 24
61 92
45 62
45 85
56 83
49 60
49 66
19 28
2 22
22 23
28 84
38 58
69 90
2 52
19 50
34 81
5 43
34 75
15 37
13 89
13 27
69 85
31 97
34 35
37 56
54 71
50 98
36 58
72 95
48 50
46 97
76 95
67 71
42 43
39 64
32 75
3 46
21 88
3 47
5 65
12 77
11 72
11 39
62 64
35 74
0 87
0 49
20 49
34 83
10 87
0 74
10 50
18 20
33 61
33 65
