26.628710
100
30
6
57928
104 116
42 45
35 99
11 92
23 32
20 32
27 32
32 46
41 69
11 41
37 41
6 75
75 82
40 75
71 102
52 102
90 102
52 119
14 53
14 99
14 87
39 78
62 72
24 118
84 112
83 103
7 72
0 84
25 78
51 118
16 78
8 91
58 118
64 84
98 103
47 72
59 103
19 91
15 65
65 97
35 65
50 67
33 93
43 70
92 93
67 89
18 43
93 114
9 43
57 67
45 54
54 107
54 116
79 105
105 111
105 117
0 10
2 76
13 46
44 113
13 56
13 81
2 60
1 44
44 101
104 109
12 109
4 31
29 94
29 77
29 63
4 28
30 96
4 38
30 108
30 100
66 110
3 66
20 21
74 80
74 106
42 74
48 88
22 88
80 86
3 86
85 89
73 111
10 32
61 103
61 78
44 61
54 119
5 75
49 119
10 93
49 72
55 61
17 102
49 67
5 119
95 119
14 21
14 68
95 118
68 91
10 29
43 68
34 65
10 55
41 73
2 17
61 85
30 36
4 34
26 119
36 115
49 88
26 115
