14.000000
438
25
2
29463
64 163
33 70
23 67
38 161
37 161
23 29
74 160
60 165
61 168
85 165
21 155
103 175
102 175
76 81
66 131
16 17
85 170
93 155
74 81
16 116
18 24
18 132
18 172
56 150
136 176
64 84
81 125
27 171
26 168
1 161
158 168
49 161
150 153
26 116
42 109
143 165
139 176
42 89
90 155
92 150
10 131
9 23
8 16
54 78
53 150
23 147
81 129
25 178
42 71
16 100
100 153
100 131
93 100
79 100
29 137
92 137
45 101
16 45
45 160
45 54
119 148
44 119
3 119
59 119
15 151
110 151
6 151
133 145
145 154
1 145
107 167
14 27
14 121
14 97
80 123
23 80
68 76
30 68
20 150
51 133
51 91
12 51
5 176
5 166
5 36
5 157
20 122
20 42
13 18
173 176
75 171
117 144
72 141
55 179
81 173
25 55
31 75
11 114
15 77
16 108
83 141
105 161
115 164
126 161
115 178
35 122
35 95
105 168
88 170
88 135
2 96
94 142
123 156
120 156
67 96
33 142
134 161
39 101
155 162
162 165
104 134
30 152
22 39
118 150
73 175
57 89
43 131
19 37
43 64
19 69
50 121
57 94
4 132
4 91
0 113
0 70
50 52
46 87
83 137
36 98
12 140
69 149
22 130
169 175
32 174
127 179
23 112
117 127
124 155
148 177
3 7
86 168
159 176
62 174
62 78
47 99
14 20
144 145
41 100
46 100
137 138
63 146
63 126
73 151
34 145
107 138
20 65
28 51
40 45
151 177
107 128
7 107
51 111
106 114
77 82
106 152
48 149
58 159
47 48
