52.715786
170
75
63
2238
281 368
325 433
213 298
10 167
67 259
28 218
28 269
139 343
25 300
193 400
193 260
152 346
237 281
96 257
202 304
7 180
177 289
322 397
98 159
99 159
159 320
108 246
165 397
61 155
401 421
49 112
130 303
289 340
69 441
117 286
21 387
247 249
35 423
127 300
171 323
108 292
222 389
108 413
12 266
283 397
265 274
347 419
281 407
389 398
88 202
12 57
51 97
168 242
120 361
153 308
10 244
198 359
141 406
193 210
120 214
97 109
16 372
213 358
47 393
289 418
80 140
131 264
8 274
198 429
42 248
175 381
80 321
28 133
108 398
106 338
94 171
356 386
14 269
50 225
161 259
21 324
345 381
125 383
17 398
32 255
75 383
136 155
28 370
120 279
371 417
181 441
198 384
206 389
196 242
41 344
388 419
232 406
4 112
228 229
14 19
271 292
176 346
202 343
375 394
144 436
80 182
166 191
289 334
137 316
255 285
78 165
132 155
80 111
144 150
338 424
41 302
360 371
10 247
14 258
12 366
11 255
148 412
170 180
248 267
145 308
171 428
41 290
159 263
123 235
21 208
172 436
43 148
225 308
71 254
18 242
45 394
60 112
238 393
100 367
165 236
190 381
326 419
221 383
16 284
33 144
65 356
97 369
70 393
56 406
76 154
155 266
2 338
100 252
38 346
18 327
41 119
155 157
219 274
9 76
93 100
201 248
373 415
160 303
429 437
76 87
235 276
193 333
80 98
162 433
65 231
113 397
148 336
65 410
422 433
401 415
135 415
16 336
328 441
16 350
259 364
63 374
107 374
3 374
189 351
320 351
351 441
307 351
164 351
404 445
229 355
169 355
179 355
172 434
53 430
149 403
363 403
73 354
307 354
275 354
50 354
354 396
166 282
37 282
102 223
24 223
234 395
0 89
418 438
411 438
131 438
108 438
121 357
107 121
44 151
6 151
79 382
105 380
390 448
209 448
409 448
3 211
239 361
44 443
117 311
59 311
135 184
73 256
10 256
112 256
6 408
237 243
28 243
203 277
12 207
226 265
221 226
114 215
38 215
95 215
215 248
199 309
21 309
353 435
137 435
14 362
35 379
102 124
124 178
30 124
318 402
164 318
254 318
143 355
227 447
289 447
314 449
139 314
180 365
365 393
365 394
39 365
281 365
58 158
158 441
293 302
108 245
201 245
90 341
0 90
339 367
200 273
261 416
261 287
80 329
115 446
96 115
171 399
294 399
184 282
426 446
111 426
256 282
158 445
12 217
146 217
165 297
64 297
1 394
65 301
274 385
385 415
385 392
97 378
325 378
129 378
76 378
52 79
29 52
52 330
52 186
21 253
253 416
171 253
253 441
235 253
85 381
85 259
262 421
193 262
382 408
383 432
338 425
163 165
163 289
83 264
83 129
239 256
40 51
317 388
288 449
76 337
14 54
233 371
306 340
54 76
142 330
55 394
87 187
187 213
138 187
187 257
82 213
82 381
34 300
34 393
36 120
49 335
261 430
16 315
23 41
23 30
148 220
155 220
405 439
395 405
405 423
191 405
270 440
39 270
192 371
144 192
116 393
64 194
194 272
110 256
234 293
147 332
110 143
183 238
207 443
10 197
197 198
391 437
86 391
193 376
202 376
205 250
5 205
205 313
48 66
95 101
101 126
31 81
31 392
46 344
46 291
122 248
122 242
26 100
62 271
62 268
72 174
174 394
134 195
134 227
22 58
22 310
159 349
349 374
203 215
200 380
241 415
241 363
89 385
26 434
20 165
20 313
156 303
156 346
185 250
185 280
173 273
173 303
92 420
92 132
216 256
216 442
204 209
180 204
365 435
240 295
240 332
91 431
91 136
13 140
27 419
13 299
255 296
230 406
27 65
230 397
103 390
103 295
15 316
15 212
74 444
74 286
305 386
305 427
342 365
84 448
188 312
312 329
311 315
116 311
48 211
68 414
68 124
1 278
77 342
77 251
215 352
319 435
104 379
331 425
118 348
331 348
118 335
261 377
128 261
224 301
55 233
288 317
183 296
