42.038095
1
66
0
14673
34 239
256 321
67 300
137 214
137 201
32 263
255 304
136 284
67 103
137 314
34 320
195 287
35 258
133 333
250 275
133 328
133 279
133 268
70 96
24 250
271 275
266 346
71 275
140 335
140 323
140 200
260 284
210 273
69 317
104 249
28 138
138 286
221 284
257 321
138 157
51 111
198 271
199 252
49 162
49 295
49 345
205 242
202 340
230 263
47 71
51 336
52 242
110 321
59 166
57 67
55 71
56 141
56 330
129 144
64 346
131 318
131 316
246 321
131 295
243 339
243 287
241 242
71 112
128 276
209 348
127 183
225 265
45 169
197 271
46 49
10 31
183 332
83 120
83 91
166 178
166 176
9 114
9 123
9 164
0 32
10 61
10 82
10 130
11 41
217 265
12 250
319 338
2 270
1 19
179 191
1 61
1 88
1 328
2 118
2 124
172 298
271 278
3 263
172 249
87 136
179 232
6 121
84 338
83 196
163 179
192 321
97 293
98 348
101 273
97 251
145 258
20 96
97 204
17 56
144 341
287 308
288 304
187 346
77 82
94 258
90 96
92 340
218 237
218 228
218 247
73 199
186 190
305 338
144 272
153 249
95 183
109 330
86 182
215 287
213 261
113 223
115 234
177 326
108 312
86 249
108 115
207 218
96 327
87 281
96 102
208 306
93 294
212 340
212 306
89 194
159 290
144 149
146 287
147 285
148 220
189 250
188 220
150 173
151 218
186 248
152 253
154 229
155 183
159 281
143 169
160 185
184 302
165 258
184 285
167 182
167 303
167 322
181 289
170 263
179 207
173 248
175 208
126 275
116 133
203 245
116 242
116 291
203 222
117 307
122 175
200 281
124 189
199 299
199 207
125 304
126 147
116 131
128 194
132 309
132 325
135 156
135 264
135 310
137 244
138 235
139 254
140 146
142 185
143 161
23 315
28 315
27 348
258 292
27 273
262 315
26 262
25 142
29 119
273 283
274 347
22 97
21 342
277 329
21 259
280 281
21 72
29 211
256 326
30 264
30 301
254 274
253 276
34 74
34 170
35 227
250 331
36 337
37 75
38 81
38 343
9 75
0 294
1 60
2 58
2 227
4 14
4 79
5 248
5 289
6 185
7 41
7 291
8 109
8 309
9 48
85 348
10 155
11 240
315 349
313 317
311 313
310 347
14 180
14 190
15 44
301 309
15 219
297 346
18 206
20 285
219 327
56 165
58 218
59 102
60 67
81 269
231 282
227 346
80 315
80 261
78 254
76 229
76 121
220 307
75 298
63 100
74 245
224 338
223 257
65 285
72 193
69 194
66 340
85 337
39 119
244 322
238 302
39 51
237 248
236 340
43 213
234 275
45 302
48 51
54 168
49 151
233 267
50 265
233 259
50 284
51 66
53 120
53 188
231 349
53 304
54 75
216 223
215 277
220 334
324 331
206 235
248 290
236 261
194 203
193 325
226 302
223 227
292 344
296 343
208 224
185 324
212 283
42 107
33 134
40 68
40 208
42 212
53 216
62 105
62 158
62 168
16 36
13 33
13 334
14 16
14 296
62 171
22 134
25 63
149 203
117 174
99 226
106 158
107 203
