23.000000
344
37
0
10880
34 63
49 211
94 102
94 201
97 115
101 180
105 128
40 154
38 146
119 153
119 158
124 134
124 163
124 193
50 94
33 146
124 245
31 217
31 151
129 225
27 54
140 142
140 154
25 64
145 207
146 165
150 167
58 173
67 216
72 173
64 243
64 136
63 168
75 152
63 81
75 173
75 174
61 126
60 200
80 216
34 118
56 220
84 145
56 100
55 150
54 176
54 161
54 106
89 154
90 139
90 162
90 188
90 248
13 128
213 240
18 109
169 239
16 20
197 212
6 154
15 128
14 145
7 122
200 223
7 203
7 246
12 126
190 195
150 208
12 44
11 42
11 74
20 25
0 79
22 167
164 197
20 133
1 12
20 115
19 146
3 11
192 225
85 248
190 229
86 108
204 235
69 76
182 192
181 219
68 219
181 211
68 84
209 244
92 175
93 138
82 145
78 119
200 233
76 87
98 154
221 244
75 144
75 125
82 124
69 90
197 206
228 247
83 216
73 213
196 229
214 231
77 189
130 166
119 172
121 192
175 226
173 187
234 239
173 177
125 216
127 150
127 200
128 205
129 222
176 187
131 228
132 135
134 141
135 195
139 194
169 238
141 150
159 224
141 240
157 197
107 221
94 177
180 234
95 123
97 131
98 146
99 178
179 237
107 114
93 170
109 194
110 178
111 198
111 238
112 144
116 184
116 233
12 120
45 63
45 90
45 165
45 171
20 206
17 224
46 191
17 18
15 241
21 237
11 148
48 138
49 123
51 125
52 79
52 160
10 183
10 17
37 232
31 147
30 185
30 77
29 87
32 226
35 142
35 236
26 245
24 119
0 184
38 232
41 235
41 241
23 186
42 85
43 171
43 227
7 125
63 157
8 198
5 51
61 137
8 210
59 73
57 159
64 189
9 31
65 86
65 91
5 113
5 21
4 30
2 210
56 215
53 137
56 143
2 247
156 170
24 230
143 155
147 249
202 209
5 175
26 229
28 99
137 231
137 156
135 242
5 39
28 218
30 39
30 249
36 155
166 241
9 137
186 218
175 205
17 47
17 172
172 199
191 230
192 202
149 242
83 114
87 104
78 108
88 117
88 135
47 215
70 222
66 149
66 103
70 110
96 148
71 172
62 192
62 141
