8.000000
172
18
0
52983
4 42
37 84
32 99
99 111
101 107
6 25
66 133
16 20
107 116
4 129
16 110
28 74
26 34
34 103
24 84
11 25
1 74
22 117
22 84
19 25
12 16
29 138
34 73
34 123
71 76
35 128
71 118
73 99
74 77
74 124
36 58
78 108
25 125
25 45
23 126
23 105
82 84
51 60
50 112
49 102
48 136
45 90
57 106
58 104
44 78
43 133
59 99
43 90
35 137
60 93
41 85
0 14
63 126
65 128
36 132
36 64
27 127
68 74
104 137
13 109
13 57
12 88
10 67
10 41
8 31
7 121
7 115
99 127
100 126
104 120
83 84
4 77
3 107
107 130
108 112
108 119
108 138
109 122
0 66
117 122
121 127
16 123
21 102
18 97
17 64
86 99
14 86
16 91
15 100
54 72
87 104
73 81
72 127
56 114
55 139
55 92
53 93
52 97
52 81
113 124
114 126
94 131
51 82
71 79
65 67
69 73
89 125
95 122
96 105
98 127
65 130
75 130
65 70
62 122
61 135
61 88
70 94
71 75
59 134
21 106
9 130
15 47
17 38
29 40
30 83
31 54
5 9
2 30
2 98
3 89
5 39
46 71
44 80
48 56
49 113
33 53
36 47
50 131
36 92
