101.361493
406
111
10
21238
9 237
216 271
36 111
37 236
38 332
304 367
84 381
153 210
40 325
8 346
23 391
62 341
139 193
4 71
141 273
134 141
22 141
221 262
141 227
223 262
262 311
300 308
326 369
340 379
61 340
359 361
304 359
298 340
45 308
93 359
217 340
270 308
99 369
366 369
197 359
20 224
0 302
64 202
74 202
202 343
224 378
138 302
202 375
79 224
302 365
122 155
70 155
74 155
236 370
184 370
206 370
262 308
251 329
126 301
145 292
7 331
125 301
56 394
389 394
226 331
59 372
47 164
120 334
26 394
43 231
71 372
153 172
201 248
137 164
144 334
84 164
42 248
193 256
76 372
279 292
14 231
107 329
94 331
289 301
149 172
171 292
103 385
105 385
131 329
161 231
1 172
130 248
135 256
316 334
3 385
218 256
173 257
66 95
154 173
66 142
25 117
196 380
35 66
173 276
66 192
15 57
57 306
57 112
57 332
173 348
277 368
277 395
277 328
93 159
28 175
119 225
139 225
50 159
159 190
38 175
175 259
225 230
302 369
86 263
179 211
323 392
263 354
253 386
254 263
128 170
211 333
21 203
318 384
344 349
140 182
364 386
48 242
235 323
203 280
349 387
233 350
242 327
247 286
386 399
97 247
338 382
350 360
314 350
214 313
158 247
268 318
180 212
166 258
170 284
167 349
109 212
33 338
296 318
222 338
92 214
12 140
23 166
85 140
9 214
30 211
41 166
29 323
83 170
207 242
212 299
123 203
98 229
98 134
6 98
148 252
36 88
88 189
252 309
88 272
252 306
62 282
282 290
282 330
195 199
65 163
163 322
44 241
80 246
176 220
116 118
87 232
260 345
58 165
54 124
260 371
176 187
199 342
266 307
58 374
232 351
89 91
266 315
32 80
44 261
73 176
118 244
31 58
124 250
91 396
232 383
24 162
102 157
81 266
163 265
118 297
102 114
10 143
80 281
199 275
2 24
10 196
90 102
10 283
136 260
91 240
24 60
124 132
19 44
141 277
78 336
78 303
78 95
69 391
69 127
69 146
239 274
239 267
239 276
40 353
82 353
37 353
108 367
108 288
108 285
18 287
18 243
18 25
55 320
55 217
55 194
104 398
104 237
104 295
129 150
129 156
46 168
188 191
16 121
129 347
16 77
75 96
169 305
39 68
39 357
46 72
49 269
49 219
16 53
188 208
178 355
169 381
5 335
46 177
75 388
39 228
5 352
178 337
169 255
178 317
188 198
75 151
49 67
5 373
147 238
111 147
147 325
174 204
372 380
8 293
293 324
4 293
183 308
63 346
63 310
141 204
245 358
210 245
245 341
13 106
13 216
13 174
183 224
118 380
117 163
147 224
385 397
292 377
27 394
27 164
278 331
249 262
248 356
52 340
359 376
49 117
291 369
188 380
117 178
213 318
211 362
170 264
263 264
278 350
11 386
323 393
160 202
17 140
203 356
247 356
294 302
58 209
213 260
266 362
160 301
363 380
282 377
249 334
252 278
155 321
24 397
321 370
232 377
27 80
11 199
117 181
113 256
51 329
17 176
231 291
17 44
152 173
18 209
88 204
108 213
66 390
57 133
124 204
46 209
52 338
52 214
110 159
294 349
11 104
166 186
133 225
169 393
75 393
242 376
133 212
183 319
34 183
183 293
91 152
98 376
102 186
181 213
115 397
200 278
100 377
101 362
209 215
101 264
78 186
13 362
51 69
51 239
51 264
339 393
245 397
27 215
339 356
100 319
39 110
55 291
11 312
5 113
17 312
129 390
16 321
185 205
115 205
185 234
200 234
52 363
