20.167206
1054
26
123
25153
131 134
129 131
59 105
86 101
53 107
85 89
27 44
99 131
41 116
106 134
23 116
81 95
12 29
54 138
62 69
25 86
93 131
38 108
113 118
79 95
97 127
67 88
7 33
95 133
57 133
60 133
102 133
91 138
66 104
9 62
60 67
20 67
12 110
1 67
22 62
18 87
25 112
73 89
35 131
18 28
92 107
6 39
89 121
1 4
17 111
15 44
31 115
32 136
105 111
7 63
95 137
47 115
116 128
0 115
114 126
4 66
6 101
105 139
7 43
76 95
120 127
84 118
103 114
114 125
18 80
25 75
36 108
6 65
63 118
7 122
51 120
12 72
44 93
8 107
35 130
3 6
83 120
26 98
50 130
11 66
61 138
71 108
17 77
77 78
98 109
97 109
62 117
89 119
14 24
14 57
14 124
2 133
52 103
19 48
19 74
19 65
13 131
16 121
6 10
70 118
70 74
5 12
5 7
49 90
47 49
115 123
66 123
2 135
96 116
96 118
45 89
32 45
45 105
19 135
13 64
37 64
109 119
40 94
18 42
42 120
40 109
37 94
132 136
107 132
58 108
58 95
30 44
30 138
34 114
34 107
21 131
21 68
56 124
55 82
56 100
19 117
16 46
10 46
52 55
