59.330428
277
71
8
11817
166 291
11 22
49 266
114 123
218 244
258 294
89 185
16 59
18 298
97 220
75 288
174 288
230 288
93 288
73 288
76 168
168 270
139 168
57 168
168 234
110 237
110 173
20 110
110 256
6 110
38 250
172 250
250 297
39 193
193 200
96 260
96 162
10 285
10 251
10 274
2 142
142 227
142 235
57 142
54 132
91 132
132 271
34 253
253 298
169 253
119 273
248 273
49 273
71 124
71 295
71 159
70 71
120 293
40 238
11 238
201 238
129 223
102 186
102 206
129 290
7 249
7 50
129 252
102 272
7 78
151 287
151 229
151 299
1 265
68 236
90 181
211 283
62 282
174 179
60 181
179 255
192 222
153 259
115 236
149 265
170 236
184 283
36 214
198 259
219 222
141 282
31 214
43 259
32 179
94 222
52 283
167 214
51 282
181 224
87 265
240 277
139 240
25 240
12 269
12 155
12 291
215 278
147 215
27 215
111 203
69 75
69 158
111 268
111 165
111 191
69 113
69 117
171 226
8 171
44 171
42 280
185 280
9 232
17 126
112 221
89 100
81 190
232 264
28 130
199 232
126 246
19 126
114 213
190 205
143 213
45 112
213 247
130 233
99 130
100 196
3 190
100 261
53 112
74 133
74 224
182 209
118 182
88 109
88 263
5 88
4 145
145 220
145 154
82 140
146 286
146 241
107 146
47 166
63 176
82 188
67 204
47 148
67 292
72 82
63 216
47 152
26 63
61 194
61 244
61 164
157 243
157 268
157 289
262 284
13 16
13 101
13 173
13 227
8 79
0 254
93 254
108 297
245 263
23 35
23 66
95 104
95 116
95 225
23 46
58 65
58 127
58 163
80 138
59 138
15 257
257 294
131 161
161 237
64 84
84 97
76 84
22 105
105 228
103 267
77 103
78 103
279 281
210 279
123 279
102 253
33 56
48 262
30 33
24 48
48 258
132 151
135 137
137 278
156 207
29 288
125 135
125 266
125 276
120 236
120 259
96 183
153 296
0 275
86 217
86 189
79 253
239 272
41 107
175 210
231 267
30 231
150 250
120 134
212 283
69 74
212 240
7 208
14 265
83 193
142 177
10 29
212 232
92 212
215 284
98 120
132 136
79 213
130 208
92 245
122 273
190 242
74 108
82 121
71 197
23 74
129 197
171 202
79 146
100 202
136 179
120 156
55 238
178 222
55 282
160 214
61 245
63 242
58 121
13 14
187 193
193 231
85 88
96 175
96 187
111 177
10 195
10 41
92 137
106 126
47 150
144 183
242 245
83 112
137 182
178 182
21 121
121 279
37 134
145 160
55 157
120 239
129 195
85 98
95 122
106 138
37 180
67 296
92 128
86 242
