10.000000
329
21
0
68967
42 118
11 68
17 64
21 97
95 96
91 122
91 112
29 74
33 55
34 97
37 56
37 83
80 96
0 37
43 91
44 49
44 59
48 74
52 115
53 96
62 74
63 118
64 118
68 129
68 131
5 123
3 74
1 22
1 18
5 61
114 125
44 78
0 27
45 135
46 107
2 109
4 96
78 97
79 100
79 130
4 57
4 66
77 138
35 137
84 118
120 127
32 133
85 92
87 133
88 89
55 58
1 2
68 73
67 116
67 72
70 118
1 4
60 103
60 75
58 102
58 89
57 132
7 128
71 114
71 136
1 75
1 111
52 65
51 91
51 85
76 128
50 51
48 54
47 74
12 51
9 39
97 119
23 91
98 115
99 127
20 31
10 13
19 44
24 41
12 82
17 127
6 36
16 128
16 27
15 87
103 105
13 50
106 116
106 113
14 37
26 105
7 108
28 126
5 70
8 25
93 119
94 124
94 135
26 118
8 88
29 132
96 101
110 132
96 117
24 125
24 72
90 138
69 86
124 132
106 119
71 88
69 100
77 127
90 121
86 107
117 119
82 98
121 130
101 139
73 134
104 127
30 81
30 32
28 108
25 134
23 40
31 84
14 92
9 51
65 104
51 81
38 139
36 111
35 128
