65.383333
1
84
0
8788
125 247
141 144
138 151
135 219
133 213
132 266
130 391
130 325
129 255
125 280
143 335
125 215
123 218
120 381
117 166
116 342
115 225
112 166
110 305
163 357
184 282
178 316
177 196
175 310
171 365
170 270
168 305
166 271
107 382
161 344
159 322
156 212
153 255
148 211
145 369
144 330
144 158
77 121
87 151
86 213
83 270
80 316
79 370
79 255
77 359
77 169
91 356
76 310
75 308
74 348
67 239
67 233
67 89
65 180
64 75
99 387
107 147
106 399
105 325
104 233
103 164
103 160
103 149
101 162
186 296
99 290
98 370
96 357
95 191
93 318
93 295
93 209
92 99
272 352
290 296
288 323
285 377
283 356
282 285
279 348
275 362
275 345
275 344
300 305
270 335
266 326
264 362
256 388
256 346
256 286
256 262
251 353
336 369
356 395
349 365
345 392
345 385
345 375
344 374
341 342
340 360
245 322
330 331
325 383
325 358
323 351
322 343
310 325
309 329
304 365
205 347
212 281
211 276
211 228
208 272
207 398
207 320
207 293
205 361
213 287
205 260
204 362
202 296
201 351
198 229
194 223
192 272
190 255
226 317
244 276
242 353
241 399
241 367
238 381
234 242
230 316
226 324
1 106
225 355
223 391
219 340
219 339
218 250
218 221
217 342
214 285
26 103
48 344
32 328
58 62
32 299
20 107
56 166
19 223
18 294
8 59
32 131
9 225
40 226
18 206
10 90
40 381
21 191
18 173
43 75
31 354
31 221
10 292
10 378
11 59
12 241
31 179
17 218
16 75
31 111
30 167
53 242
51 323
23 333
44 311
59 249
47 333
3 182
3 69
2 267
2 243
2 114
60 369
37 105
2 70
24 370
1 246
1 139
0 333
44 257
3 334
38 348
37 298
37 252
5 27
22 257
34 342
3 373
46 167
45 243
22 381
44 390
207 261
27 371
25 167
25 59
189 226
205 278
28 134
29 137
203 384
209 301
183 212
35 370
155 350
157 263
36 185
162 314
165 221
166 232
35 362
168 235
33 253
172 270
176 369
177 350
182 313
203 379
184 224
32 258
185 263
187 196
187 312
154 352
189 305
197 256
197 285
199 368
200 240
200 368
201 350
291 327
10 14
266 366
272 284
273 297
7 381
7 365
7 133
7 77
6 376
6 315
289 322
5 237
291 309
263 386
294 337
4 88
313 338
315 372
321 386
3 319
342 394
2 82
1 277
366 381
396 397
237 329
210 380
211 222
216 336
18 222
223 258
225 284
18 140
227 253
231 253
15 99
236 360
236 397
210 266
15 97
14 219
13 357
244 297
248 255
13 52
253 332
254 302
258 275
258 348
259 331
263 341
42 389
103 261
104 224
45 187
108 127
108 167
109 236
109 277
44 137
113 310
73 265
73 180
43 371
57 275
118 259
119 224
73 131
122 134
122 376
42 229
124 146
124 254
42 221
42 195
72 384
50 357
82 316
55 107
84 144
84 241
81 231
55 75
54 72
88 107
88 174
88 251
52 152
61 370
50 255
78 393
94 393
154 323
49 191
99 394
100 321
49 125
101 315
102 269
102 314
152 268
137 242
58 73
39 140
140 150
142 314
66 220
66 97
137 356
37 269
152 181
63 303
151 337
151 263
151 176
146 296
61 333
72 271
126 302
127 152
128 212
71 389
128 349
41 274
41 268
68 191
62 140
68 226
63 160
41 205
72 301
81 165
81 136
81 188
269 363
63 235
224 278
81 364
306 307
71 269
319 364
57 306
57 289
7 152
78 232
183 193
41 396
172 315
36 199
85 253
85 350
94 216
