14.194718
198
25
40
5435
77 172
58 142
100 143
48 145
8 121
55 59
33 64
117 168
10 55
103 198
36 98
80 142
69 80
63 189
105 172
31 105
94 98
80 181
43 47
140 154
58 109
105 160
43 171
113 169
113 175
3 139
105 199
145 196
18 189
102 146
4 99
123 196
58 127
99 174
58 89
34 99
165 196
168 173
62 143
11 64
55 164
8 64
111 143
189 192
28 67
43 198
25 168
112 168
46 135
12 38
40 170
53 80
113 184
113 172
54 126
48 126
72 93
45 93
56 120
35 120
5 120
15 188
40 193
49 193
107 193
5 183
39 90
37 90
157 196
147 157
34 78
73 80
68 131
20 131
67 131
68 162
23 134
102 134
0 118
29 118
62 119
91 122
107 152
135 152
71 152
121 177
110 177
144 177
55 61
77 115
115 166
14 45
91 176
148 155
155 185
75 95
156 185
6 156
167 168
101 138
79 130
55 133
117 133
180 194
128 183
3 153
55 153
38 153
153 172
140 153
42 43
42 92
43 161
161 172
13 103
58 96
28 96
24 98
17 58
57 76
76 189
132 178
99 191
74 190
51 74
98 129
64 81
43 82
41 114
114 197
104 143
29 137
86 98
97 189
137 179
58 149
22 168
125 178
125 181
65 187
65 180
26 55
26 189
120 167
101 120
78 162
141 157
14 128
73 141
24 188
19 79
19 20
129 193
90 150
12 106
106 108
2 116
2 55
52 75
84 146
84 190
158 179
66 158
158 182
52 136
1 186
1 63
50 66
16 44
16 46
50 136
70 163
70 154
131 194
21 37
21 151
90 191
7 41
17 124
193 195
32 134
95 156
130 156
32 119
83 88
83 132
104 124
88 152
134 159
85 122
87 152
22 152
60 177
85 177
9 61
30 150
7 157
27 86
60 149
