15.769748
123
22
177
15859
12 81
20 131
89 128
46 150
126 159
24 53
92 146
35 126
30 127
4 125
78 101
109 111
37 96
34 104
105 127
127 133
19 152
128 152
55 98
55 138
5 82
13 151
97 159
22 123
34 75
85 97
46 57
19 107
83 93
145 155
32 83
8 127
106 157
54 64
96 143
113 125
26 83
47 125
111 123
62 64
117 123
0 131
76 118
106 122
20 34
26 56
56 142
46 90
5 154
84 156
55 148
12 144
83 129
38 146
29 76
12 73
126 139
6 83
120 146
40 120
105 120
78 120
10 80
24 80
80 107
5 116
60 67
106 149
79 129
55 69
72 106
103 146
23 103
87 119
45 66
70 151
66 80
60 79
45 70
3 39
14 64
12 134
134 152
6 52
86 146
52 61
71 76
108 152
11 58
49 58
49 53
61 108
110 131
44 110
39 130
14 130
64 115
115 147
9 127
9 63
31 146
31 147
99 121
90 99
41 99
28 99
50 91
11 87
69 119
55 100
34 100
86 116
5 43
43 46
102 121
64 136
136 153
27 99
21 76
96 135
135 140
47 135
65 155
5 65
77 114
77 140
2 126
2 125
15 102
71 149
15 21
72 91
0 48
48 132
1 123
1 41
1 152
1 96
1 88
17 88
17 156
18 59
18 40
51 142
51 137
25 124
25 85
7 95
7 141
34 68
68 74
16 145
16 94
36 132
36 158
33 112
33 109
42 76
42 141
