5.000000
237
15
223
74850
54 56
51 114
5 94
88 97
2 86
74 112
20 40
56 64
67 93
9 111
91 119
24 111
7 12
36 116
62 110
46 52
71 74
33 58
1 20
20 41
6 105
90 114
78 110
65 105
34 58
38 45
58 102
10 114
33 38
13 74
34 111
30 119
104 109
57 74
29 89
3 19
32 86
55 60
66 93
37 101
13 111
7 101
10 58
12 45
36 66
52 76
53 75
14 63
36 63
22 119
15 105
79 86
67 115
14 52
21 58
28 62
8 44
40 118
53 100
38 72
2 94
58 103
3 61
99 105
60 111
78 85
16 44
55 77
56 107
107 113
36 75
56 92
6 98
20 59
11 36
42 59
52 54
18 23
39 48
28 84
43 84
15 32
27 89
52 104
16 38
18 50
83 89
4 118
42 58
31 112
69 98
49 86
22 39
48 82
58 95
23 76
0 108
0 115
21 86
117 119
72 96
81 103
102 113
25 78
56 82
5 35
17 103
52 88
80 81
70 106
70 111
47 100
47 61
77 78
26 87
26 56
73 103
68 89
68 74
