82.366667
1
96
18
17439
197 368
78 127
90 168
111 304
115 189
146 385
117 213
227 291
92 319
128 147
54 71
294 344
120 321
79 261
185 249
174 345
119 143
301 328
285 339
312 330
150 237
291 323
301 376
374 398
357 387
90 238
321 379
196 312
120 222
185 210
246 343
246 341
1 396
205 386
327 398
70 312
94 208
251 260
86 110
143 342
297 309
84 110
83 215
82 307
122 367
92 259
123 197
121 135
218 331
141 325
84 346
140 253
238 246
105 363
134 369
107 334
135 385
295 396
115 258
155 334
168 181
121 375
120 302
292 362
120 320
78 329
255 300
121 350
118 378
241 398
150 178
149 198
80 386
147 308
150 399
232 345
298 334
94 388
115 399
255 318
268 313
261 316
58 399
278 321
268 372
191 212
27 232
180 232
177 232
232 243
91 141
264 265
348 351
73 212
5 41
142 361
176 361
13 361
120 142
142 165
50 142
80 351
91 114
143 351
333 399
41 168
4 41
270 275
125 275
275 297
275 328
101 148
177 361
27 307
307 338
98 244
294 384
315 385
169 264
76 115
199 294
288 399
92 170
309 394
35 369
170 215
153 216
208 287
230 304
88 347
213 281
81 309
101 290
91 220
89 387
185 335
253 397
252 370
195 301
236 304
3 212
215 336
98 282
98 254
263 285
256 370
317 348
33 293
134 213
279 331
191 342
151 308
40 378
153 179
80 306
14 199
226 255
7 348
33 311
162 253
182 391
10 286
154 369
54 314
33 137
112 175
28 133
160 370
5 17
53 359
135 334
40 356
152 160
24 216
14 109
42 67
54 166
215 383
161 282
208 355
10 16
168 217
53 138
64 96
29 183
19 385
49 387
182 333
130 312
14 247
199 285
28 296
51 321
27 253
14 186
27 64
18 153
150 206
106 367
87 271
225 367
52 366
128 303
11 22
10 274
4 324
34 84
87 395
37 182
28 280
207 292
102 207
4 11
201 291
38 321
64 211
207 305
121 240
30 78
25 366
48 294
105 392
43 158
0 322
25 337
77 149
63 308
29 266
60 307
86 101
23 105
67 164
46 58
87 365
0 262
31 173
25 36
67 170
0 152
130 268
234 261
145 369
32 352
9 105
50 131
149 172
128 223
139 331
24 112
47 143
92 276
32 388
22 251
80 157
233 264
93 268
50 360
5 116
100 389
371 389
283 389
130 389
124 128
4 235
55 197
32 221
67 228
56 285
203 251
64 392
3 311
31 72
44 64
112 226
58 190
112 149
103 276
43 188
43 239
78 392
29 364
40 289
28 103
31 393
61 264
68 331
5 69
58 204
213 257
103 255
2 348
53 103
6 50
31 136
87 136
136 308
136 357
52 326
88 326
126 326
98 277
43 277
277 304
156 261
153 156
156 208
75 353
205 353
231 325
231 248
134 231
66 185
0 66
66 128
59 135
59 399
59 197
59 142
91 377
25 377
199 380
104 380
12 272
112 381
246 381
41 382
74 149
74 134
33 354
192 347
167 192
68 219
219 299
65 267
65 233
284 331
101 284
103 250
183 187
144 270
130 144
10 45
184 264
212 310
54 310
84 184
159 326
136 273
32 358
349 373
40 159
85 95
358 398
51 85
12 349
45 387
20 283
113 200
20 392
113 351
224 291
224 396
214 277
180 245
5 390
171 390
176 229
242 255
100 242
8 321
108 294
26 27
202 332
57 171
202 288
8 367
193 340
62 207
62 309
193 194
108 197
97 265
96 97
99 139
111 163
163 309
39 112
38 269
269 396
15 66
21 59
250 272
129 173
209 340
41 129
15 354
132 187
132 214
57 209
