30.060219
101
34
7
99534
22 46
125 128
86 138
52 85
2 44
56 59
53 97
57 97
6 97
67 115
52 115
35 115
68 115
112 139
81 139
73 139
60 64
1 21
26 60
4 60
21 48
21 99
20 40
40 132
40 47
40 49
38 129
102 129
44 129
86 113
109 138
33 100
19 79
127 133
84 109
62 113
9 100
70 109
42 100
69 79
58 133
0 79
65 113
63 133
82 94
75 82
45 82
17 107
107 131
31 107
55 120
34 55
55 136
50 93
93 103
93 114
106 122
106 121
59 106
76 85
76 90
32 76
41 54
15 116
29 119
27 134
12 92
12 128
43 87
43 111
54 96
11 25
25 83
54 74
29 98
22 29
15 104
27 108
5 43
27 46
12 28
25 61
15 80
88 137
45 88
67 88
95 117
71 116
3 110
3 14
7 8
3 126
7 91
7 66
53 101
49 101
30 101
117 123
123 125
118 123
60 139
18 105
2 18
37 97
71 115
114 135
78 97
21 130
89 124
16 129
16 100
10 139
71 113
37 79
39 60
97 135
23 40
37 76
16 54
29 37
25 71
12 130
88 95
13 37
72 133
23 107
39 55
24 71
10 106
16 77
27 51
10 43
3 51
7 78
72 101
10 24
13 36
88 89
36 77
