9.688958
92
17
8160
10183
67 119
46 159
59 105
44 76
71 90
28 61
18 90
108 137
76 100
35 93
123 135
87 123
131 145
21 61
7 65
10 145
56 76
72 101
24 98
53 126
119 140
111 153
67 111
99 150
62 99
114 159
18 122
53 55
54 101
80 108
87 90
14 101
51 70
93 120
18 136
65 119
39 53
84 129
90 121
59 149
90 104
8 18
1 90
49 154
24 70
18 74
103 107
62 107
72 118
128 140
5 63
7 133
133 157
40 70
40 127
112 121
96 112
30 103
95 138
46 95
18 29
29 116
26 29
29 61
81 147
129 147
4 63
64 113
64 101
12 25
143 146
25 115
29 118
30 146
53 125
41 125
106 132
4 115
60 113
60 93
53 124
70 124
108 139
128 139
50 118
57 114
68 126
105 141
2 141
48 122
68 97
83 91
58 76
23 52
58 75
20 61
94 142
109 117
117 149
33 117
98 117
50 106
132 142
12 155
34 117
79 145
79 108
17 81
17 49
17 73
17 76
17 134
37 53
37 42
15 154
15 107
89 93
31 66
66 127
32 119
85 94
144 145
78 102
78 116
22 83
107 158
88 143
118 152
34 88
20 155
22 117
69 145
0 69
3 82
82 109
19 91
19 29
52 144
32 158
13 134
13 110
13 38
13 57
47 93
11 47
6 130
6 11
16 136
16 77
45 156
26 45
27 130
27 86
42 43
148 151
43 92
9 38
9 36
41 148
