11.183773
89
18
2787
27520
46 112
41 88
33 52
52 117
47 102
28 52
38 95
25 106
42 65
2 66
92 112
15 42
51 72
61 81
50 53
36 44
41 56
72 85
37 104
107 112
80 112
50 80
25 64
72 75
19 109
61 91
26 50
44 115
105 109
57 66
45 56
25 44
47 109
42 96
76 91
25 31
29 44
59 71
10 119
35 100
55 76
17 50
1 81
8 92
46 109
71 100
27 70
79 109
8 95
32 100
114 118
90 119
98 104
41 60
74 112
36 62
62 86
18 66
39 108
18 119
41 113
70 113
85 113
104 113
23 65
23 67
21 49
12 105
12 27
93 119
42 68
66 73
49 67
1 73
24 115
24 102
84 93
4 48
4 45
89 95
52 89
16 66
16 42
20 100
20 84
22 39
22 57
100 116
5 116
63 118
3 94
3 95
7 64
7 14
77 99
0 7
77 82
77 117
77 111
69 110
7 108
58 119
58 97
43 54
43 111
11 72
11 83
6 40
6 19
13 59
13 78
69 116
34 82
34 101
7 63
9 83
9 87
30 114
30 103
