135.066667
1
142
1
16976
70 369
64 91
64 179
64 186
64 203
65 224
66 246
66 302
66 342
66 398
34 116
69 104
70 214
70 365
63 443
70 463
71 238
71 252
71 386
71 396
72 320
73 363
73 381
73 419
73 430
68 496
35 346
16 368
9 102
10 339
11 89
12 302
12 330
22 187
13 390
14 147
15 62
15 266
15 292
16 145
36 394
16 492
16 497
17 313
18 170
19 191
21 275
22 49
12 423
62 273
62 493
63 105
63 294
292 413
61 160
48 283
277 499
280 479
281 396
281 467
282 325
284 395
288 496
289 354
290 415
291 490
60 323
293 297
297 338
139 301
299 402
299 434
301 327
301 420
302 496
303 478
306 312
307 375
307 412
62 152
36 472
38 333
39 56
40 226
41 479
42 320
44 48
44 236
44 254
46 284
46 421
48 216
8 77
48 448
50 281
51 219
52 259
53 118
56 176
56 187
56 392
57 254
58 325
58 348
59 129
108 485
109 307
110 383
112 297
112 346
112 414
115 120
115 158
115 181
115 462
116 124
116 482
117 322
76 245
85 248
85 257
85 259
86 114
86 154
86 317
86 416
87 121
87 451
88 474
89 298
89 485
80 361
74 454
76 499
77 138
77 155
78 119
77 492
82 229
79 383
82 355
85 239
83 250
82 144
101 142
102 218
102 237
103 123
104 263
104 269
104 395
106 196
106 207
106 210
106 482
107 301
108 260
32 202
26 235
118 403
26 369
26 378
27 97
27 243
27 309
27 389
28 264
29 477
30 123
31 241
25 299
32 305
32 432
33 472
26 324
1 12
2 292
3 236
4 23
5 449
6 266
7 151
7 403
90 314
92 116
93 131
94 102
95 267
96 241
98 239
98 275
98 323
99 260
100 326
100 380
100 473
200 406
22 487
22 489
23 67
23 296
23 419
24 37
24 75
24 419
25 55
25 135
25 159
25 286
131 498
126 266
127 333
128 175
128 287
137 468
128 435
129 164
129 417
129 445
130 249
131 185
131 242
125 451
133 168
133 187
133 205
133 285
134 477
135 387
128 331
206 278
206 295
206 411
208 454
209 474
161 344
148 257
241 405
150 339
151 397
151 461
153 322
156 249
157 422
158 344
158 422
160 377
160 425
211 284
163 496
166 415
166 476
149 474
118 465
119 351
119 435
119 441
121 142
122 314
123 194
123 455
187 200
173 344
174 434
178 250
180 387
182 449
183 222
183 315
183 349
183 435
184 458
204 257
186 479
171 267
187 206
189 434
190 490
191 391
192 354
198 241
199 309
199 332
199 470
199 486
200 309
186 314
230 391
212 224
215 328
219 274
219 370
220 254
221 284
224 337
169 415
226 347
226 352
227 264
229 388
309 339
231 479
232 266
232 464
233 364
234 422
236 245
236 318
239 302
240 267
225 260
170 343
170 445
385 495
264 431
264 492
265 495
267 405
270 323
274 326
275 304
275 356
256 478
364 481
371 451
376 422
383 442
262 477
387 436
388 447
390 483
391 466
393 447
399 447
400 414
402 444
313 374
406 474
408 414
414 421
248 310
147 201
307 416
311 434
312 340
312 476
297 437
242 249
242 454
244 322
247 393
247 457
248 272
147 162
248 491
249 373
250 253
254 357
255 458
256 352
276 364
257 268
258 353
259 401
259 433
261 281
361 369
335 468
336 402
339 475
341 439
344 372
345 454
346 428
353 418
353 450
354 406
354 424
359 439
427 439
361 426
333 394
0 390
139 390
139 447
140 292
141 361
142 358
142 383
142 396
143 155
146 247
329 402
364 455
416 458
429 490
439 455
449 453
449 482
459 499
468 469
471 478
472 480
494 495
404 458
313 440
313 395
328 488
328 484
325 405
325 350
323 456
320 409
320 406
319 447
316 346
314 382
213 333
228 489
111 416
410 451
300 482
187 410
15 228
213 322
242 300
184 300
47 383
353 410
47 170
47 151
44 300
213 468
32 410
334 477
239 334
89 213
279 391
81 416
279 328
9 177
167 188
167 464
43 384
113 478
197 247
186 217
165 177
435 446
63 460
172 419
54 102
54 312
160 438
415 438
193 299
82 132
158 367
200 321
113 250
132 490
224 452
195 405
195 395
226 438
112 217
348 384
100 460
147 362
98 384
379 455
132 260
366 492
217 369
20 472
139 367
197 495
219 452
118 460
396 446
20 477
362 468
359 407
136 407
19 384
223 458
24 45
223 237
45 70
360 439
271 360
22 308
93 308
193 410
47 172
84 366
217 379
84 321
111 251
