104.900000
1
113
6
26083
153 174
163 346
163 234
163 182
162 284
161 353
160 171
144 307
173 333
172 394
165 354
152 336
149 204
148 318
147 222
147 155
145 215
159 333
157 290
158 190
172 369
178 331
178 309
178 182
177 338
177 265
177 200
240 336
126 267
287 394
101 369
142 334
171 235
171 181
170 369
169 273
169 261
175 270
103 317
103 105
112 209
166 256
110 225
117 394
115 153
114 364
114 182
103 343
138 176
136 211
167 220
112 195
112 174
118 174
109 251
106 244
104 281
114 133
168 334
167 292
134 202
99 379
99 288
99 107
130 255
141 210
140 153
169 254
113 381
112 242
172 226
132 178
131 396
131 257
131 185
179 187
129 171
138 196
144 303
143 219
283 319
119 303
118 286
118 275
118 189
267 356
340 361
339 366
265 362
271 333
122 265
279 347
274 283
259 385
270 358
270 271
290 383
336 351
285 375
123 204
201 269
251 344
247 370
250 267
394 395
251 365
251 398
253 353
258 334
202 203
200 260
375 377
372 381
352 361
350 381
382 392
293 333
296 392
246 330
341 369
200 207
321 344
319 344
302 353
300 368
300 306
299 318
205 267
190 388
188 330
294 366
214 368
214 330
212 361
210 272
210 232
206 230
298 366
338 380
245 338
187 252
215 282
199 314
199 241
199 208
197 281
194 366
125 338
0 27
299 393
43 262
180 219
228 339
244 371
244 332
239 279
192 202
41 370
283 367
42 151
30 339
37 42
36 93
237 329
236 237
233 363
230 322
230 305
228 376
125 242
32 318
31 36
38 201
226 297
225 373
225 266
224 226
219 335
218 259
216 334
3 11
2 378
2 335
36 73
35 219
34 281
33 318
33 283
33 211
33 202
228 312
228 243
227 237
30 154
30 127
30 86
29 308
29 216
29 96
29 55
46 323
45 346
40 328
44 296
51 190
49 144
48 386
48 276
48 205
48 89
11 14
10 363
9 200
45 74
26 238
44 259
43 360
43 342
43 335
47 167
28 290
26 399
26 320
40 217
39 56
4 40
13 42
12 390
11 146
11 121
75 265
77 114
17 177
8 270
7 23
5 370
4 301
13 147
3 237
3 171
23 324
19 169
18 392
2 223
2 94
1 363
0 358
0 50
19 370
26 183
84 231
81 166
82 323
23 24
21 124
21 24
20 42
97 284
19 230
24 281
163 397
74 78
164 284
165 204
17 268
17 137
17 54
16 255
15 138
13 215
21 337
21 186
69 283
67 131
66 153
65 300
83 211
84 102
84 183
67 167
79 354
79 387
76 211
60 353
63 248
63 92
60 187
56 393
79 183
73 229
86 288
62 323
80 226
68 74
72 229
52 199
79 156
63 355
71 255
70 229
91 279
53 229
23 263
61 100
64 147
88 344
60 244
58 215
90 390
84 311
61 310
98 187
61 67
97 210
95 201
85 166
61 264
56 120
52 390
177 348
330 348
249 374
205 374
280 374
160 374
166 348
108 374
290 348
24 327
327 363
201 327
99 327
111 221
221 249
221 391
198 357
216 357
280 357
119 357
57 318
57 381
57 363
57 300
81 128
128 172
225 359
210 359
19 150
150 176
190 278
36 278
315 335
183 315
205 315
199 295
103 295
295 344
213 375
0 213
213 284
13 345
191 336
191 392
17 325
323 325
138 291
201 291
259 384
255 277
144 277
279 384
270 384
60 139
139 216
63 304
304 333
33 116
174 289
349 390
204 349
67 389
6 59
6 193
6 301
87 182
174 326
326 375
313 361
313 391
57 345
87 327
295 389
6 278
25 278
315 316
25 384
22 289
135 184
184 316
