92.733333
1
108
10
475
226 287
310 398
230 400
230 422
100 285
104 156
221 390
215 302
110 374
225 443
232 360
204 352
123 149
122 364
121 436
214 231
224 316
225 374
216 357
241 279
109 366
193 375
105 170
23 425
104 429
77 424
104 220
145 376
200 259
99 349
135 284
124 408
96 410
122 379
248 335
122 250
76 433
77 378
246 342
235 423
77 126
85 187
115 130
113 389
212 343
88 261
120 416
99 211
206 433
116 225
115 240
84 121
83 256
82 279
81 313
165 198
73 132
249 325
72 160
93 408
99 114
98 170
115 371
121 282
165 323
96 359
96 229
237 415
238 313
125 416
92 224
235 260
204 294
180 230
206 381
118 368
164 168
89 369
242 273
89 106
155 214
169 394
160 209
169 360
181 205
90 170
176 355
177 279
177 417
157 279
163 398
151 246
154 285
160 347
140 392
149 205
149 411
175 246
182 202
150 242
162 287
161 310
169 395
172 299
171 181
170 375
176 179
169 429
173 176
136 196
136 153
135 446
149 185
168 432
168 267
168 222
167 299
166 254
192 333
91 233
133 159
134 298
140 382
140 141
139 215
138 298
136 228
91 223
178 204
159 366
144 283
191 244
132 328
132 137
131 235
192 258
87 135
242 426
244 283
85 389
182 234
147 428
147 213
182 346
146 221
313 421
143 236
188 415
141 397
12 221
26 195
23 77
21 362
19 415
80 440
256 266
11 89
319 368
141 287
190 287
145 303
145 261
62 161
292 343
274 345
20 165
23 281
366 437
38 256
362 439
35 56
357 444
34 181
32 61
18 104
22 416
32 429
42 224
47 108
45 363
291 448
9 177
353 364
10 89
304 389
354 396
32 51
14 258
329 396
15 27
9 348
9 406
16 187
24 214
372 383
306 440
295 398
32 218
298 321
79 206
294 416
325 363
31 356
46 440
328 393
9 296
331 333
324 362
333 431
189 383
58 245
17 397
58 183
355 432
187 358
344 417
140 441
350 368
258 286
27 356
26 370
26 317
336 409
58 399
58 321
2 375
335 380
47 338
8 442
259 272
259 332
59 334
255 258
62 311
334 353
0 23
335 407
307 417
4 75
261 276
4 257
4 293
56 314
68 76
215 289
35 247
145 309
412 440
409 447
254 390
68 297
68 201
402 408
1 254
67 221
269 315
66 214
66 204
65 334
64 147
397 403
47 258
283 308
357 405
409 438
275 298
47 418
7 356
383 430
285 401
284 317
12 449
62 63
54 164
66 230
270 277
52 325
53 397
269 343
291 375
8 94
270 326
54 434
6 30
263 299
261 345
54 351
8 78
56 186
384 444
239 385
288 385
253 385
203 385
151 419
336 419
320 384
42 320
320 330
10 320
39 278
143 208
15 208
110 278
236 278
43 208
207 248
207 334
147 207
89 207
170 301
26 301
301 372
127 404
404 449
290 404
102 270
102 256
102 117
95 202
95 168
54 102
95 136
99 386
91 386
23 386
373 375
362 373
206 373
119 299
119 235
119 224
325 377
221 377
165 377
254 268
145 268
420 440
8 420
225 420
29 368
29 185
29 182
29 258
191 361
132 414
239 361
246 414
199 393
30 103
40 357
40 415
103 321
40 343
103 174
199 210
103 148
41 199
238 427
57 427
127 152
152 445
264 265
264 315
55 396
55 398
55 135
69 262
57 69
176 194
77 194
203 243
101 243
252 340
215 388
47 388
149 340
62 435
13 313
13 389
187 300
60 66
4 86
177 337
86 121
141 280
56 251
96 97
300 408
251 259
5 387
5 232
318 333
97 385
199 301
305 429
25 115
25 160
158 274
3 46
3 365
50 335
50 285
49 448
37 68
158 327
112 366
37 242
128 197
28 321
112 356
128 133
129 416
49 71
129 409
74 391
91 339
235 271
259 339
148 391
142 419
28 419
227 419
48 301
72 217
253 312
217 387
36 335
119 184
107 187
33 107
207 227
102 280
111 436
44 396
44 187
111 429
219 419
95 367
70 373
70 377
367 420
184 413
119 312
55 341
60 318
322 337
142 305
322 341
