38.521429
1
60
0
17053
96 170
75 201
79 232
81 326
82 84
84 135
84 197
84 308
85 246
89 244
89 254
93 229
94 273
75 115
97 290
99 232
107 277
109 284
111 288
117 170
123 214
125 154
127 259
129 175
132 214
60 232
46 288
47 147
51 331
52 86
52 130
52 346
54 61
58 103
58 190
58 195
58 276
136 219
60 264
61 115
61 256
61 311
63 253
65 75
66 299
67 233
67 324
72 219
74 219
253 313
225 236
233 270
234 237
234 338
235 248
235 339
237 296
237 300
243 257
250 303
251 334
252 317
219 292
255 290
259 286
263 321
265 269
265 282
281 331
282 305
283 299
304 317
306 326
326 340
178 299
137 244
143 303
148 224
149 224
155 318
155 335
157 170
162 215
166 317
170 184
175 258
0 69
179 265
181 233
186 240
197 257
198 235
208 273
214 289
215 290
215 338
215 343
219 244
34 228
40 331
4 240
5 17
5 241
6 257
7 244
20 107
9 214
10 31
37 107
11 85
11 193
43 303
11 261
12 13
33 284
32 155
14 178
14 253
27 273
29 224
28 291
28 248
28 150
28 142
42 114
1 83
22 297
3 93
2 259
1 230
0 8
1 21
0 96
172 175
126 341
23 275
128 171
171 265
171 249
175 301
170 212
128 217
18 268
169 232
18 31
164 177
16 323
16 315
180 249
15 273
182 211
183 224
126 211
125 336
183 335
44 182
124 200
184 192
144 254
21 330
138 247
138 302
139 163
139 231
136 174
140 273
141 293
134 349
141 349
142 216
143 159
134 298
144 165
133 218
167 329
22 347
145 348
147 192
151 278
131 227
153 185
153 192
156 217
161 220
164 167
131 199
165 345
266 328
10 139
236 280
9 199
237 337
238 301
239 288
239 310
245 272
247 264
5 285
257 329
260 319
262 323
263 323
11 55
267 315
274 290
279 320
1 59
284 329
284 330
299 309
302 326
303 342
0 285
322 344
323 334
326 333
331 342
187 347
190 271
191 253
192 213
194 222
196 285
15 155
15 72
203 245
205 247
206 271
206 278
209 344
215 333
15 240
12 199
219 337
220 287
221 322
223 327
225 279
226 240
226 319
227 235
227 259
228 260
231 344
233 342
101 244
39 285
88 168
87 217
57 130
98 203
56 305
98 290
56 242
100 278
122 242
58 173
54 122
101 288
102 171
53 321
103 218
53 202
30 294
41 214
52 329
36 277
62 132
28 95
28 73
62 64
91 116
62 341
92 156
93 152
93 222
84 152
38 39
88 310
59 75
26 185
64 68
38 160
35 246
112 336
42 327
108 328
108 347
78 102
50 176
110 287
113 196
49 76
113 316
114 180
116 194
48 188
118 344
78 90
119 199
80 215
71 220
71 325
76 151
105 221
78 251
106 154
106 207
77 227
106 238
121 200
45 252
121 140
189 216
30 342
73 104
35 227
70 120
217 220
212 347
70 191
295 345
275 347
41 332
50 204
293 307
50 106
309 312
45 80
36 50
55 171
247 329
59 279
59 312
145 173
104 314
146 298
19 332
19 210
158 247
159 314
25 169
24 285
24 274
110 307
139 285
188 280
25 204
95 278
