68.248140
253
81
13
12818
207 312
90 316
79 214
285 340
269 332
118 129
66 298
132 322
33 324
202 274
247 313
124 270
110 194
65 315
11 225
253 282
91 253
214 253
0 253
230 253
131 172
79 172
172 314
114 172
306 327
312 327
101 327
150 276
141 150
64 150
150 303
229 242
88 290
55 290
29 290
198 283
62 198
198 281
2 173
329 337
80 243
59 337
138 248
133 173
112 248
104 173
130 248
52 137
155 328
95 243
116 137
92 137
23 243
46 328
63 328
240 337
42 220
82 220
220 298
49 226
226 300
202 226
86 209
86 340
60 86
75 280
81 280
33 71
41 177
71 261
32 250
250 269
17 177
68 250
12 71
168 215
215 325
181 215
97 252
50 97
97 196
59 94
39 120
120 264
120 330
123 148
148 216
15 148
7 78
7 195
7 279
7 311
205 251
105 187
85 205
187 291
132 187
151 205
18 19
184 192
143 210
53 197
178 236
111 182
162 178
223 232
182 339
140 143
232 344
134 182
135 232
19 91
72 184
124 143
117 197
19 237
87 184
24 178
197 277
54 57
54 61
51 54
38 241
241 254
98 257
98 165
98 218
98 204
247 335
311 335
44 335
168 335
199 296
199 263
14 199
161 212
161 345
25 161
48 73
73 285
73 119
146 222
203 287
51 287
44 287
268 319
189 319
172 287
5 89
113 144
113 348
76 108
8 84
4 30
9 77
89 349
108 221
4 139
93 152
77 127
93 179
4 208
77 186
108 310
70 93
238 246
84 166
84 278
89 193
26 238
238 258
102 113
7 242
7 198
3 313
3 304
3 302
43 115
43 163
43 259
190 222
190 320
190 219
1 322
1 158
1 167
99 315
99 262
99 231
234 317
234 297
284 316
25 284
56 284
64 284
160 260
149 271
34 286
121 342
6 301
6 45
31 227
6 211
34 267
34 122
31 69
13 67
31 336
164 331
160 323
160 318
13 27
149 159
13 347
164 324
10 307
164 200
149 256
10 183
121 188
10 153
121 206
94 197
274 343
39 343
128 343
157 275
90 275
249 275
11 142
142 341
66 142
129 136
136 273
136 332
305 317
289 305
305 338
29 305
35 123
201 233
233 235
30 346
28 296
120 287
89 94
10 242
34 242
146 182
184 287
234 248
154 253
22 145
224 229
145 218
125 147
145 194
176 297
176 255
191 299
110 191
191 230
157 170
174 265
37 171
16 309
174 207
16 225
16 268
37 203
20 314
20 292
135 239
201 220
58 86
115 326
288 290
94 136
97 235
126 175
175 338
151 334
150 185
58 143
103 128
97 294
35 178
228 327
58 241
146 160
146 149
28 232
198 228
185 328
96 173
243 266
40 137
77 234
215 288
94 308
226 293
217 279
21 337
54 294
245 280
71 96
250 266
148 293
287 346
177 244
108 201
120 244
198 334
28 93
47 205
169 187
164 234
177 326
146 295
239 241
40 73
84 224
109 113
217 280
238 244
28 275
213 234
190 272
99 272
58 74
28 83
1 245
83 100
107 333
6 47
106 201
31 169
36 308
121 321
13 21
36 106
107 295
109 142
107 154
321 343
58 191
180 343
107 156
125 170
