26.165362
343
33
42
6753
63 193
42 94
54 177
93 128
94 152
146 149
121 140
109 150
94 115
22 134
54 79
12 96
72 122
47 164
18 34
80 106
40 134
91 165
104 134
26 54
52 106
94 171
91 184
97 123
2 9
2 160
2 189
24 56
72 192
56 190
64 72
77 188
92 138
48 94
7 188
119 196
105 191
96 110
23 91
36 136
96 147
96 144
105 173
18 87
61 141
0 141
179 198
195 198
60 121
70 92
40 136
142 174
136 194
108 188
123 151
121 170
30 92
123 180
121 145
92 164
29 119
43 142
51 88
116 198
73 150
89 134
105 146
10 101
43 81
41 150
63 141
3 43
111 135
43 44
50 102
16 18
111 129
123 187
32 158
32 170
32 83
21 101
1 188
102 159
9 95
95 166
114 166
8 57
8 11
8 85
130 139
13 53
51 113
71 113
97 113
65 162
81 162
93 162
84 112
76 84
17 84
112 182
156 182
23 62
45 183
37 45
38 192
20 136
13 20
20 28
20 121
105 181
156 181
141 181
68 181
14 181
153 181
82 126
183 199
37 167
100 167
58 76
99 108
82 99
49 59
59 98
59 91
59 186
59 74
118 148
100 148
78 111
96 120
55 92
42 55
86 87
47 86
6 94
6 105
103 187
66 197
66 128
150 169
153 169
168 175
106 175
54 131
101 131
53 143
113 143
67 91
67 198
123 132
111 132
102 178
39 186
15 26
150 163
25 74
117 193
35 101
4 121
4 119
62 69
27 48
5 27
102 137
43 137
90 118
90 176
127 144
127 149
106 124
119 124
139 148
33 174
33 133
18 155
54 155
20 84
161 188
2 161
46 145
72 172
56 172
75 198
75 111
20 38
8 103
31 116
113 157
162 185
58 199
78 125
125 185
19 120
107 154
107 157
117 126
