12.518707
35
17
18667
44897
41 75
21 92
41 62
4 95
2 71
43 80
14 33
33 90
8 27
47 93
48 99
21 66
15 86
6 67
10 97
52 73
38 60
30 82
0 35
1 18
35 72
0 93
28 87
15 28
57 82
26 57
55 60
17 87
56 83
24 81
10 40
4 65
49 62
50 56
36 44
58 60
34 64
51 62
21 77
73 91
4 53
24 74
15 68
15 20
24 45
8 76
44 46
56 72
52 99
8 36
3 73
26 49
29 87
10 75
84 98
34 98
13 32
54 67
2 54
39 54
54 98
1 61
61 98
33 96
32 96
42 62
42 54
22 48
22 59
22 68
22 43
5 73
5 56
85 87
9 30
9 79
33 94
15 94
16 69
23 98
11 18
11 85
19 88
16 19
21 63
63 89
37 71
37 46
7 37
31 69
25 31
31 89
21 78
4 78
8 12
12 60
10 70
24 70
23 31
