93.080459
284
111
18
4820
217 392
340 359
260 392
407 427
213 427
101 427
199 436
43 262
167 237
254 459
149 157
71 344
49 409
165 468
224 373
424 433
143 392
288 424
158 409
326 409
161 432
277 339
0 339
96 122
216 359
52 359
238 499
445 459
373 424
480 499
187 434
52 409
112 409
40 97
241 295
6 151
156 394
269 499
42 157
20 434
28 459
82 392
1 186
68 193
193 311
67 193
193 458
233 380
96 253
96 323
33 96
232 494
278 494
222 494
344 404
215 380
334 426
248 424
276 434
157 349
10 347
134 404
184 380
327 427
380 400
105 459
404 449
249 347
139 347
85 157
147 195
4 382
56 382
176 404
54 90
70 90
90 306
165 452
21 452
44 131
227 452
27 131
124 131
36 239
239 289
87 239
163 261
245 261
49 261
250 414
147 250
141 217
314 483
19 141
314 337
250 274
22 141
186 314
141 170
223 314
92 391
92 265
40 92
50 462
443 460
460 497
129 420
14 460
125 474
322 462
128 493
301 474
387 420
425 493
242 493
113 420
456 474
385 462
111 190
190 381
190 313
333 455
226 455
39 83
83 235
83 153
297 459
188 297
2 17
17 287
17 203
154 240
117 240
240 275
37 363
32 37
37 285
303 378
378 491
294 378
160 357
91 133
357 401
210 466
109 444
201 296
121 210
296 428
78 357
293 302
194 210
35 133
133 304
177 444
444 471
302 384
145 412
145 465
145 403
338 463
174 338
338 386
256 356
12 256
191 218
218 477
350 498
176 350
350 489
263 379
379 399
379 481
15 270
15 435
15 490
15 451
271 291
271 402
151 271
7 231
7 205
7 418
7 319
58 469
58 381
58 281
58 270
72 197
72 206
72 319
72 470
178 266
178 369
178 439
189 408
312 354
59 189
189 309
354 495
152 461
86 120
86 167
95 152
81 86
316 412
3 316
316 422
152 188
65 484
23 65
65 441
162 371
162 339
162 330
114 222
162 473
114 478
114 208
114 310
300 305
51 300
300 418
37 83
24 396
164 446
264 290
252 416
132 283
221 432
89 137
164 325
94 164
79 286
9 24
148 183
148 365
41 252
57 89
110 148
100 476
252 440
264 282
221 492
132 146
221 317
89 342
29 100
79 273
100 437
24 318
132 143
332 464
308 464
329 464
229 464
46 138
46 349
46 343
115 294
115 142
48 115
88 307
185 307
123 225
123 388
123 127
267 315
88 267
219 453
448 453
34 361
34 196
34 395
77 430
77 180
77 140
92 307
295 475
328 475
257 488
60 324
60 366
69 159
45 320
25 351
84 106
45 335
38 468
25 64
84 390
45 99
5 487
25 171
5 485
69 126
60 364
38 234
38 438
5 66
257 259
257 360
69 321
84 450
31 130
358 447
24 297
208 442
14 442
442 499
26 75
71 75
55 413
398 413
429 467
352 467
30 462
107 166
166 358
166 429
61 96
48 61
200 330
190 447
211 236
43 211
156 211
59 108
53 424
292 410
410 435
98 394
98 254
1 298
212 298
193 383
284 377
193 284
284 436
13 284
135 207
207 219
207 426
118 336
6 118
118 389
172 243
172 223
172 494
172 400
60 297
239 376
62 250
141 376
92 118
367 427
133 447
80 392
239 370
18 382
23 482
430 482
159 258
66 244
73 97
73 332
380 431
157 198
200 455
102 377
102 251
196 341
404 479
16 409
280 339
230 494
90 421
63 241
63 415
63 224
397 434
96 397
368 452
74 486
74 235
76 246
8 214
173 202
173 262
76 433
8 199
116 347
76 327
116 131
261 299
200 210
37 345
279 420
55 355
355 499
308 375
297 393
108 145
103 314
423 493
104 256
103 474
323 372
174 268
268 382
90 372
89 442
182 289
96 136
155 229
119 326
178 345
179 347
86 272
189 406
152 383
271 454
11 336
178 454
16 17
61 114
296 431
61 79
65 108
108 162
104 252
302 479
280 357
53 148
145 341
230 444
264 345
27 247
247 382
378 405
240 423
30 34
7 80
72 367
218 419
93 339
93 481
18 58
198 379
46 345
350 405
221 370
413 447
47 117
17 144
181 354
192 316
155 302
258 264
300 348
38 200
354 375
164 405
100 116
30 362
179 256
30 228
47 190
393 447
11 218
331 442
130 255
123 419
61 457
272 457
108 353
84 421
25 368
257 348
5 299
45 181
175 200
175 496
115 182
168 406
115 119
168 204
204 255
374 417
207 244
209 220
346 417
16 220
62 209
279 298
169 411
331 411
346 405
413 472
150 298
