33.040476
1
54
0
12586
129 235
43 165
137 143
134 240
134 197
133 284
133 260
129 288
129 262
47 50
41 235
128 156
127 189
123 170
123 168
50 85
50 145
51 271
120 274
34 115
153 192
27 225
152 240
28 186
28 220
28 277
29 156
147 240
31 198
120 256
36 273
37 111
143 163
142 255
140 271
41 172
41 204
41 209
91 138
69 93
100 201
70 272
100 101
98 196
74 196
93 207
76 136
77 107
68 133
79 152
79 184
79 228
80 136
90 238
89 93
86 115
84 140
59 215
120 175
55 194
115 142
114 277
113 176
57 245
110 179
110 157
108 295
140 279
60 189
61 225
62 156
63 198
103 237
102 110
100 289
67 111
204 243
4 100
176 257
176 285
241 293
19 192
233 295
192 240
192 286
6 192
196 246
7 193
16 240
4 214
223 263
223 232
204 266
221 295
204 274
205 225
11 129
216 295
215 234
214 230
214 294
162 226
23 210
23 131
273 299
23 124
165 239
164 223
273 292
24 214
3 111
4 93
165 265
106 188
268 287
106 215
104 150
219 222
109 213
87 264
215 269
87 254
276 293
155 275
236 297
93 229
94 229
95 110
95 196
97 104
97 105
247 251
92 299
237 296
291 298
233 296
231 253
248 251
250 280
253 290
255 291
229 238
104 188
105 287
165 268
135 296
136 185
138 280
139 270
140 269
173 282
173 250
171 249
171 248
166 204
88 180
141 268
180 197
143 182
143 212
143 281
144 178
144 242
145 212
150 270
159 258
158 295
158 225
156 202
200 211
208 242
115 202
206 252
116 298
118 229
119 122
120 171
120 261
122 141
204 224
123 161
111 187
123 174
123 218
124 132
125 252
199 223
198 203
194 253
129 268
132 278
183 273
182 192
38 247
21 91
22 211
22 259
23 269
25 79
25 128
25 133
26 189
28 146
30 41
30 136
83 278
38 108
21 42
39 258
40 169
42 65
43 48
45 236
45 267
45 295
46 231
48 206
50 66
51 219
52 118
52 143
0 95
1 149
1 162
1 193
3 20
4 154
4 161
5 176
7 219
8 39
9 95
10 72
32 208
12 129
13 28
13 189
15 104
17 102
17 254
18 181
18 227
18 272
20 283
21 33
55 171
56 99
56 245
57 180
58 78
58 90
58 241
58 275
64 198
65 190
53 144
66 112
70 148
71 116
73 79
73 111
75 132
77 160
81 83
53 224
18 26
95 191
72 296
14 21
14 182
96 151
199 276
96 261
213 244
49 160
49 132
191 218
183 217
182 219
177 182
54 229
82 269
2 22
82 159
2 203
121 132
92 130
5 39
12 195
117 281
148 167
146 171
35 44
35 130
44 64
104 244
169 195
126 154
151 217
