76.227136
121
82
7
32264
42 70
107 221
161 236
19 192
196 273
185 272
98 188
188 261
138 188
19 183
11 183
92 183
142 283
73 283
183 193
236 283
136 212
212 297
212 240
162 184
72 162
222 242
15 162
162 228
131 222
171 222
60 274
192 274
90 274
84 203
84 109
16 84
144 229
4 55
144 213
144 230
55 159
55 148
88 144
103 243
103 287
6 147
147 230
147 241
32 103
103 153
195 215
157 290
46 290
184 290
190 282
99 276
77 102
125 267
206 284
176 226
104 284
113 282
280 284
33 294
200 260
154 226
291 294
133 164
237 260
112 276
244 282
53 252
174 252
35 279
29 294
239 277
114 252
52 246
43 102
42 279
20 267
164 233
170 277
165 246
141 267
12 85
1 85
87 224
67 224
101 279
168 277
83 102
8 246
173 224
121 276
161 164
2 260
39 85
118 221
74 118
24 118
91 217
91 266
116 187
116 259
91 135
116 293
98 191
59 191
191 256
209 278
56 209
11 209
180 210
145 220
18 182
220 299
13 41
5 182
167 202
41 185
81 210
225 249
120 205
37 225
194 264
198 225
111 202
182 208
40 194
202 248
205 265
134 194
76 220
86 205
210 245
7 41
96 272
96 296
45 96
34 238
65 186
30 214
115 271
3 71
71 197
65 196
28 97
10 218
214 231
207 255
28 152
207 273
124 137
207 258
17 65
9 10
10 106
66 115
27 28
238 295
238 285
214 269
115 223
137 250
137 160
71 199
107 216
80 216
32 216
49 254
130 232
181 229
50 268
38 47
119 211
38 215
119 286
119 127
38 288
57 163
57 275
31 263
21 128
14 155
14 150
21 61
110 262
110 156
44 89
22 25
57 75
14 36
110 140
31 143
22 253
22 82
93 251
44 123
23 68
23 51
93 122
31 292
44 94
93 158
23 172
21 227
177 281
189 281
70 281
201 204
204 268
55 212
0 270
0 129
116 283
84 147
91 222
146 257
232 257
195 246
132 284
181 283
212 234
139 177
48 127
78 212
219 270
132 210
179 222
50 162
10 195
188 298
64 267
181 290
78 276
58 183
181 224
166 277
38 132
31 195
50 91
95 102
63 294
63 85
178 282
64 202
49 191
179 194
117 225
41 117
95 116
166 220
26 144
55 105
147 175
103 175
169 214
169 207
63 182
178 205
28 78
195 247
50 65
79 252
79 279
260 298
54 96
49 78
54 137
64 119
49 130
71 178
95 115
21 169
100 226
48 188
54 62
118 149
23 179
44 117
62 95
62 63
151 234
100 209
54 110
166 281
69 179
64 235
69 166
181 289
50 235
62 108
149 238
22 26
57 105
178 247
58 93
14 100
132 219
219 226
100 289
126 151
