20.432334
686
27
12
16768
67 129
19 27
87 114
60 114
72 114
16 85
35 114
99 116
68 72
57 68
68 145
68 152
54 111
54 139
54 108
54 55
54 135
8 92
79 92
20 130
130 140
29 130
33 122
12 33
33 78
32 89
32 83
32 105
32 42
32 138
102 151
14 151
76 151
81 136
1 81
123 141
39 123
123 133
85 91
74 91
91 125
7 11
11 104
11 70
11 47
33 68
92 130
36 103
90 100
103 148
144 150
90 143
101 144
59 90
48 61
48 87
44 48
81 123
56 132
9 110
25 137
25 158
9 129
56 63
23 56
25 146
34 155
34 121
6 119
6 57
84 138
6 30
84 127
84 99
70 71
52 71
71 133
111 112
17 108
17 128
17 75
15 64
15 116
19 147
106 113
97 147
18 113
98 124
82 124
47 120
37 53
53 66
31 97
28 68
0 77
0 66
0 128
2 51
2 127
2 59
2 153
0 69
88 142
115 156
10 115
27 40
142 149
40 43
24 106
32 112
38 105
107 159
86 93
62 151
98 154
14 154
62 81
52 96
88 96
33 117
92 157
58 92
73 130
80 91
65 69
41 114
123 134
4 51
4 10
31 103
56 126
6 71
90 117
81 86
24 144
134 144
50 146
11 159
3 17
48 73
28 131
118 126
5 32
6 80
25 157
84 109
9 94
34 94
49 120
34 96
21 49
50 103
45 71
17 46
3 22
95 118
13 109
38 95
26 46
