9.082006
51
21
5184
17613
5 141
118 141
2 51
3 35
30 140
45 148
70 148
23 97
30 81
55 142
30 96
126 145
67 119
8 113
139 149
134 155
63 144
109 150
46 97
8 88
39 63
20 97
61 104
58 104
97 105
8 43
31 142
52 70
83 141
112 115
8 119
27 145
25 109
116 148
106 125
23 151
21 49
94 159
2 53
7 145
54 63
69 92
111 150
31 40
96 124
124 138
101 124
12 79
0 148
0 104
33 128
38 67
34 38
75 132
40 75
124 146
87 137
87 132
87 120
80 87
29 122
62 154
100 131
42 115
44 88
44 127
12 77
48 104
48 93
32 48
24 63
16 128
121 148
120 121
33 37
33 38
73 127
3 82
82 122
82 91
95 114
41 95
95 112
125 135
47 104
79 135
50 131
38 42
50 146
87 136
77 136
11 41
11 49
9 22
60 92
2 130
63 130
48 73
29 108
9 100
24 82
16 108
57 93
60 99
57 99
89 150
82 89
14 30
14 64
19 30
13 33
19 59
18 52
18 152
18 157
18 153
76 78
28 76
20 76
103 157
85 103
18 59
94 143
4 143
62 76
72 97
72 144
86 98
86 137
1 154
1 4
64 129
129 133
110 129
65 117
117 158
117 139
74 129
56 134
56 158
33 117
6 145
6 150
141 156
26 145
26 84
66 133
66 71
17 25
17 90
15 84
15 68
36 147
36 155
10 55
10 123
102 123
102 107
13 156
