12.000000
151
29
0
35750
131 189
88 152
17 126
175 188
143 152
114 177
15 41
69 114
68 134
10 189
102 175
112 189
56 78
93 114
56 148
24 124
56 166
40 134
41 60
41 67
4 106
1 142
122 126
51 108
1 101
34 41
117 172
117 197
50 117
29 126
4 190
78 173
5 108
110 126
83 111
41 182
41 96
54 144
105 126
107 115
43 104
47 185
44 65
36 195
121 164
32 152
33 35
33 153
36 70
36 83
36 116
117 118
41 48
37 125
38 49
116 147
114 167
113 140
38 197
39 74
39 160
76 111
70 193
71 169
71 170
72 130
72 145
89 161
89 105
75 108
76 117
76 124
76 154
87 108
87 91
86 168
85 171
84 87
81 175
59 115
52 145
53 180
54 60
103 149
100 179
0 84
99 159
57 86
59 90
48 175
61 192
94 152
94 100
93 163
63 117
92 189
64 186
18 85
7 150
135 157
8 146
20 189
136 155
9 29
9 149
9 155
170 199
137 191
138 151
139 160
19 158
18 141
8 52
140 173
169 192
31 195
14 36
168 179
14 22
165 193
164 183
161 198
12 198
152 196
12 46
159 183
7 75
31 42
0 119
1 32
30 94
1 194
2 85
2 169
27 154
3 86
130 139
27 56
26 121
26 64
3 128
25 97
25 53
24 129
132 137
23 91
4 123
4 61
23 66
132 199
6 161
134 174
80 191
187 193
160 163
162 170
167 169
150 176
90 183
128 185
109 194
135 156
135 147
133 193
129 158
127 174
127 150
118 120
125 178
123 161
98 162
95 135
156 169
96 153
151 160
150 182
94 170
25 184
21 104
21 183
22 178
23 44
25 133
28 81
28 82
11 176
9 181
11 55
13 16
16 187
20 76
58 184
62 63
62 99
73 141
55 80
77 150
79 135
45 136
