39.058333
1
56
1
27096
162 221
196 268
198 209
21 38
20 96
19 88
242 275
209 282
239 274
258 268
218 284
249 254
221 257
223 230
12 215
12 220
15 250
69 160
118 205
118 159
44 166
65 189
65 216
66 209
116 238
68 98
12 296
70 155
115 239
17 257
180 299
182 219
25 96
7 180
178 259
174 204
3 216
173 200
29 180
171 219
170 238
283 284
2 231
31 53
170 237
1 160
168 265
279 291
28 161
180 220
138 256
152 265
31 89
180 288
174 242
4 284
5 20
5 31
29 160
231 289
231 267
232 259
231 262
14 63
14 126
14 280
15 58
36 226
57 139
57 285
57 292
155 209
35 42
35 108
35 127
36 59
56 64
37 242
38 85
38 201
40 43
125 257
43 120
43 281
118 266
130 180
54 186
54 179
54 145
138 197
46 264
138 271
50 65
48 188
48 184
48 165
147 170
151 164
152 263
64 86
88 94
94 135
82 109
83 268
0 40
91 268
86 148
86 210
86 245
155 195
64 222
58 207
58 270
61 249
121 155
119 294
44 79
95 113
115 206
44 248
45 91
46 204
46 225
80 94
113 228
73 180
103 115
99 152
98 286
98 224
96 133
111 249
113 190
64 190
33 123
33 202
82 92
34 92
36 177
45 234
72 153
54 276
138 244
137 209
208 279
118 146
212 234
123 208
223 261
75 90
46 146
77 261
74 278
31 137
26 74
77 234
23 105
18 114
16 146
72 151
13 114
13 110
13 39
11 74
73 177
72 112
3 74
261 286
247 272
115 276
217 261
57 137
244 257
152 276
92 167
104 234
177 284
90 124
8 297
47 170
6 194
48 240
49 196
0 213
109 192
51 164
52 173
249 253
52 119
67 219
233 268
62 288
117 199
81 98
62 116
65 175
76 191
28 260
294 297
76 262
19 213
96 154
16 255
255 298
55 242
94 102
12 154
128 269
134 213
86 100
130 252
128 251
180 253
153 297
229 235
60 235
161 235
163 260
169 295
84 252
158 200
158 176
157 260
155 214
140 277
32 49
58 71
43 67
41 51
38 100
240 259
55 231
35 214
175 268
136 257
142 194
140 168
199 230
143 150
192 274
149 190
190 203
72 190
75 132
132 259
60 293
79 243
107 113
101 107
96 243
64 106
93 141
110 211
187 269
183 218
157 187
160 172
122 165
122 251
212 293
36 141
31 144
87 183
14 22
6 246
10 30
10 93
11 246
22 257
24 219
31 211
33 244
190 241
105 244
137 208
156 276
13 146
92 203
261 290
33 71
27 247
131 185
208 236
18 181
213 244
18 97
97 290
144 190
190 193
169 233
27 131
47 150
149 287
208 227
18 129
72 78
185 273
9 156
193 273
