33.449195
95
54
15
2725
162 202
34 339
165 218
19 244
119 222
181 300
132 222
214 254
74 214
72 222
52 300
214 294
204 300
28 320
127 202
134 236
236 279
137 236
91 126
22 299
45 126
216 299
291 299
39 126
176 210
256 332
78 267
148 267
115 267
166 223
118 157
209 282
7 335
14 187
192 300
210 245
17 210
90 210
66 77
29 107
86 107
77 169
77 207
164 213
197 315
50 73
52 305
73 321
73 206
73 87
151 281
246 281
38 324
186 324
189 227
62 189
152 189
84 105
84 122
84 290
19 84
94 303
196 303
56 259
56 322
101 275
275 318
249 275
109 287
109 336
109 333
16 240
240 263
240 276
205 323
42 205
205 229
33 230
33 235
33 147
33 185
89 116
116 237
116 143
13 70
13 123
13 292
13 313
2 142
2 314
2 248
173 194
173 257
26 173
117 153
117 301
37 117
71 337
252 337
313 337
111 337
108 310
157 310
75 277
75 100
70 82
82 283
1 139
1 135
1 54
174 251
115 251
126 190
190 338
108 190
219 295
34 295
67 222
67 211
67 112
67 73
6 345
315 345
129 198
179 198
198 334
211 265
217 329
43 329
79 265
99 265
158 329
164 255
128 255
167 252
184 340
184 343
184 215
170 269
15 222
98 232
134 191
121 219
120 121
104 325
193 319
77 311
178 311
293 311
311 344
63 344
92 185
92 280
92 130
54 102
107 260
212 260
49 103
103 229
96 175
147 175
60 175
144 283
28 125
125 307
35 327
118 327
36 221
36 165
51 187
87 349
236 349
61 97
83 141
57 114
228 270
99 228
107 272
244 328
328 348
242 256
171 242
182 290
182 258
182 197
267 302
281 302
56 255
0 120
0 195
77 286
204 297
236 271
58 271
150 271
41 188
226 285
297 320
226 326
306 338
233 306
112 226
172 226
32 178
9 95
57 298
90 224
14 298
12 214
149 274
95 131
298 347
274 348
224 247
154 202
88 264
69 334
69 218
88 146
88 305
55 69
214 241
241 325
69 234
155 189
13 168
2 67
59 304
304 335
39 243
156 262
83 262
146 309
58 225
237 243
17 140
207 284
33 68
55 64
64 73
64 296
203 275
101 110
158 288
4 303
281 288
179 266
266 267
84 124
109 286
53 111
48 324
138 200
138 223
7 23
163 166
11 270
130 180
11 133
40 308
163 209
98 163
93 282
23 278
23 289
76 93
40 213
180 261
278 341
117 199
1 190
5 300
136 167
53 303
124 205
276 312
312 336
195 220
220 231
109 225
15 190
107 331
202 342
202 273
107 317
183 285
9 317
8 250
20 171
8 77
32 173
25 346
5 56
106 136
199 265
48 116
25 324
63 104
92 319
75 154
67 161
3 337
190 328
97 168
145 214
145 238
44 291
44 62
284 337
10 329
31 121
64 75
18 33
175 203
268 272
65 121
155 255
188 311
24 102
110 136
144 253
27 268
47 136
68 316
2 30
65 114
106 160
85 182
31 330
85 330
46 253
136 159
47 184
167 341
4 88
198 208
198 331
21 167
167 201
113 269
232 239
12 163
20 161
81 141
80 328
177 271
140 177
18 113
81 183
