47.140843
861
51
5
34423
27 193
14 165
83 105
1 11
64 108
96 108
108 182
108 112
66 170
164 173
168 173
118 173
173 192
159 161
151 161
22 161
44 145
145 169
18 145
51 145
25 133
106 133
133 191
94 128
75 94
8 94
61 121
7 61
61 111
34 61
147 160
63 118
147 190
63 110
28 63
63 156
147 193
83 196
116 196
75 196
66 196
69 153
27 153
87 153
31 180
31 125
31 120
31 107
33 166
14 197
46 197
155 166
24 197
11 166
177 195
18 154
98 154
154 188
152 195
135 195
29 114
114 164
59 114
12 78
78 148
7 78
50 67
19 67
123 137
21 178
132 141
89 178
60 141
67 142
141 157
137 175
13 134
134 136
70 137
178 194
26 134
49 144
37 158
80 140
62 80
80 125
9 52
40 55
45 179
9 39
57 73
55 68
45 129
55 126
30 82
32 93
35 45
23 74
6 32
124 167
82 185
124 139
74 115
74 99
82 113
71 124
32 131
73 165
73 199
16 119
16 143
16 189
15 58
0 88
47 109
47 92
53 163
0 101
15 17
15 42
20 138
36 90
3 10
36 48
104 183
47 184
20 181
20 176
104 187
0 95
3 117
53 97
3 91
36 41
104 122
53 174
65 96
1 65
5 77
77 105
108 161
2 103
2 37
81 149
43 121
45 170
124 170
31 127
150 161
3 170
72 173
146 170
67 127
127 134
144 196
84 178
145 162
61 100
78 144
4 133
73 84
54 158
86 147
127 172
63 102
80 130
79 153
16 144
55 150
32 130
56 82
54 72
197 198
154 198
86 114
4 166
0 150
72 74
104 130
102 195
47 56
149 170
158 186
146 150
141 198
137 162
36 72
56 186
133 171
85 94
15 100
20 79
43 147
85 127
4 53
38 198
4 38
76 158
9 171
