23.000000
304
44
0
22431
88 190
74 86
75 198
77 190
78 129
82 85
84 90
86 209
88 130
70 161
89 161
92 105
94 123
98 112
98 148
98 151
98 235
47 215
28 185
28 198
30 204
34 198
36 106
39 211
41 176
45 176
99 229
48 75
52 157
54 146
56 212
62 176
67 243
68 231
182 198
150 161
152 190
155 204
161 212
161 226
166 178
174 231
179 198
146 193
184 231
185 232
185 239
185 248
192 193
205 211
241 243
122 223
101 231
105 131
106 160
106 247
111 129
122 197
122 200
122 203
1 52
123 211
124 215
132 240
138 215
143 170
144 204
146 169
16 25
13 240
20 159
5 53
3 86
25 113
19 221
19 217
14 98
14 198
15 170
7 55
1 227
1 222
0 7
7 58
21 114
26 133
19 118
115 218
80 178
12 198
98 230
121 140
100 180
119 206
116 149
101 187
114 225
11 80
104 242
105 110
10 107
109 121
121 228
106 172
10 140
97 99
81 220
18 94
83 237
18 87
84 186
85 189
18 23
86 230
86 244
97 243
17 210
90 187
91 145
91 189
95 116
96 125
96 183
27 225
97 231
189 246
170 236
172 199
173 191
176 202
177 229
180 194
2 125
185 201
2 115
188 191
167 170
190 249
1 156
1 110
206 215
207 214
208 224
211 230
214 218
228 234
233 243
6 65
8 35
7 249
127 240
129 201
135 207
136 161
142 153
142 199
122 137
6 31
145 148
145 196
5 104
147 240
4 216
4 164
159 195
4 7
163 186
166 208
60 160
34 93
64 187
63 81
25 219
22 93
48 154
35 192
49 59
80 82
25 172
43 180
37 154
43 104
42 204
61 231
38 74
59 235
51 65
53 96
40 105
40 211
59 133
58 168
21 33
24 236
42 146
23 35
29 188
24 97
18 213
31 245
32 51
32 119
32 175
19 102
47 177
33 164
72 145
72 104
69 121
44 161
66 236
71 96
70 225
145 168
149 237
44 158
46 95
147 225
127 139
4 162
181 195
29 165
210 238
187 202
35 79
35 117
181 219
156 167
171 238
38 128
42 57
158 172
95 162
61 76
60 171
102 136
103 108
103 117
81 120
81 236
79 121
73 234
73 141
95 134
126 230
9 97
50 187
137 233
46 165
