14.626225
29
30
12
411263
13 68
27 87
23 130
9 71
71 141
78 135
81 135
38 80
22 167
84 95
27 107
19 38
38 132
83 113
126 139
36 75
13 116
85 163
12 85
40 177
40 140
51 119
53 107
132 139
99 104
31 84
124 135
85 129
0 71
35 130
20 137
30 120
30 67
66 104
71 101
27 143
133 139
107 166
94 125
38 71
17 27
128 143
92 104
118 139
113 151
8 113
55 104
139 165
86 130
107 144
27 159
84 159
21 179
174 179
9 179
72 162
51 162
152 162
71 103
73 156
7 156
138 156
60 156
38 156
82 102
43 102
38 131
15 45
45 152
39 45
43 147
65 147
22 147
104 176
119 176
42 100
39 106
106 125
10 106
69 113
30 69
21 44
56 73
41 56
4 13
107 171
131 162
45 144
2 175
94 175
28 164
84 121
30 160
66 114
13 164
135 164
117 121
47 110
28 110
110 178
104 123
36 149
40 49
103 147
105 109
154 155
46 47
90 122
79 82
79 98
93 141
74 93
60 161
13 52
110 144
61 150
27 61
100 102
18 134
134 154
134 139
20 134
89 96
32 89
89 137
89 169
16 146
5 150
16 42
5 54
70 85
1 136
64 170
64 107
50 64
91 170
91 115
163 173
77 111
30 33
10 33
33 86
24 156
34 40
34 76
102 109
55 59
59 112
11 130
6 175
57 105
1 144
45 49
58 83
48 62
97 104
62 107
45 142
88 172
88 178
37 98
106 108
3 153
3 48
25 174
25 157
158 179
173 176
149 161
168 171
52 122
14 46
29 147
148 176
77 123
26 175
114 127
110 145
14 63
