73.371446
82
103
88
52441
202 257
16 81
292 364
44 299
162 226
300 413
16 281
177 431
54 86
155 308
228 277
131 394
198 288
239 326
275 338
78 128
21 177
221 395
277 443
154 386
238 301
366 369
183 263
87 435
87 419
155 293
160 172
36 147
218 294
338 389
428 438
156 366
205 214
141 271
134 219
6 372
63 276
234 355
379 395
151 396
299 302
95 287
102 254
130 211
226 334
96 308
215 416
375 424
33 52
206 293
49 405
97 353
106 329
39 211
62 336
42 349
30 190
195 319
235 337
12 431
31 166
0 99
307 367
49 380
274 341
103 221
166 251
94 272
160 164
69 271
88 214
268 443
75 349
295 336
109 352
3 232
72 397
53 263
21 282
138 376
279 366
7 367
182 185
256 328
12 67
93 160
16 270
94 401
92 100
217 336
235 324
114 410
84 263
92 264
303 415
94 365
216 227
208 314
421 426
131 352
163 331
280 303
13 128
0 429
30 329
329 446
271 375
221 310
208 318
326 430
21 269
101 112
173 349
63 70
216 234
116 228
50 439
119 256
196 376
273 292
58 344
92 145
215 265
345 384
240 249
228 316
344 434
112 168
84 173
84 215
122 444
232 247
257 359
154 184
49 111
133 219
68 226
190 372
377 441
107 443
230 371
186 288
47 379
72 312
242 309
223 439
126 434
180 384
296 393
305 447
26 421
124 245
187 214
157 215
188 321
214 390
100 308
257 428
118 396
49 314
144 201
191 444
20 378
130 287
5 442
126 232
288 418
66 278
37 235
24 344
146 236
362 405
211 322
150 439
282 396
158 166
20 353
263 376
384 408
209 260
57 235
154 327
112 165
84 299
35 219
288 441
41 358
224 299
258 329
56 372
280 323
27 236
340 396
289 410
86 298
92 315
21 448
118 381
42 168
212 231
176 280
200 326
72 355
5 387
63 262
411 421
28 331
259 260
64 338
286 419
74 254
33 221
20 38
291 383
391 443
65 296
47 98
47 192
294 427
181 197
113 296
256 283
41 286
367 414
342 413
136 309
250 260
121 263
33 178
36 383
390 444
208 233
41 348
170 293
45 292
86 337
12 159
140 308
225 383
132 381
271 420
181 287
254 402
230 290
85 87
313 376
11 216
0 90
77 410
381 436
41 129
144 424
294 449
23 33
1 236
222 309
33 259
148 331
144 398
5 19
413 417
399 433
321 399
17 399
357 370
253 357
245 357
409 423
231 409
149 409
107 139
122 139
184 229
213 220
305 360
169 360
84 320
383 385
78 373
236 373
59 276
306 433
19 59
117 152
152 278
69 152
229 311
325 369
91 280
31 48
48 51
48 404
304 352
244 402
266 280
77 266
347 432
344 432
216 406
63 317
367 407
142 407
185 407
154 332
225 332
15 347
15 188
15 308
15 43
15 22
46 427
80 388
46 333
80 328
80 142
149 261
261 393
49 261
332 357
332 409
32 330
82 171
125 171
171 212
171 243
72 135
182 284
284 362
237 284
174 249
174 363
124 174
123 343
123 125
266 311
204 410
120 415
120 242
120 351
120 238
4 443
4 309
4 272
4 221
263 339
338 339
5 339
210 358
108 210
210 394
60 301
60 106
9 60
230 356
94 356
76 376
76 352
241 341
241 267
29 214
115 208
287 425
84 425
167 329
16 167
89 382
41 382
367 382
207 288
207 444
246 274
246 280
246 346
236 297
297 336
326 440
86 440
384 440
20 297
153 193
332 360
199 271
199 293
105 280
105 308
143 377
143 161
34 228
21 34
194 324
128 194
83 384
83 232
97 104
104 445
261 335
48 325
193 220
48 91
153 204
350 366
55 252
55 197
175 374
71 79
79 213
73 403
32 360
135 422
332 374
137 432
152 406
339 403
244 304
8 421
255 361
255 438
47 400
400 413
8 166
89 255
226 285
144 285
46 385
189 203
40 317
189 437
29 203
25 195
25 179
10 254
10 219
61 447
61 110
18 22
18 368
2 349
2 292
412 439
381 412
392 396
160 392
14 92
14 331
127 354
127 319
0 248
248 287
25 139
