26.409494
31
62
3721
15590
31 130
120 219
35 113
238 285
63 223
46 63
84 101
91 269
52 293
66 216
136 148
252 265
40 202
6 151
117 135
91 140
85 216
6 183
123 192
117 247
122 160
192 243
70 117
93 148
110 154
0 153
140 197
159 279
32 293
199 292
3 129
35 62
3 146
91 225
263 293
85 113
99 254
217 252
3 208
6 262
165 273
101 268
82 179
204 281
24 264
158 173
114 207
207 259
41 252
41 117
113 207
41 210
207 298
216 254
179 198
159 179
73 272
12 200
90 200
138 200
200 225
144 200
201 272
3 237
19 240
251 263
48 177
141 215
37 181
82 234
141 296
2 197
167 240
38 60
28 198
211 216
148 221
177 227
161 284
20 287
102 174
7 252
61 216
104 140
120 180
45 143
176 182
6 144
62 202
206 287
229 235
194 295
214 295
122 141
4 295
178 283
71 137
222 285
143 275
140 263
67 128
177 257
63 291
5 14
240 280
234 235
73 183
156 165
8 173
14 298
90 290
208 231
128 213
202 283
75 186
82 261
3 221
83 161
75 244
161 168
106 165
108 287
181 194
42 192
58 113
76 91
141 157
4 192
49 252
23 192
134 173
102 295
167 256
42 198
100 197
106 226
82 133
38 218
182 282
17 160
275 282
160 162
31 292
2 148
39 299
77 181
231 292
120 233
177 251
39 159
29 183
10 140
99 183
159 178
145 198
24 286
6 250
232 298
128 170
24 241
22 285
114 228
228 260
55 67
79 267
267 299
190 243
0 267
195 298
57 75
57 138
98 263
98 124
131 201
9 179
9 22
147 154
38 147
147 278
177 193
55 57
158 193
189 211
184 289
230 289
194 289
187 248
51 289
94 201
191 195
95 127
95 247
8 95
30 95
116 262
207 209
210 258
205 249
94 155
116 141
22 249
36 162
36 92
34 158
34 43
34 256
34 38
203 285
232 271
119 283
47 141
179 220
80 160
97 188
97 209
175 294
137 294
224 294
44 259
44 224
89 281
24 89
29 89
89 105
63 172
172 192
74 246
74 92
65 128
163 165
163 240
174 185
21 121
121 267
96 252
109 176
109 199
139 183
72 139
139 253
41 56
171 279
112 171
18 68
3 18
266 278
69 140
107 201
47 270
1 69
216 242
149 172
26 49
72 166
88 124
152 164
78 110
78 111
11 274
11 111
96 152
277 297
13 277
149 277
54 239
54 230
16 27
16 45
196 255
196 297
25 241
25 212
118 221
118 169
81 127
81 120
5 87
87 115
87 187
132 142
132 237
33 276
33 164
53 126
53 248
59 204
59 125
86 112
86 101
103 263
236 272
15 245
103 150
64 288
64 153
236 287
15 55
50 101
50 161
