106.719771
107
113
148
67503
89 383
22 230
138 381
265 315
246 363
392 394
141 200
239 302
117 267
122 145
77 191
49 224
134 392
27 273
100 257
71 172
33 44
270 313
50 290
385 397
300 324
253 287
97 240
59 243
108 195
126 269
9 238
257 377
193 295
199 372
123 306
88 295
273 398
175 223
50 84
66 115
50 256
65 289
156 195
203 221
271 356
60 133
76 284
6 218
248 279
142 338
127 191
248 273
214 265
57 258
285 344
47 189
21 286
265 332
21 341
21 243
95 117
205 320
80 131
231 271
6 93
161 229
104 210
207 375
335 388
112 396
231 381
187 372
182 322
149 200
68 147
264 340
307 396
225 260
164 214
185 252
176 205
145 212
70 333
283 389
111 313
91 291
259 274
130 136
84 142
86 161
191 372
130 145
21 370
142 373
3 72
264 272
225 248
104 128
104 286
60 333
86 144
14 389
26 205
182 309
136 346
46 262
46 337
13 211
235 325
13 272
127 386
195 272
46 357
161 234
6 254
46 93
3 280
127 140
161 328
29 36
127 318
110 126
142 360
3 35
13 237
104 158
13 275
6 143
169 189
153 364
196 397
173 321
196 366
48 392
146 189
23 287
76 93
76 316
28 223
246 339
125 274
83 310
197 364
90 230
123 124
53 289
291 352
147 281
285 374
163 383
56 116
247 372
172 303
172 256
56 181
183 273
41 399
73 97
214 297
316 358
242 257
220 389
126 170
336 381
179 326
96 97
359 381
150 264
2 155
81 271
181 268
236 310
101 231
155 178
155 382
159 266
116 129
24 173
321 391
87 380
188 345
109 238
135 167
11 396
180 181
94 171
230 368
101 102
257 368
101 355
188 226
55 77
219 298
255 353
204 207
215 289
136 393
69 324
204 285
41 151
38 361
77 331
19 335
52 295
135 141
297 343
132 165
131 137
162 325
132 227
195 232
54 352
18 144
4 164
120 271
12 116
198 390
310 348
62 179
20 279
160 172
24 380
34 335
84 198
252 293
205 355
208 309
40 325
205 216
48 197
299 383
31 50
45 285
364 387
82 313
8 279
116 314
147 334
25 321
33 51
196 277
92 207
194 324
215 310
361 365
286 287
78 246
95 306
41 349
49 244
319 380
45 392
106 198
154 252
255 301
115 342
225 249
288 297
126 204
15 29
113 149
302 382
203 250
17 49
115 305
67 203
34 62
255 385
139 203
29 215
147 351
119 238
5 207
123 330
144 378
145 282
121 135
298 323
241 279
202 302
137 265
99 274
16 164
60 367
130 396
265 350
174 258
76 79
64 136
17 196
70 298
1 223
7 164
74 264
149 276
43 117
94 376
213 265
105 181
206 302
152 352
258 354
94 176
38 307
85 225
56 321
107 324
245 361
101 177
361 368
188 358
86 188
107 115
107 205
380 382
29 317
157 182
155 190
59 77
42 144
230 296
67 149
91 289
97 281
192 297
287 379
77 263
198 217
179 308
33 208
63 131
103 223
103 313
118 132
131 261
67 258
186 395
278 395
281 395
201 395
209 384
204 329
93 294
214 294
172 228
228 392
130 311
98 159
41 98
98 148
98 213
63 233
233 371
201 222
222 295
41 222
189 222
58 295
58 248
30 368
30 278
166 383
67 166
166 286
166 382
168 238
94 168
132 168
107 251
215 251
281 327
191 327
329 384
75 209
10 75
75 331
103 292
272 292
84 114
114 231
39 182
39 131
37 246
37 196
37 103
37 179
362 364
325 362
255 362
32 33
32 252
304 335
117 304
0 3
0 392
347 389
123 347
60 347
298 312
274 312
184 369
61 184
61 311
