42.633333
1
48
9
728477
8 101
94 175
19 63
5 133
166 167
164 172
1 130
32 57
150 168
29 60
146 168
4 111
18 75
6 63
7 27
128 152
95 125
56 136
35 51
18 21
17 179
17 110
137 138
16 48
18 83
130 141
131 143
13 133
12 167
11 54
10 100
29 130
52 88
94 133
94 112
137 154
109 122
109 140
105 117
103 117
22 25
20 44
126 137
21 56
21 100
124 177
23 177
118 127
24 128
15 143
31 70
25 164
26 129
128 151
27 53
28 64
25 115
25 157
30 129
117 165
116 167
31 107
31 108
48 84
56 149
48 67
3 27
78 133
36 95
37 172
38 94
39 47
41 54
42 64
97 111
101 117
56 119
44 106
100 144
100 120
98 161
64 162
144 169
54 164
54 81
52 113
52 104
52 93
63 134
51 174
47 159
51 99
50 98
49 127
48 145
95 160
44 88
2 17
47 156
101 139
57 171
58 101
60 98
90 168
62 121
62 148
79 158
71 111
85 170
66 73
68 129
40 172
79 96
78 155
8 35
71 127
72 127
73 86
85 153
74 177
82 172
69 111
79 145
77 133
78 85
73 142
78 95
57 132
18 176
143 147
73 89
52 89
64 89
109 114
57 114
95 114
7 34
2 34
34 42
31 80
80 117
17 80
44 163
22 59
24 59
135 177
4 59
79 135
59 109
164 178
91 128
48 91
21 55
89 178
76 127
76 137
76 98
76 147
0 129
0 62
0 63
27 33
33 47
14 46
45 168
45 130
43 169
14 118
43 123
65 117
62 65
9 46
87 111
87 167
92 163
92 173
102 114
55 76
61 173
