36.885152
101
59
17
71721
181 256
41 84
156 284
84 86
171 211
75 182
17 155
98 112
154 182
8 256
174 275
42 84
163 256
103 275
206 275
63 108
53 234
59 90
234 283
12 182
234 267
231 277
198 224
102 258
19 102
47 48
56 110
110 280
48 70
48 118
110 117
11 245
152 155
40 231
61 231
31 173
132 173
139 295
22 27
18 22
22 269
95 198
90 243
36 141
106 176
68 293
31 253
134 233
71 225
137 198
67 223
183 223
1 68
101 171
111 171
3 295
119 295
223 273
87 214
76 245
122 245
170 237
33 90
173 270
7 284
35 68
89 233
121 234
82 100
55 82
82 222
139 250
30 233
26 254
21 79
79 182
79 291
235 237
237 262
54 185
16 151
151 236
44 85
85 287
28 52
28 125
28 76
38 146
38 58
38 160
38 254
114 201
25 114
204 241
82 239
204 281
114 184
10 204
50 66
239 256
66 99
66 220
73 299
73 221
73 260
23 294
36 294
290 294
58 294
34 177
34 296
34 135
190 278
178 278
98 148
83 148
60 148
114 239
6 212
159 212
161 212
141 266
229 271
2 187
71 271
252 266
80 145
145 150
81 145
54 145
5 127
5 39
169 263
169 195
169 286
5 188
1 107
107 216
68 208
14 104
14 297
14 112
144 186
100 186
133 186
186 214
6 129
101 242
26 279
154 179
42 179
250 261
261 272
83 261
185 205
124 228
205 277
87 228
228 268
228 247
79 128
213 215
192 213
168 213
213 225
48 209
178 209
126 209
2 209
78 110
200 210
210 217
198 210
165 210
51 172
48 172
164 238
90 164
191 234
155 191
72 108
72 74
62 182
64 91
107 239
64 153
4 131
13 37
246 253
196 246
15 153
131 297
289 292
53 246
37 217
199 268
173 249
130 233
202 223
90 147
113 223
110 167
105 215
105 158
105 190
22 77
77 124
63 77
77 157
140 290
140 166
123 189
144 244
159 255
165 180
50 227
74 203
226 244
168 265
0 22
0 84
218 298
89 298
284 298
73 228
182 232
121 232
66 78
56 257
150 194
251 288
176 251
4 149
221 240
73 91
28 175
171 285
198 285
151 230
219 235
34 72
143 237
143 231
49 123
92 282
92 218
162 216
9 23
96 106
96 238
120 295
9 157
120 275
49 80
162 197
28 149
65 233
65 102
142 284
142 245
182 259
243 259
20 51
20 226
20 264
85 219
85 109
46 155
69 79
97 166
34 136
171 274
102 274
38 109
148 167
257 278
182 276
129 172
202 212
151 276
142 204
43 107
193 208
32 145
207 279
136 169
5 175
29 128
94 147
72 93
24 62
115 249
14 45
240 292
138 205
116 205
88 213
153 248
57 194
