47.567595
39
92
67
45385
102 272
55 363
47 403
186 327
25 394
28 113
393 422
71 158
67 177
275 358
76 405
91 256
356 412
46 399
70 326
370 423
69 90
209 240
40 337
167 217
257 277
339 425
200 417
247 429
116 178
230 351
230 250
272 409
246 445
50 397
103 299
54 370
101 204
47 402
90 191
193 245
157 414
166 323
232 427
319 323
286 442
231 256
267 288
53 83
203 288
84 215
167 384
10 243
112 419
103 383
84 448
329 335
333 338
185 274
137 183
44 275
129 427
32 377
395 417
171 395
229 324
223 318
256 301
158 415
213 288
209 264
143 274
272 273
196 412
159 292
4 243
269 277
426 445
174 377
232 289
193 380
160 277
250 355
77 136
17 46
65 220
414 446
83 404
338 432
253 408
220 423
204 338
83 306
170 318
131 158
339 407
167 281
99 427
134 159
238 420
33 140
164 211
59 67
105 186
230 412
323 343
17 408
20 297
296 410
290 326
50 428
141 370
1 76
186 233
225 318
38 447
83 236
89 311
150 209
46 330
251 445
249 286
47 55
47 366
305 408
101 395
243 434
33 138
321 401
161 412
368 377
0 79
187 324
34 220
8 297
90 314
50 421
35 116
287 386
40 137
179 203
311 387
414 424
70 311
13 158
280 444
5 116
286 289
142 290
135 193
61 339
126 230
60 379
211 400
77 148
0 298
370 383
9 25
73 96
247 375
154 401
64 324
6 401
46 309
256 449
40 284
212 297
33 111
208 290
67 354
156 266
103 293
242 283
175 283
283 443
100 283
296 361
155 361
110 345
22 219
142 406
274 406
143 392
303 392
270 392
131 241
15 241
178 241
241 301
198 316
188 198
43 198
189 411
60 411
88 418
165 310
310 363
228 310
408 441
2 376
376 410
130 376
122 312
73 312
151 349
258 349
72 226
194 226
16 226
96 139
139 347
210 422
6 210
86 210
16 294
320 432
11 320
33 168
121 302
302 420
234 248
115 248
248 295
279 321
140 279
219 279
74 192
77 438
29 146
230 385
211 388
18 271
245 271
25 271
120 393
0 128
187 265
262 291
103 378
146 147
147 202
221 313
313 329
214 242
51 238
51 228
30 51
51 389
51 316
51 130
23 173
88 173
173 379
275 346
145 184
184 373
57 267
195 436
408 436
304 419
381 392
50 87
11 308
145 308
308 426
325 411
198 436
66 186
211 315
182 247
310 381
369 373
107 370
109 158
175 332
332 361
180 349
237 377
350 372
113 350
259 350
369 406
342 445
57 441
184 252
123 200
119 123
46 108
348 371
300 348
348 353
108 110
82 115
82 303
210 391
87 252
120 320
248 271
282 332
294 391
153 167
153 209
167 328
94 328
288 328
288 413
112 260
24 260
167 260
263 421
256 263
58 186
222 311
169 348
62 188
66 357
22 58
168 180
190 194
190 355
45 240
42 233
268 344
80 247
62 169
56 323
56 220
76 359
43 382
382 437
214 312
350 357
172 402
172 390
322 370
331 408
83 331
127 197
117 449
152 156
37 152
279 378
226 336
76 176
63 176
176 306
51 197
56 411
199 386
199 372
95 199
85 183
360 446
179 360
360 435
27 173
27 346
254 412
254 318
159 216
39 304
68 427
261 370
40 261
125 317
114 295
315 349
285 416
78 226
21 81
244 312
344 350
308 374
385 398
41 127
162 352
162 340
48 278
18 48
48 340
265 268
49 395
49 272
174 207
207 297
77 207
78 205
201 341
92 414
92 377
133 396
286 440
440 445
265 313
396 413
104 431
104 291
31 212
31 439
36 218
36 102
75 335
75 447
7 25
7 90
124 307
38 124
192 237
133 224
28 52
52 235
52 276
244 255
302 364
364 365
430 444
80 365
152 294
81 92
128 182
418 430
84 181
0 181
93 247
98 382
29 85
125 255
97 280
97 367
106 444
106 118
67 206
206 247
19 227
19 276
163 236
163 433
239 243
144 277
47 144
98 285
12 266
12 334
3 159
3 339
26 72
26 362
21 262
14 416
14 149
109 132
201 325
216 322
132 239
