7.405973
37
25
82801
122654
57 58
19 21
15 147
75 144
58 120
31 94
106 121
79 127
55 131
19 102
48 93
96 151
102 108
19 64
82 147
83 92
1 144
107 139
14 159
13 119
119 133
16 119
55 124
85 126
69 85
16 37
30 124
19 65
57 141
27 58
135 138
60 92
19 70
100 101
78 79
29 89
89 101
55 68
111 144
79 159
53 92
133 151
80 122
139 140
45 141
45 93
113 120
113 119
61 91
39 151
62 91
9 23
23 92
103 106
2 103
3 94
110 153
98 153
147 149
139 149
62 157
107 123
14 123
10 123
71 85
71 79
83 158
104 158
21 34
34 104
34 136
23 97
97 103
38 112
112 147
58 112
67 85
31 67
67 116
48 145
98 145
67 134
0 129
30 129
37 129
77 81
81 147
81 95
28 81
52 97
19 35
35 38
8 42
42 148
42 108
76 119
76 101
20 142
2 20
51 79
73 99
99 134
39 74
55 86
85 146
17 144
17 121
109 150
18 123
103 132
22 52
20 157
49 152
142 152
23 109
88 150
56 88
41 64
41 137
33 60
33 156
36 110
25 36
4 96
4 80
44 155
5 7
128 155
5 128
56 114
114 154
0 115
115 135
115 130
44 115
72 139
84 154
84 87
32 87
32 46
59 66
59 140
12 49
12 117
12 105
11 125
11 25
24 95
24 143
43 125
43 63
1 40
40 50
6 90
6 105
26 118
47 54
47 53
26 139
