37.200000
4277
41
69
182663
89 113
43 90
63 65
111 114
33 113
154 158
100 154
42 159
15 136
57 113
6 27
58 84
41 153
106 143
96 159
12 74
85 144
71 105
80 103
68 122
33 147
82 121
98 107
53 122
19 84
44 137
47 50
109 139
64 102
91 102
93 101
79 85
109 132
122 140
5 125
5 129
5 155
5 83
101 137
74 75
21 90
109 119
84 149
4 119
81 159
15 106
82 97
79 128
70 85
93 156
105 133
46 90
56 133
32 77
31 133
0 98
3 137
8 93
34 74
92 114
70 103
7 9
17 81
103 108
77 124
78 98
102 110
30 79
24 84
18 79
16 147
50 135
27 88
39 144
138 154
9 86
27 126
93 134
9 69
35 74
1 120
130 144
117 147
26 49
49 115
4 113
73 122
17 37
55 144
125 148
151 159
1 153
49 62
75 77
85 106
1 25
28 77
52 82
17 72
94 106
50 51
67 137
49 73
10 101
10 40
23 73
10 118
23 60
10 136
23 34
23 87
41 131
13 131
24 131
123 152
123 145
29 127
29 36
29 63
14 116
14 59
14 76
29 123
95 101
13 95
20 85
20 73
54 148
102 146
17 146
54 99
54 65
43 54
45 103
9 45
45 82
84 157
38 129
38 71
50 104
104 114
74 142
109 142
66 113
66 133
1 22
22 27
141 154
77 141
98 150
5 150
2 123
2 14
11 82
11 114
20 61
48 112
48 61
20 146
