14.186257
56
26
64999
130677
67 98
38 69
107 151
46 58
9 93
128 154
17 120
117 133
107 143
0 31
56 133
127 133
1 54
69 125
78 110
127 130
86 124
87 117
24 98
23 104
9 21
68 129
65 110
45 82
38 128
18 119
31 99
29 91
91 94
91 156
70 91
12 91
33 149
21 149
40 149
90 114
117 139
23 139
88 158
35 114
18 151
2 119
2 11
11 125
11 141
11 66
11 17
11 129
11 23
53 69
43 129
0 49
135 151
40 143
24 71
0 102
42 44
4 9
48 133
17 123
46 146
60 117
37 114
19 28
114 148
45 150
19 62
46 116
88 110
7 130
1 111
23 152
42 113
23 109
41 140
89 151
29 66
133 157
13 29
44 135
14 73
45 144
9 159
25 79
86 130
156 158
73 117
1 132
17 96
8 42
4 138
63 105
40 103
85 103
79 103
63 151
39 103
12 101
101 147
69 137
10 149
83 149
52 117
72 117
137 140
35 52
59 100
100 154
36 41
20 98
20 69
10 155
25 50
51 119
42 106
1 134
130 134
6 106
99 142
51 142
95 124
57 95
15 105
32 111
19 77
36 77
61 114
92 98
122 157
97 104
16 119
37 145
11 74
118 141
34 155
3 72
81 112
0 112
85 121
39 131
64 94
47 75
47 149
22 144
22 130
5 45
5 46
26 108
9 26
55 108
55 126
80 153
80 126
30 81
30 115
27 84
27 158
76 84
76 136
