9.358588
31
30
18
22082
21 61
10 145
131 145
8 18
54 101
93 120
1 90
80 108
53 55
87 90
90 104
90 121
56 76
71 90
7 65
39 53
18 122
44 76
28 61
35 93
14 101
108 137
18 74
18 90
18 136
76 100
108 139
69 145
0 69
24 70
51 70
13 110
13 38
24 98
49 154
111 153
67 111
59 105
53 126
37 53
81 147
46 159
53 125
65 119
67 119
119 140
53 124
90 124
17 81
17 76
17 49
17 73
33 78
78 102
62 107
29 61
18 29
82 109
3 82
99 150
62 99
144 145
5 63
109 117
33 117
31 66
66 127
19 76
7 133
133 157
73 146
46 95
95 138
59 149
79 108
79 145
48 122
69 98
139 154
84 129
27 130
27 110
27 86
2 141
58 76
128 140
20 61
41 71
40 127
72 101
37 69
16 77
16 136
6 130
112 153
96 112
112 121
87 123
123 135
45 156
45 84
64 101
47 93
60 93
13 99
89 93
13 142
69 97
13 133
15 154
98 117
43 92
148 151
9 38
148 150
9 36
75 159
75 125
147 158
88 147
91 125
13 134
52 69
40 70
26 29
13 72
50 124
29 118
32 119
117 149
129 147
105 141
13 57
68 126
37 143
37 42
114 159
85 129
15 116
144 155
103 107
37 106
82 83
118 152
34 88
85 94
132 142
63 68
22 117
12 155
4 17
25 32
11 27
25 115
30 146
89 105
23 30
64 113
43 152
