101.359925
296
112
241
61262
184 370
108 285
80 281
138 302
178 317
169 305
254 263
173 348
239 276
49 219
10 283
211 362
282 330
252 306
19 44
202 375
236 370
296 318
193 256
214 313
82 353
201 248
120 334
217 340
213 260
131 329
171 292
141 277
364 386
122 155
118 297
38 175
389 394
263 354
11 104
149 172
23 391
226 331
282 290
104 295
21 203
59 372
93 159
235 323
7 331
167 349
123 203
99 369
252 309
64 202
242 327
268 318
71 372
10 143
44 261
74 202
119 225
338 382
207 242
159 190
69 127
62 282
216 271
144 334
88 189
41 166
76 372
36 88
94 331
11 386
141 227
139 225
266 362
0 302
66 95
124 250
323 392
180 212
251 329
349 387
359 361
87 232
118 380
292 377
46 209
117 163
211 333
97 247
137 164
116 118
266 315
239 267
91 240
65 163
90 102
221 262
316 334
105 385
212 299
225 230
161 231
263 264
260 371
75 393
108 213
188 380
32 80
304 359
84 164
270 308
252 278
69 146
277 368
54 124
40 353
344 349
38 332
46 168
109 212
15 57
129 150
318 384
169 381
188 208
75 96
83 170
22 141
135 256
75 151
129 156
57 112
195 199
4 71
58 165
98 229
350 360
277 328
40 325
130 248
74 155
42 248
46 72
169 255
55 320
27 80
27 394
27 164
55 217
55 194
93 359
302 369
213 318
24 397
18 209
104 398
18 25
385 397
224 378
153 172
36 111
260 345
56 394
154 173
262 308
20 224
25 117
166 258
26 394
3 385
9 237
253 386
125 301
126 301
202 343
196 380
61 340
35 66
175 259
277 395
29 323
170 264
176 187
80 246
124 132
44 241
266 307
37 236
70 155
107 329
179 211
81 266
24 162
386 399
173 276
45 308
9 214
86 263
58 209
300 308
98 134
58 374
6 98
118 244
199 275
128 170
372 380
340 379
66 192
102 157
89 91
232 377
102 114
79 224
49 269
289 301
178 355
88 272
57 332
173 257
2 24
222 338
103 385
134 141
141 273
8 346
84 381
314 350
62 341
163 322
176 220
262 311
153 210
279 292
136 260
91 396
233 350
247 286
232 351
31 58
323 393
78 336
1 172
278 331
170 284
148 252
37 353
206 370
69 391
104 237
218 256
48 242
30 211
24 60
18 243
188 198
49 67
239 274
282 377
326 369
14 231
145 292
10 196
298 340
197 359
304 367
28 175
78 303
46 177
108 367
92 214
139 193
23 166
47 164
366 369
158 247
302 365
140 182
33 338
39 228
73 176
203 280
163 265
5 335
39 357
49 117
5 352
39 68
75 388
232 383
5 373
66 142
247 356
278 350
129 347
203 356
108 288
85 140
188 191
18 287
12 140
248 356
11 199
17 176
16 77
16 121
117 178
199 342
17 140
169 393
178 337
16 53
223 262
50 159
43 231
78 95
57 306
17 44
4 293
8 293
293 324
200 278
100 377
363 380
185 262
115 397
34 319
124 204
183 224
183 308
174 204
111 147
141 204
147 224
147 325
88 204
147 238
183 293
205 363
181 213
117 181
101 264
101 362
339 356
339 393
27 215
209 215
5 113
113 256
160 277
39 110
160 301
110 353
160 202
110 159
16 321
98 376
321 370
242 376
13 106
13 216
51 69
231 291
51 239
13 174
13 362
51 329
291 369
55 291
51 264
133 225
66 390
175 390
166 186
78 186
57 133
133 212
129 390
102 186
115 205
52 340
52 214
52 338
210 245
245 341
245 397
63 271
63 310
17 312
245 358
11 312
249 334
249 262
294 302
294 349
91 152
152 172
34 183
200 234
100 291
