120.083333
1
130
9849
266214
219 257
163 373
193 202
194 357
50 242
16 147
101 356
70 137
288 356
358 397
177 306
7 130
193 274
111 448
31 296
26 208
236 396
59 304
222 381
74 98
24 371
224 420
40 216
377 439
46 175
177 208
381 422
265 374
50 108
42 379
88 360
61 447
99 192
143 157
141 322
143 430
301 337
5 376
405 429
198 281
128 231
382 440
54 255
72 253
284 304
192 300
102 297
248 346
123 323
139 337
289 314
293 440
191 400
384 424
189 320
14 312
66 275
147 317
343 376
28 336
175 253
176 372
346 401
338 441
294 358
263 366
264 350
20 331
424 439
54 226
27 191
271 405
269 281
45 109
44 72
87 191
205 340
176 197
279 363
71 399
71 375
35 45
71 328
204 214
318 387
14 112
73 429
94 250
172 250
72 316
137 339
324 346
18 164
32 296
313 382
130 181
203 404
203 355
39 315
142 331
164 321
183 331
179 210
191 383
211 272
393 438
100 147
76 352
179 309
195 446
227 295
9 338
40 336
13 268
13 329
315 390
359 412
310 447
103 275
297 410
128 355
314 343
160 426
47 187
169 398
68 163
58 179
127 366
93 389
206 293
11 29
153 252
280 412
156 166
80 426
175 449
229 331
229 426
149 350
163 287
153 249
98 105
225 431
92 256
295 428
76 120
33 50
33 262
65 137
66 317
186 205
205 287
189 234
214 443
237 387
12 407
297 406
293 441
73 394
29 414
33 403
93 228
45 213
193 303
272 342
85 313
3 115
232 448
354 376
72 101
194 329
188 223
98 401
299 412
4 110
17 440
296 417
281 282
79 125
3 326
323 329
78 448
353 438
164 434
129 166
106 293
141 334
75 348
17 419
148 396
14 429
58 93
55 250
346 432
258 296
330 409
194 308
94 125
78 189
28 363
169 343
257 423
295 391
293 332
203 276
136 304
272 349
26 34
179 392
17 418
12 333
367 405
40 254
90 298
84 194
376 445
49 337
205 278
144 315
45 439
83 370
98 311
160 220
230 424
91 193
182 346
23 226
41 177
10 396
93 170
187 224
221 242
67 360
13 442
177 261
4 90
307 350
24 57
192 202
92 266
39 195
169 245
153 243
14 259
76 287
114 257
22 335
28 386
200 370
122 270
64 97
155 437
277 360
185 448
52 187
381 427
178 405
113 272
128 378
223 304
42 118
26 362
30 196
3 215
116 141
9 361
385 421
289 413
141 349
22 415
77 128
286 426
37 58
26 86
190 356
24 199
169 364
40 388
251 428
64 133
239 387
43 176
351 374
195 435
48 358
0 4
208 298
355 370
411 415
270 427
124 424
2 377
188 444
90 147
130 402
3 310
180 438
167 431
168 370
72 159
214 349
21 200
55 95
36 440
131 381
162 314
3 84
313 425
3 355
270 326
60 125
238 421
37 78
71 341
240 374
23 437
188 220
196 283
81 107
107 421
208 350
8 203
75 154
151 369
63 156
275 441
64 235
189 212
146 315
28 233
42 375
15 76
6 447
51 214
138 163
38 107
73 344
25 313
24 318
368 437
336 356
125 436
50 366
166 209
275 411
257 375
13 148
427 431
29 53
126 250
143 207
292 360
82 330
90 330
50 298
377 416
4 145
58 64
33 290
22 277
273 359
158 195
20 422
143 223
54 96
247 330
196 382
108 323
173 270
39 296
132 188
171 323
12 400
137 202
75 244
73 413
56 421
130 223
281 400
196 291
345 387
22 327
9 401
42 279
75 318
19 175
89 314
21 92
12 251
302 431
267 377
13 63
107 369
297 411
9 184
94 153
78 164
319 427
277 337
305 366
287 319
260 295
37 246
242 347
32 242
374 411
192 285
412 428
241 277
241 325
135 143
325 365
217 246
218 329
218 428
217 365
298 408
161 375
161 400
152 223
152 343
119 171
94 119
433 439
336 433
202 433
150 380
150 314
107 174
37 174
174 438
174 437
121 428
121 165
69 151
69 395
62 421
62 187
29 62
1 396
104 273
1 358
104 201
140 411
134 203
117 349
140 318
134 176
117 135
