16.103410
29099
30
397763
598769
133 149
31 51
50 126
77 158
141 152
17 87
2 118
28 138
0 146
80 120
7 133
42 124
73 159
22 28
53 56
47 82
0 130
140 157
50 59
66 155
101 105
50 61
90 124
38 85
17 72
29 111
53 80
46 124
47 127
70 142
142 159
109 136
70 123
82 147
23 55
70 127
63 107
70 125
75 103
93 101
45 65
24 111
28 129
117 136
77 84
0 73
55 107
21 24
26 65
60 145
58 60
129 157
76 129
118 137
4 60
43 129
60 156
8 76
8 130
8 152
8 54
8 143
9 23
28 40
113 157
4 78
63 71
22 66
48 87
110 153
0 133
80 97
63 77
118 149
14 38
55 120
30 89
32 55
128 159
132 157
63 155
50 99
88 89
85 144
114 139
17 154
67 136
111 120
88 124
63 135
56 65
83 159
121 150
51 128
124 153
68 77
6 50
35 92
52 111
25 31
43 121
17 33
110 114
33 82
0 27
62 82
11 80
90 149
50 145
0 35
5 133
104 121
36 38
31 91
129 134
98 134
3 9
92 96
34 70
16 101
16 83
119 121
77 148
139 151
49 151
12 133
115 132
60 119
10 108
37 120
94 156
9 108
36 96
10 116
15 96
61 81
81 103
1 124
38 44
122 149
41 122
20 159
20 131
19 149
19 106
38 57
57 136
18 92
18 86
39 144
39 95
64 86
64 102
13 104
74 100
13 69
74 78
79 112
3 79
