62.897662
2586
68
1873
7262
67 180
35 116
26 108
151 171
30 112
10 141
31 132
101 113
130 181
26 131
114 221
109 128
38 186
140 229
30 145
50 216
41 241
75 224
46 223
106 223
9 47
43 238
46 198
9 188
96 108
95 168
193 227
149 244
44 216
119 187
71 218
28 196
29 196
16 61
156 204
70 203
169 184
123 203
106 118
30 37
160 199
144 197
181 197
120 197
107 150
73 127
51 197
189 217
70 167
159 160
107 222
86 176
24 210
84 116
131 183
1 130
64 137
214 234
78 109
30 160
88 241
56 234
103 208
12 244
10 229
10 226
72 209
24 125
48 168
61 138
28 176
239 244
106 179
15 70
69 220
139 180
173 228
108 143
114 249
161 209
74 116
108 222
91 136
92 236
60 133
99 186
13 248
170 230
73 95
230 247
71 196
121 247
59 169
123 201
7 234
37 209
173 236
20 151
209 245
22 180
11 109
60 79
152 236
131 195
114 172
122 218
194 220
104 248
24 32
69 217
181 234
78 204
169 235
130 135
216 222
119 174
132 185
27 106
73 155
9 36
55 76
113 176
108 154
14 76
25 165
158 218
148 248
207 220
59 114
110 241
4 43
76 166
119 147
83 123
66 107
80 130
168 202
57 204
87 211
12 181
59 140
53 182
91 231
23 176
46 177
137 191
113 124
12 119
186 232
43 178
182 212
95 224
94 230
33 137
30 68
115 211
91 206
200 227
40 52
52 233
0 60
107 164
54 216
242 243
102 142
21 242
217 237
46 97
215 244
37 180
5 208
10 192
163 182
224 240
186 229
59 76
132 134
34 218
65 208
190 217
45 243
117 142
49 168
208 229
73 146
61 94
125 128
224 246
12 241
142 170
18 160
109 126
25 227
219 247
98 169
52 77
153 243
21 113
63 123
58 222
181 205
82 211
100 140
105 176
3 37
3 223
12 162
95 162
93 165
93 175
8 93
93 223
93 131
8 85
85 228
85 111
85 246
39 70
9 39
39 217
39 185
104 225
62 224
58 225
17 160
17 140
17 61
17 243
39 105
81 82
81 100
89 247
89 182
6 87
6 151
2 43
2 142
19 24
19 211
151 157
116 157
42 91
42 248
123 129
129 137
52 90
90 236
204 213
60 213
