16.276002
3
23
4516
50471
33 86
64 76
32 38
108 119
25 83
54 114
10 84
90 114
63 88
41 101
47 104
62 71
114 119
49 77
100 108
1 109
15 100
10 106
30 111
77 84
18 35
43 103
0 105
59 99
73 87
82 114
43 108
56 68
67 118
1 113
10 14
76 95
2 50
50 101
16 59
21 114
26 29
77 97
6 108
104 118
10 57
78 117
71 91
84 105
77 108
26 72
15 61
24 68
46 105
82 86
53 76
1 93
70 96
1 36
67 77
17 18
69 105
38 92
3 104
28 59
51 108
16 48
15 102
15 34
69 111
24 31
65 86
18 113
26 52
30 71
12 24
78 112
63 83
1 66
5 83
38 74
11 43
43 116
58 78
80 90
80 81
2 59
18 48
72 117
75 86
26 75
84 107
27 107
8 104
8 87
85 99
6 85
27 55
59 89
42 89
39 101
39 76
4 39
4 19
19 32
40 96
40 42
20 40
13 33
13 115
7 70
7 45
22 94
22 101
37 115
37 110
44 114
44 83
9 38
9 24
23 79
23 88
60 94
60 98
