4.944356
383198
16
135591
688249
78 97
76 99
63 76
8 33
30 48
75 89
5 83
62 92
3 81
76 93
3 65
3 60
8 34
30 36
35 89
3 13
30 97
61 89
79 97
3 52
24 83
5 56
56 93
23 47
21 47
24 47
3 11
11 53
11 89
11 86
17 98
35 64
81 97
8 32
33 67
95 97
25 92
29 84
8 53
1 76
50 56
53 96
33 50
69 84
11 69
12 16
26 82
40 59
40 76
9 12
31 58
11 88
9 86
56 58
43 74
88 94
19 28
19 96
55 73
73 77
64 73
53 80
20 47
0 54
0 93
67 71
46 71
45 54
38 45
30 70
71 98
14 27
17 27
57 78
57 91
4 74
49 65
4 54
15 82
15 73
41 90
90 95
10 21
10 85
38 39
39 66
18 53
51 97
8 44
6 41
6 37
42 47
22 92
22 66
2 8
47 87
68 93
7 72
7 23
