13.363662
33
19
80692
258446
49 73
51 76
70 74
22 61
46 89
36 71
25 62
15 84
95 98
78 99
65 70
41 52
73 86
80 84
49 69
5 36
10 68
75 91
14 19
86 98
33 71
48 63
29 68
27 73
25 53
11 44
21 81
6 36
6 98
25 77
55 77
6 25
89 93
79 87
8 96
51 63
12 56
14 23
24 99
66 84
28 87
11 68
85 99
33 96
17 56
14 82
31 41
40 98
0 65
44 45
22 36
69 90
43 65
63 83
41 45
94 96
9 81
7 56
20 91
32 72
67 90
3 19
32 91
25 26
26 68
35 76
42 59
59 77
6 38
50 77
18 74
18 35
25 39
0 97
68 97
1 34
34 61
16 41
14 16
58 63
58 91
4 91
4 89
88 99
88 89
30 99
30 64
13 37
37 50
60 81
13 60
47 73
47 87
54 95
54 57
2 81
2 84
92 96
56 92
