33.184933
33664
61
0
266553
48 223
43 140
43 150
43 165
44 128
46 180
142 255
140 263
48 75
43 120
49 263
50 74
50 137
139 164
52 83
136 257
52 163
52 299
37 64
29 228
164 286
164 174
163 284
33 263
163 187
163 181
36 292
136 190
38 50
157 216
154 298
41 176
147 285
146 248
145 196
91 169
100 247
77 118
78 91
79 116
81 89
96 216
84 177
91 280
103 184
86 188
87 245
88 285
91 129
89 133
89 213
90 118
110 168
136 162
128 199
128 152
127 180
56 194
56 229
59 247
116 155
0 159
68 248
108 128
69 290
107 141
104 136
103 274
103 215
200 277
176 296
177 217
177 281
185 212
20 124
185 269
18 168
17 223
196 233
196 295
198 210
198 261
14 285
200 208
28 179
12 103
10 116
223 278
234 249
7 27
247 276
259 292
4 240
263 270
4 132
3 245
267 292
1 188
176 249
171 207
26 216
25 180
25 118
172 180
27 203
175 190
27 253
28 168
147 192
163 273
232 297
167 251
231 234
168 219
103 287
227 275
105 115
105 202
106 179
106 189
101 271
223 239
222 293
0 291
109 177
109 248
214 289
111 158
111 222
112 237
98 199
164 206
91 287
92 141
94 238
95 99
170 196
264 293
97 206
245 252
98 180
102 117
98 200
244 291
243 262
236 279
99 250
166 292
266 280
100 272
101 220
164 272
185 239
159 161
196 246
158 279
138 188
195 298
195 297
188 288
140 160
173 254
185 271
154 182
140 225
160 171
175 231
142 282
148 250
143 236
182 294
144 149
178 244
178 218
148 201
177 224
144 255
123 248
211 256
116 232
116 252
118 166
118 256
118 275
121 220
121 226
122 282
205 247
123 143
115 200
124 202
125 257
125 286
161 209
126 128
198 283
160 230
131 235
134 187
134 196
135 195
42 114
24 228
26 93
27 225
29 34
30 170
30 197
31 198
32 198
34 289
37 161
38 95
40 94
40 173
42 45
24 140
44 125
45 250
47 56
47 89
50 113
51 220
52 113
52 153
54 173
56 60
57 202
57 243
58 128
11 226
2 94
4 22
4 166
5 21
5 251
6 186
8 50
8 131
8 209
9 183
9 243
10 153
11 34
85 290
12 250
13 31
13 266
15 116
16 136
16 285
19 254
20 282
23 164
23 216
24 107
71 197
76 92
64 73
63 215
75 237
66 260
63 188
62 85
61 266
67 95
73 265
69 231
82 218
70 140
73 211
66 227
89 119
60 216
66 207
65 245
72 204
82 193
201 242
15 35
80 161
80 222
219 236
19 24
72 272
21 117
6 225
241 246
241 258
268 273
221 268
53 251
53 231
138 151
42 156
55 109
130 258
22 191
39 202
