38.585445
6
76
1
252047
214 289
175 258
0 69
179 265
181 233
186 240
197 257
198 235
208 273
170 184
215 290
215 338
215 343
219 244
34 228
40 331
4 240
143 303
281 331
282 305
283 299
304 317
306 326
326 340
178 299
137 244
5 17
148 224
149 224
155 318
155 335
157 170
162 215
166 317
22 297
27 273
29 224
28 291
28 248
28 150
28 142
42 114
1 83
14 253
3 93
2 259
1 230
0 8
1 21
0 96
96 170
75 201
14 178
32 155
33 284
12 13
11 261
43 303
11 193
11 85
37 107
10 31
9 214
20 107
7 244
6 257
5 241
46 288
111 288
117 170
123 214
125 154
127 259
129 175
132 214
60 232
109 284
47 147
51 331
52 86
52 130
52 346
54 61
58 103
89 244
265 282
79 232
81 326
82 84
84 135
84 197
84 308
85 246
265 269
89 254
93 229
94 273
75 115
97 290
99 232
107 277
58 195
263 321
259 286
255 290
219 292
252 317
251 334
250 303
243 257
237 300
237 296
235 339
235 248
234 338
234 237
233 270
253 313
225 236
58 190
58 276
136 219
60 264
61 115
61 256
61 311
63 253
65 75
66 299
67 233
67 324
72 219
74 219
102 171
39 285
227 259
227 235
131 227
171 265
196 285
0 285
171 249
128 171
77 227
5 285
12 199
184 192
53 202
53 297
53 321
257 329
284 329
219 337
9 199
167 329
147 192
153 192
192 213
131 199
237 337
44 182
106 238
126 341
106 207
106 154
119 199
169 232
182 209
182 211
52 329
183 224
183 335
126 211
187 347
114 180
331 342
118 344
326 333
323 334
322 344
58 173
71 220
303 342
28 95
1 59
267 315
263 323
262 323
209 344
231 344
88 168
220 287
88 310
59 75
15 240
47 349
215 333
233 342
108 347
205 247
50 176
15 72
15 155
49 88
87 217
141 349
22 347
145 348
15 273
156 217
180 249
161 220
128 217
175 301
16 315
10 139
134 349
16 323
238 301
138 247
247 264
139 231
139 163
100 278
62 341
91 116
62 64
28 73
125 336
122 242
62 132
54 122
101 288
124 200
41 214
170 212
84 152
144 254
103 218
112 336
113 316
18 268
113 196
107 309
18 31
77 336
116 194
164 177
78 102
108 328
42 327
61 191
38 294
35 246
38 160
26 185
94 174
38 39
5 271
23 116
93 152
78 90
34 164
144 165
133 218
215 298
206 278
206 271
151 278
203 245
152 317
153 185
134 298
191 253
299 309
190 271
18 324
13 260
164 167
266 328
236 280
274 290
56 242
56 305
11 55
245 272
78 251
101 244
105 245
228 260
279 320
225 279
260 319
223 327
121 200
143 159
199 285
49 76
53 169
121 140
45 252
48 188
170 226
172 175
23 275
51 98
80 215
105 221
76 151
71 325
110 287
239 288
284 330
302 326
165 345
194 222
221 322
11 222
142 216
141 293
57 130
64 68
140 273
93 222
92 156
36 277
30 294
21 330
24 285
19 171
95 189
50 106
204 337
183 312
126 220
210 227
171 280
145 173
189 314
332 337
25 169
104 126
120 312
158 247
15 70
182 295
188 349
24 146
307 328
