31.412767
202
35
261
213910
35 75
30 59
18 50
46 100
57 111
65 121
6 127
113 131
114 131
39 81
9 111
52 117
37 101
23 50
4 81
26 128
108 121
93 124
73 86
83 84
14 60
10 33
66 131
94 126
16 123
34 126
22 106
74 83
121 135
55 85
71 110
49 110
107 110
45 55
51 115
60 84
46 121
13 60
30 64
5 119
40 88
35 77
96 125
80 111
10 134
41 104
33 34
38 86
17 112
11 118
74 89
111 129
92 107
24 112
20 88
35 97
2 35
100 101
28 139
86 89
120 127
53 123
31 122
72 82
32 88
106 119
56 122
98 118
5 50
52 125
78 122
41 46
7 106
25 127
21 118
16 25
30 128
82 138
54 101
79 123
116 122
81 103
44 52
71 112
20 28
96 110
126 137
8 55
70 86
76 112
51 91
10 69
19 46
19 68
71 124
15 83
1 83
67 124
2 81
82 102
38 105
57 105
51 92
29 41
0 41
109 124
99 105
19 58
130 139
87 139
30 90
62 71
46 47
42 64
2 42
43 118
10 43
43 106
3 95
2 3
3 78
43 90
61 126
60 61
105 132
101 132
45 136
118 136
36 62
36 47
27 55
27 88
12 46
12 131
63 123
63 139
48 127
86 133
82 133
