24.556089
60
49
93
84634
98 148
88 190
52 157
13 240
122 197
1 52
146 169
62 176
106 247
14 198
185 232
89 161
174 231
39 211
16 25
19 118
77 190
67 243
19 217
20 159
123 211
5 53
84 186
150 161
105 131
155 204
54 146
122 223
86 209
14 98
94 123
45 176
1 222
188 191
25 113
173 191
30 204
98 235
3 86
163 186
98 151
70 225
111 129
58 168
69 207
6 65
21 114
144 204
228 234
197 234
184 231
106 160
166 178
34 198
56 186
84 90
28 198
185 248
214 218
26 133
70 161
179 198
146 193
82 85
68 231
1 227
122 200
47 215
183 191
75 198
0 7
7 58
241 243
28 185
41 176
36 106
78 129
192 193
124 215
48 75
98 112
161 226
74 86
207 214
143 170
122 203
88 130
115 218
99 229
205 211
161 212
185 239
132 240
19 221
152 190
7 55
101 231
37 154
48 154
27 225
92 105
138 215
135 207
56 212
114 225
51 65
182 198
15 170
85 189
189 246
91 189
101 187
90 187
64 187
50 187
116 149
149 191
5 104
43 104
72 104
104 242
170 236
24 236
66 236
22 93
34 93
63 93
130 210
17 210
73 234
63 81
81 220
136 161
1 156
139 154
12 198
61 231
61 207
20 195
195 218
127 240
19 102
122 137
81 236
167 170
93 141
29 188
120 225
73 141
83 237
47 177
177 229
177 186
119 206
186 206
25 219
23 35
8 35
35 192
233 243
80 178
11 80
80 82
59 235
59 133
49 59
44 170
44 161
189 206
103 108
2 115
2 125
104 137
181 210
96 125
96 183
71 96
26 208
208 224
129 201
185 201
86 244
129 244
38 83
38 74
102 136
95 162
95 116
79 93
76 128
61 76
127 139
79 210
60 160
12 158
134 233
19 147
59 134
43 180
65 180
100 180
180 194
33 200
33 164
121 228
109 121
121 140
24 97
9 97
46 165
98 230
211 230
6 31
31 168
31 157
31 245
40 211
40 105
105 110
57 237
7 249
87 249
91 145
145 196
57 238
117 126
171 238
108 110
120 126
29 165
46 219
60 171
172 199
25 172
142 199
142 153
35 79
10 140
10 107
42 146
42 204
4 7
4 216
18 87
18 213
176 202
32 51
32 175
187 202
