26.872859
35
40
2078
142171
63 166
20 63
68 106
1 23
43 110
23 170
139 165
128 146
84 147
123 128
24 158
98 168
37 144
26 61
88 105
7 175
4 118
131 171
95 133
63 134
23 149
16 165
124 130
19 73
64 162
102 158
42 57
110 157
31 133
91 137
22 57
89 178
19 176
86 153
47 122
8 66
105 148
8 143
41 147
147 167
65 71
24 75
79 106
15 34
114 142
9 87
119 137
15 58
80 171
118 156
29 142
109 137
45 148
24 154
13 122
53 89
24 38
69 89
8 147
18 71
41 142
15 78
0 87
46 162
106 175
9 48
118 160
37 92
132 165
71 76
25 104
78 159
19 57
37 125
103 110
98 163
28 105
152 162
48 133
112 158
54 121
104 138
117 130
100 128
108 171
8 21
15 135
90 158
74 104
57 81
38 130
35 36
99 153
59 99
67 136
127 145
61 77
72 77
77 121
70 97
36 62
14 150
150 151
62 70
19 164
118 164
35 164
82 136
52 82
82 101
17 124
17 147
17 74
87 120
93 120
57 120
101 120
14 39
24 39
39 86
128 161
155 161
161 162
158 161
56 138
71 96
96 100
87 96
60 97
60 179
6 31
6 113
8 169
165 169
6 129
57 126
30 89
51 116
42 51
30 151
56 145
3 130
3 105
83 98
11 83
83 122
77 126
12 172
44 127
106 140
23 140
12 155
7 12
44 50
2 173
2 174
2 26
37 49
49 63
107 171
107 147
27 173
27 98
15 85
85 122
32 50
32 141
115 142
110 115
5 159
5 40
55 98
55 137
10 177
10 11
33 58
33 111
24 94
94 125
