47.201428
6
52
373950
597293
9 156
48 187
6 140
7 189
116 122
104 121
91 198
113 149
16 179
26 104
65 148
24 100
27 31
48 71
2 55
27 80
55 132
120 165
143 173
51 57
59 148
108 160
12 162
43 119
95 168
33 78
161 190
150 165
48 67
172 190
46 166
46 144
27 82
34 96
44 115
52 73
22 103
51 187
129 152
50 107
117 127
49 133
166 181
104 158
102 156
33 152
51 99
7 145
103 134
15 131
75 162
90 154
93 165
73 175
23 89
81 186
33 123
142 198
47 138
74 95
36 145
144 164
33 63
68 91
56 158
27 188
116 150
43 147
61 177
16 17
78 184
76 184
90 114
81 150
139 166
85 196
85 155
144 199
40 190
20 48
89 107
116 127
75 140
148 160
55 92
128 146
43 110
40 103
100 145
18 152
138 176
9 78
107 151
123 141
17 186
19 123
4 86
195 198
34 171
40 101
28 29
183 190
152 197
7 178
37 86
33 115
55 109
82 173
3 44
73 117
35 56
113 135
75 136
16 170
81 159
77 123
86 158
148 187
56 105
192 193
58 140
29 137
83 166
51 53
60 86
113 126
87 90
16 36
98 136
41 185
5 192
45 144
97 177
3 138
156 182
140 194
107 178
113 193
106 145
24 56
15 163
66 104
43 132
10 95
169 173
47 144
7 64
136 180
81 157
111 145
49 185
36 95
54 85
116 118
63 159
13 29
115 125
22 36
25 162
34 82
70 81
103 133
15 72
7 62
9 29
40 128
115 153
15 46
23 198
34 191
174 192
94 116
132 192
42 173
38 136
69 165
156 167
124 177
0 40
46 112
112 187
32 94
32 88
75 130
11 75
2 11
76 130
39 101
8 39
30 113
14 198
79 177
21 84
30 90
21 108
14 85
78 79
1 150
1 82
