15.740942
113
28
70411
131198
126 139
12 73
47 125
126 159
84 156
29 76
97 159
83 129
20 34
35 126
32 83
111 123
85 97
24 80
46 150
24 53
12 144
117 123
105 120
62 64
78 120
46 90
10 80
0 131
5 116
54 64
40 120
113 125
34 104
26 56
56 142
120 146
109 111
13 151
30 127
8 127
106 122
12 81
4 125
127 133
78 101
92 146
96 143
55 148
83 93
26 83
128 152
5 154
55 138
37 96
67 151
55 98
34 75
38 146
106 157
105 127
19 152
145 155
20 131
76 118
5 82
22 123
89 128
46 57
6 83
14 64
19 107
55 69
79 129
73 79
66 80
80 107
66 120
14 130
45 66
87 119
69 119
50 91
9 12
9 127
9 63
134 152
50 134
70 151
6 52
45 70
52 61
30 31
31 147
49 53
49 58
60 67
106 149
71 76
108 152
72 106
71 79
34 100
55 100
27 108
72 91
11 131
11 58
110 131
44 110
64 115
115 147
21 76
15 21
103 146
23 103
86 116
86 146
3 39
15 102
102 121
27 39
5 43
43 46
28 99
99 121
41 99
101 136
136 153
5 65
65 155
1 96
1 88
1 41
1 123
96 135
47 135
135 140
2 125
2 126
77 114
77 140
48 97
48 132
17 155
17 156
25 85
25 124
34 42
42 141
7 95
7 141
18 40
18 59
51 137
51 142
68 138
68 74
16 94
16 145
36 158
36 132
33 109
33 112
