5.909111
26
18
165960
621730
17 46
22 105
91 105
44 102
53 93
15 85
68 85
0 40
33 93
27 107
0 65
29 107
50 105
78 105
13 78
1 105
0 115
60 97
10 102
60 85
30 118
7 99
82 93
30 111
90 99
0 13
104 107
45 102
64 95
0 103
34 90
86 90
46 90
19 22
61 115
24 110
64 87
87 91
82 87
23 24
23 76
3 99
18 74
74 92
52 74
58 86
25 90
25 107
59 110
9 105
9 11
4 26
26 76
58 74
57 95
57 59
80 87
19 73
85 108
41 107
0 51
41 93
30 51
2 24
81 104
39 81
87 108
1 117
83 107
14 85
62 96
93 96
6 99
105 114
56 114
77 114
112 114
52 72
28 72
88 97
79 88
88 101
47 88
20 106
11 20
28 69
63 93
67 94
37 67
67 68
67 98
70 98
70 89
12 79
71 75
14 75
8 30
8 113
16 38
38 113
38 66
32 37
32 100
32 49
5 17
5 119
21 101
21 109
54 66
54 116
36 54
35 55
35 74
48 102
42 84
42 116
48 80
31 55
31 43
