1.940424
54
13
3690
719613
18 47
49 85
41 51
69 98
45 51
7 93
15 93
17 19
54 68
68 93
76 81
55 70
10 50
4 87
30 98
41 74
69 74
38 85
28 94
3 94
68 81
17 75
51 73
47 56
19 97
38 94
4 94
73 94
74 79
52 99
39 55
78 99
56 79
94 97
36 93
48 98
20 64
44 95
23 52
24 47
24 59
8 42
1 23
9 18
9 54
8 57
1 44
60 62
62 92
32 92
25 93
36 57
31 39
20 42
31 78
5 30
5 70
9 11
2 3
27 49
27 53
60 74
25 65
61 66
43 93
35 87
16 35
34 47
33 34
34 50
34 66
0 29
29 40
22 29
29 68
13 96
13 84
13 90
13 88
13 53
22 89
58 86
58 81
22 26
26 63
21 40
21 67
14 86
14 91
59 77
6 16
6 71
12 46
77 82
80 82
80 83
37 72
12 74
37 65
