80.250000
1
104
26260
174362
54 380
110 364
25 322
241 319
81 175
31 231
164 341
113 240
199 352
24 295
314 392
177 187
147 393
112 350
291 391
1 80
21 309
197 359
55 61
201 234
301 319
111 305
30 396
129 378
57 149
299 390
7 110
124 164
306 384
305 366
76 177
54 106
344 384
101 193
170 179
165 367
242 257
328 330
185 382
292 385
52 282
52 206
278 336
81 179
273 342
201 382
103 398
167 236
113 160
125 192
61 374
81 266
165 226
150 299
52 121
149 250
242 275
70 260
32 166
136 391
85 281
134 278
87 115
195 387
69 216
54 116
196 259
297 386
135 182
31 323
163 345
51 148
36 210
148 157
155 379
105 182
182 282
15 262
122 193
35 170
173 212
63 178
171 315
1 181
131 189
16 352
61 92
21 207
71 82
269 353
93 142
192 202
97 358
169 298
172 301
241 317
65 336
56 69
125 330
237 296
104 385
135 242
153 297
107 144
107 137
15 107
107 165
82 144
144 214
102 144
125 322
167 287
151 315
108 327
98 165
361 387
65 232
25 277
313 332
180 258
2 185
103 290
37 38
261 313
15 288
1 152
232 279
284 296
77 218
52 279
227 278
234 338
65 220
294 299
40 170
145 224
39 45
304 339
82 312
238 314
188 394
48 131
117 212
167 285
303 310
20 355
224 366
25 118
329 345
83 264
197 249
249 379
42 196
60 110
102 255
65 349
156 280
84 166
6 354
293 357
262 386
83 322
298 323
31 221
276 346
99 224
347 395
103 371
161 210
13 356
228 260
179 365
29 380
125 396
97 337
21 90
86 320
162 298
27 345
25 349
24 150
89 304
108 399
270 301
108 271
131 147
210 252
159 359
274 365
87 322
43 244
97 376
8 363
143 241
212 319
39 347
54 209
311 353
263 384
77 289
87 138
180 196
200 276
72 87
47 292
210 285
113 399
261 333
219 310
1 6
8 74
70 109
17 81
62 192
331 385
95 242
15 253
20 370
244 316
278 326
61 323
38 299
96 148
190 354
129 304
123 329
103 282
10 177
330 334
77 381
167 375
10 101
251 293
8 75
21 91
164 397
184 242
245 308
325 359
69 256
31 320
41 182
65 286
59 276
8 285
14 296
314 389
5 330
112 321
85 260
154 386
88 365
77 213
2 315
289 385
90 212
110 189
146 313
24 168
211 352
20 188
133 244
113 377
222 396
12 386
63 351
82 128
37 83
64 387
63 66
29 335
149 268
193 342
49 301
59 164
3 108
393 396
69 167
39 302
224 283
354 372
94 293
54 150
156 353
176 192
59 359
27 204
139 354
22 379
24 73
60 262
28 365
142 246
245 382
142 348
131 225
265 391
29 79
300 305
170 191
8 249
69 137
194 311
97 204
204 351
83 369
137 314
293 399
298 343
183 241
292 310
11 385
166 360
112 234
276 368
248 281
144 248
44 59
304 318
318 353
307 391
307 315
198 379
198 310
383 388
249 388
243 282
254 313
20 340
242 254
132 291
83 132
186 383
44 120
260 267
148 267
58 382
58 193
217 273
217 235
223 305
130 336
33 186
50 399
6 50
247 322
247 318
50 120
26 319
26 150
53 208
53 141
53 378
53 340
68 299
23 324
23 259
23 123
23 240
21 233
233 352
233 387
78 203
78 356
6 78
29 34
34 39
34 149
67 263
67 113
0 13
0 205
158 244
158 177
119 127
119 387
239 333
239 362
68 223
63 229
229 296
100 344
100 230
4 194
4 272
189 215
215 323
114 204
126 142
126 196
18 153
18 373
9 166
9 112
114 179
46 280
46 174
19 140
19 258
