6.748388
25
26
125024
438173
49 54
117 151
146 159
31 73
36 153
81 134
8 134
36 151
26 152
68 141
74 92
68 118
61 67
4 176
144 175
138 159
39 175
101 151
25 163
23 79
111 177
64 177
122 134
122 163
45 111
45 135
45 89
29 45
129 145
95 126
127 177
119 162
76 140
117 162
1 49
66 176
12 69
53 163
145 163
73 76
15 100
66 132
92 166
17 163
128 134
98 143
136 167
164 171
92 172
0 173
69 155
72 173
133 159
69 141
112 135
125 135
100 130
86 118
87 111
5 164
44 159
65 71
45 148
104 150
54 150
125 150
147 150
19 135
19 163
105 157
3 134
3 100
24 162
24 135
34 89
34 78
51 128
51 142
18 178
0 178
111 178
157 178
88 178
80 137
64 80
8 103
103 160
58 103
116 177
115 158
158 173
116 159
37 75
37 175
35 71
17 35
56 94
70 107
61 70
70 110
70 174
70 157
85 119
85 152
64 114
42 113
1 113
97 175
97 100
121 154
151 168
5 121
92 168
43 114
50 122
58 170
6 32
32 127
22 62
62 92
26 47
47 171
22 48
48 79
78 139
94 108
108 111
75 109
109 120
77 103
41 58
147 169
124 160
40 161
40 173
123 129
10 177
10 69
63 82
63 150
2 156
2 157
91 167
91 115
13 143
13 136
9 126
9 82
27 95
27 28
29 84
84 106
84 165
11 98
11 102
30 162
30 179
46 64
46 176
14 176
14 93
21 90
21 102
55 131
55 142
20 118
16 157
16 83
20 96
33 73
7 23
52 122
33 58
38 132
7 149
38 99
52 59
57 60
57 123
