23.428616
196
31
11
184568
52 76
92 93
18 98
25 57
108 117
16 34
46 87
74 76
28 74
19 74
36 120
105 120
100 120
108 128
122 128
66 128
15 95
15 51
15 43
129 131
5 129
1 129
56 96
7 56
56 90
27 55
27 135
27 69
0 27
33 72
72 80
52 72
92 99
125 138
23 125
48 97
17 97
124 125
97 123
42 53
29 53
99 104
53 61
9 106
9 84
9 127
67 73
73 78
15 87
15 74
30 50
20 30
30 117
87 97
87 125
35 51
24 107
24 126
39 139
39 46
44 102
38 44
12 24
39 113
44 115
63 89
63 83
63 81
36 47
109 114
3 86
49 86
2 21
21 64
21 88
5 40
11 31
11 130
11 136
2 133
91 133
41 49
35 128
118 120
13 103
14 132
14 85
60 77
60 85
16 60
60 106
45 65
65 103
8 89
4 54
4 57
4 119
35 129
32 68
68 98
34 68
13 74
53 118
6 135
6 116
18 62
62 109
62 75
27 40
3 26
10 25
10 121
87 110
56 58
35 47
10 87
22 79
82 119
111 116
79 111
8 72
71 88
8 73
30 94
11 118
56 70
41 118
35 37
8 44
99 101
9 70
35 68
24 59
9 134
71 73
8 137
21 59
65 101
112 114
