4.938368
103
17
4967
143747
20 26
7 83
116 131
50 63
13 109
82 83
49 120
30 109
8 90
32 127
20 27
65 136
61 133
49 86
49 56
40 127
13 50
18 26
14 26
110 114
29 89
35 43
95 112
91 112
23 97
61 97
102 135
127 135
127 129
104 106
28 104
22 84
67 84
8 67
0 9
57 71
11 52
68 87
42 87
51 87
26 74
33 89
9 74
87 112
15 74
26 128
47 105
10 69
21 69
65 66
94 123
99 108
80 116
78 80
73 74
15 69
69 92
39 60
3 87
80 92
22 135
80 108
82 130
97 99
0 104
47 101
5 88
27 59
6 59
107 134
107 115
48 94
49 139
77 98
33 129
44 62
44 127
79 134
52 79
79 137
66 73
37 121
10 37
11 67
12 113
12 83
97 98
103 128
41 106
41 63
41 43
29 54
91 96
96 131
96 114
96 105
101 130
55 115
55 133
34 75
34 76
81 126
38 81
57 74
19 75
3 5
1 83
70 132
25 110
19 112
39 103
77 81
48 96
70 88
24 127
24 64
4 60
4 72
45 93
26 45
100 121
100 125
17 31
17 132
2 122
2 38
36 125
36 111
16 93
16 119
53 122
53 117
58 71
58 118
74 139
46 124
85 138
85 90
46 54
