3.772878
59
14
16
185520
31 82
5 57
0 78
38 67
36 83
38 80
38 86
5 64
5 8
11 82
75 91
78 88
17 88
22 88
1 93
1 32
1 5
1 27
1 36
1 7
66 82
4 66
41 66
66 67
66 75
12 64
12 59
12 29
12 22
6 18
6 48
6 39
6 97
79 92
37 79
10 29
10 52
5 56
37 96
7 44
44 73
18 45
4 45
45 81
45 83
55 94
55 92
46 49
49 97
19 82
71 82
5 42
9 42
76 99
47 85
0 47
16 85
14 69
14 38
35 60
58 62
62 82
62 98
38 70
13 98
21 48
24 50
24 52
1 79
74 91
63 99
63 73
2 5
20 82
3 81
40 88
15 27
53 94
6 23
33 66
54 96
23 34
72 79
25 54
23 61
56 65
44 84
25 77
72 87
51 70
88 95
12 43
6 89
23 28
23 90
30 33
68 77
26 42
28 60
