9.009043
526582
23
310440
590871
82 84
65 123
118 123
88 109
4 33
25 36
102 137
47 94
21 81
30 112
29 64
59 86
117 130
40 88
21 113
39 123
97 106
27 124
33 132
34 63
17 33
10 72
71 102
21 114
43 81
44 70
24 135
3 24
24 97
24 96
24 52
90 120
57 70
9 70
120 130
63 120
56 70
14 29
73 120
70 116
68 75
73 115
115 122
78 115
75 135
25 30
44 48
59 138
16 96
2 84
73 124
19 73
21 89
59 104
41 123
5 97
62 75
62 70
96 98
43 88
8 97
42 94
33 80
57 105
29 53
105 124
96 114
27 95
84 133
96 127
39 124
10 88
30 87
61 73
4 28
45 136
83 125
15 119
19 139
33 131
1 136
50 136
83 120
28 62
24 119
56 134
13 139
66 134
75 93
0 107
0 90
0 30
36 67
67 110
46 67
108 126
123 126
95 103
51 62
29 91
60 115
59 76
31 99
33 76
35 73
41 128
21 91
60 137
32 55
46 55
45 85
11 122
15 26
128 136
71 129
6 34
38 75
23 108
12 100
12 73
20 50
20 84
69 94
69 131
49 52
37 49
74 125
74 99
7 92
7 94
111 121
92 111
48 101
18 121
18 77
54 79
36 54
22 58
22 109
