59.359535
11
110
0
141866
134 150
153 178
150 246
145 254
144 439
144 319
144 238
142 278
142 271
137 225
157 495
129 283
128 465
127 314
127 276
127 173
124 480
120 458
119 291
181 278
193 404
190 408
189 280
187 433
186 234
185 371
185 296
184 331
182 283
116 121
180 254
178 392
177 453
172 324
169 450
164 495
162 285
160 375
74 379
84 165
83 142
82 303
79 425
77 294
77 121
77 93
76 185
74 498
84 329
74 332
74 308
74 300
70 465
68 224
66 447
63 185
59 480
105 218
114 126
114 120
112 392
110 375
108 490
106 325
105 448
105 444
105 239
194 291
102 347
94 487
90 303
89 427
87 499
87 440
87 350
85 150
324 459
369 464
368 495
367 414
365 447
357 423
357 378
351 433
333 404
327 458
373 491
324 432
322 373
316 439
313 455
288 465
286 414
285 467
283 309
406 487
490 496
480 493
465 473
460 466
454 458
452 453
442 466
429 466
414 431
280 359
405 427
404 493
396 408
390 408
387 487
375 422
374 385
374 377
223 306
243 269
242 481
242 412
234 349
234 321
233 373
225 397
225 268
223 441
243 456
221 424
221 295
219 304
219 266
212 459
209 489
204 303
197 433
257 374
275 427
274 499
274 492
274 476
274 340
267 357
264 425
260 426
259 450
1 280
254 385
254 284
251 408
250 488
250 323
247 445
246 359
243 497
49 67
21 419
9 282
10 425
4 394
18 465
25 140
53 351
53 213
52 213
47 242
5 200
29 282
4 236
23 200
50 230
50 84
49 277
25 237
49 453
49 436
32 260
8 178
26 312
27 219
34 114
39 44
35 356
33 282
36 269
7 418
7 389
15 411
26 311
4 474
57 213
39 80
31 453
205 342
188 263
26 258
25 315
184 470
26 58
185 482
183 415
198 342
24 27
330 374
334 433
335 415
200 407
200 320
200 305
339 495
188 463
24 403
195 223
24 494
192 498
341 391
341 458
191 414
25 201
158 229
163 307
30 292
161 224
354 494
30 463
355 376
159 345
159 217
353 453
155 360
154 354
152 450
152 373
151 256
150 380
149 223
149 213
176 235
26 446
181 245
346 371
179 475
178 451
28 347
348 388
176 435
183 191
175 461
174 317
11 87
352 363
28 445
167 337
166 214
163 425
17 447
285 435
13 48
252 468
12 285
287 399
16 223
12 250
289 391
249 404
247 292
285 287
290 434
245 299
245 268
244 273
292 348
292 479
18 95
19 37
241 361
15 51
14 56
14 74
274 446
14 221
273 277
270 354
14 291
280 302
280 317
13 356
293 403
264 298
263 281
262 485
260 302
16 116
281 486
283 305
16 122
253 466
212 485
220 221
12 154
217 245
216 346
318 402
215 437
318 447
215 256
214 370
320 368
316 382
361 401
211 381
211 279
210 244
24 86
209 360
326 342
326 398
206 425
227 250
293 422
296 328
19 410
297 458
232 442
301 357
231 475
231 420
228 478
226 363
226 325
225 415
310 419
21 478
223 265
222 435
12 225
313 485
45 112
98 303
4 305
96 282
413 480
96 234
95 462
3 398
95 228
95 196
95 167
98 427
92 476
417 438
91 291
91 261
91 179
91 166
90 417
45 473
88 324
104 107
41 480
42 478
105 449
43 355
43 464
396 449
104 462
398 421
104 261
421 435
103 485
45 69
102 131
101 364
101 159
100 289
99 411
99 175
99 171
64 263
73 115
72 320
72 289
71 433
55 168
68 417
55 383
55 399
65 470
73 141
56 364
62 174
62 106
458 477
62 97
2 87
2 25
475 483
0 273
78 214
88 274
88 105
425 461
46 243
46 487
86 248
49 249
84 136
81 226
148 195
77 381
3 20
51 158
75 490
75 113
443 450
449 480
73 262
139 388
130 163
138 372
138 402
375 486
376 406
127 461
38 254
380 465
369 416
125 409
125 331
37 230
39 54
123 408
382 390
382 457
131 489
135 400
135 332
373 451
133 161
132 321
7 58
6 455
148 435
131 344
6 338
136 242
136 433
7 199
37 386
130 287
35 354
147 474
109 490
366 382
393 416
146 364
111 218
109 178
39 191
111 384
41 260
40 310
39 301
114 170
383 484
366 416
117 131
118 219
388 401
36 417
290 298
470 472
289 486
420 428
430 470
358 413
362 469
13 272
358 362
343 376
12 60
11 203
382 472
330 336
395 482
330 342
395 486
11 156
131 240
143 199
138 206
136 471
132 279
132 208
38 207
123 252
118 255
151 407
61 315
170 202
95 253
22 99
