30.066667
1
37
1
1006417
60 139
7 91
7 66
19 79
20 40
21 99
7 8
22 29
22 46
16 129
59 106
60 64
9 100
62 113
63 133
65 113
67 115
68 115
69 79
70 109
73 139
75 82
76 85
76 90
12 92
3 126
5 43
4 60
3 110
3 14
2 44
25 61
1 21
25 83
26 60
6 97
57 97
12 128
12 28
11 25
15 80
15 104
15 116
16 54
16 100
21 48
17 107
45 82
34 55
35 115
0 79
40 47
40 49
40 132
58 133
42 100
43 87
43 111
44 129
82 94
50 93
52 85
52 115
53 97
54 74
54 96
55 120
55 136
56 59
41 54
38 129
32 76
33 100
84 109
86 113
86 138
93 103
93 114
102 129
106 121
106 122
107 131
109 138
125 128
127 133
81 139
27 46
27 108
27 134
29 98
29 119
31 107
112 139
13 120
25 71
29 37
37 76
82 130
37 79
37 97
45 88
88 137
12 130
21 130
67 88
95 117
71 116
71 115
71 113
10 106
49 101
30 101
23 109
23 107
15 51
16 77
53 101
18 56
39 55
39 93
39 60
123 125
2 18
72 133
10 139
118 123
117 123
10 43
78 97
3 51
7 78
18 105
114 135
97 135
89 124
24 71
72 77
13 36
88 89
