60.509012
3
101
19049
133500
174 449
215 342
139 326
134 137
7 139
38 103
115 356
140 337
264 353
30 271
68 71
215 329
63 193
1 172
106 200
135 274
29 124
238 367
37 426
168 203
286 364
141 421
150 367
414 422
95 137
31 405
257 316
68 146
146 362
68 275
259 288
125 351
126 307
262 441
98 430
120 349
27 307
291 441
130 332
223 409
40 425
152 426
91 367
1 10
316 334
32 333
36 285
290 427
153 333
82 254
14 76
166 349
55 209
163 229
268 398
261 428
111 166
14 346
93 369
193 302
185 426
98 297
362 430
233 288
1 210
285 414
133 353
88 229
209 442
269 340
372 394
106 194
397 411
20 111
148 294
127 293
13 41
12 91
138 323
29 58
146 372
79 338
165 352
25 31
5 375
73 111
0 313
137 390
404 441
17 338
31 243
313 317
135 396
317 419
314 362
151 273
333 444
380 424
54 403
373 428
8 170
362 378
138 288
69 177
98 388
109 433
226 330
39 130
81 168
267 315
17 274
130 298
105 424
40 279
123 313
149 435
222 435
164 435
380 435
49 435
183 240
240 333
240 338
149 317
262 313
95 123
19 223
123 428
19 98
123 285
19 49
311 401
311 364
141 311
68 344
14 37
22 351
312 362
196 352
151 187
11 41
118 177
9 171
254 370
17 354
48 129
258 413
270 316
101 269
68 162
77 364
136 400
267 360
348 424
233 340
99 337
4 63
420 443
188 223
323 440
171 276
141 197
104 111
190 317
285 408
130 410
2 218
4 50
190 302
322 419
306 433
111 406
335 385
256 372
21 254
338 422
66 382
206 443
117 372
68 309
106 224
274 282
17 220
177 231
261 326
217 415
147 440
235 399
1 114
63 246
6 375
77 354
290 302
21 197
151 310
268 321
28 215
267 308
85 265
142 304
282 304
211 217
89 321
157 177
93 400
307 384
229 280
363 399
13 222
143 386
289 290
352 379
232 267
2 204
313 448
102 294
45 74
3 107
242 397
6 443
115 145
40 284
139 387
275 413
14 48
347 389
42 294
260 300
272 338
216 413
279 441
139 432
139 148
167 397
183 287
17 43
34 290
178 293
154 306
12 347
313 318
2 214
144 403
189 369
134 231
174 340
98 161
168 383
24 433
160 440
45 279
305 419
228 235
116 369
55 164
60 91
376 409
64 223
141 169
87 215
108 375
122 382
336 428
2 237
199 426
302 412
184 235
26 45
198 223
86 420
320 428
139 445
33 64
132 170
183 369
87 235
27 239
246 293
191 337
107 423
4 100
45 281
115 277
57 420
245 325
88 202
202 353
183 207
29 431
130 398
377 382
40 60
265 296
38 364
97 351
292 347
119 443
65 157
29 173
170 429
299 353
83 265
160 203
135 221
179 209
111 210
253 304
121 316
209 278
288 319
312 447
183 366
17 202
101 447
151 202
278 375
86 92
39 73
107 449
367 386
321 386
125 395
92 434
62 103
283 288
208 228
113 435
255 325
131 255
201 386
82 244
227 240
115 201
144 255
181 208
267 283
16 208
94 195
94 317
175 363
54 175
175 436
212 229
244 255
176 283
301 338
67 301
301 371
311 357
331 357
61 398
61 411
61 265
29 159
159 433
159 426
23 202
113 159
235 327
225 326
80 225
230 353
230 384
247 445
239 345
345 358
252 447
252 330
252 334
237 252
58 374
251 369
84 197
31 84
24 156
186 266
57 186
90 285
47 245
156 170
128 355
355 437
340 361
44 315
44 437
52 265
176 439
182 347
303 344
303 416
236 293
236 438
226 241
241 368
393 401
279 446
75 135
321 417
219 293
213 367
213 382
59 217
65 324
324 339
324 328
110 171
110 413
155 339
14 234
234 352
180 392
180 208
112 165
112 248
30 72
72 359
72 398
381 385
207 381
381 391
59 110
96 250
96 274
51 341
51 392
158 350
158 371
53 161
53 418
46 185
46 263
18 217
18 106
78 335
78 402
35 99
35 318
56 260
56 154
205 337
205 351
70 300
70 343
249 365
15 407
249 298
15 20
192 248
192 295
