77.355178
202
106
124
43790
57 352
46 492
30 457
124 436
303 315
368 491
15 248
24 60
19 443
188 349
10 467
158 384
248 497
201 389
323 416
477 499
19 211
138 494
242 297
3 198
78 294
316 380
1 174
229 234
200 358
65 332
180 337
182 317
208 344
77 352
210 335
40 380
184 442
94 216
149 263
188 253
109 355
193 433
382 428
137 377
110 129
137 370
285 355
344 448
124 470
248 378
294 409
173 408
304 358
230 344
162 263
179 263
70 386
218 317
88 402
350 361
75 226
368 391
26 242
174 386
221 409
210 263
82 190
112 339
406 496
225 424
475 488
252 324
229 328
307 438
231 401
117 353
192 380
22 99
119 473
204 417
303 322
244 457
282 441
119 392
145 274
18 241
272 324
79 279
213 302
0 455
25 385
66 280
167 305
148 339
159 384
96 235
60 465
224 451
1 48
180 262
213 351
164 318
93 139
392 451
210 483
260 333
190 387
122 228
79 286
86 154
38 265
184 202
294 425
81 406
175 488
67 241
204 355
60 148
99 326
46 452
273 339
284 499
100 409
283 354
60 430
246 452
213 480
113 280
416 445
229 309
241 402
117 437
178 403
366 499
34 241
121 416
71 167
393 479
110 289
16 123
78 285
134 408
127 198
26 198
119 181
280 347
28 161
133 191
219 408
333 376
203 393
140 333
370 477
20 247
234 274
151 228
130 312
231 237
20 281
83 324
180 441
102 159
110 240
391 415
11 115
76 489
155 248
131 210
445 480
390 434
417 452
386 397
59 319
238 409
236 457
25 468
98 260
166 438
6 79
384 493
107 177
49 499
88 211
79 284
93 498
34 360
99 226
25 62
228 342
104 210
96 462
276 393
1 314
190 485
68 419
201 286
5 115
36 398
103 438
16 474
35 96
199 346
312 381
71 275
444 488
244 327
283 396
319 414
144 361
119 415
55 360
274 449
83 406
156 324
201 250
336 488
295 455
244 296
20 375
198 416
152 368
286 306
45 317
193 220
164 478
386 471
97 283
16 374
42 271
43 344
300 382
244 443
267 494
12 275
215 251
142 319
93 383
120 142
346 460
36 222
56 294
86 464
133 444
44 339
271 357
90 242
171 346
18 489
117 169
28 286
1 276
86 95
9 211
64 454
263 318
177 251
133 256
251 362
167 418
225 251
28 105
28 268
235 293
454 475
185 488
68 412
184 359
303 422
271 413
360 373
330 494
36 258
197 455
356 382
120 454
68 126
38 280
33 168
201 395
164 194
301 312
233 352
17 163
101 163
97 163
91 286
163 347
115 135
137 189
114 248
17 429
74 429
128 429
242 340
70 340
207 453
54 207
187 207
143 435
76 143
424 427
266 427
73 489
196 407
271 407
39 338
123 255
184 255
212 382
321 459
178 321
146 317
334 399
229 243
50 188
208 446
196 440
277 440
94 440
367 487
367 393
93 367
4 367
29 367
184 367
80 369
369 467
361 405
125 311
63 360
170 371
131 170
136 170
421 487
341 421
63 429
141 280
170 429
294 476
259 476
153 476
248 476
86 476
143 367
111 179
111 451
157 248
157 451
93 482
367 427
292 368
266 331
331 447
310 457
186 281
243 255
164 461
137 495
355 495
51 195
98 195
195 484
195 404
84 118
132 137
320 434
320 484
91 320
41 283
60 150
150 248
150 456
367 407
198 432
452 486
21 357
21 168
21 214
108 358
108 154
96 313
313 452
14 438
14 128
288 358
223 404
13 223
167 450
229 450
11 450
58 362
58 343
227 311
227 363
227 291
192 227
25 458
184 458
72 329
146 446
147 210
147 344
2 209
325 406
93 325
45 348
188 348
170 372
31 390
31 278
116 187
110 116
124 410
324 410
106 110
106 386
298 338
124 308
308 330
84 423
47 455
47 333
320 423
68 160
160 494
53 419
53 180
183 282
183 431
172 303
43 52
52 365
52 206
245 386
193 245
209 212
411 440
36 299
299 409
50 405
115 205
206 287
287 382
172 429
8 457
8 472
32 75
32 249
32 107
72 446
232 432
176 399
298 446
439 454
180 439
141 399
400 403
33 400
400 481
384 420
248 420
85 324
85 380
10 61
61 332
61 87
239 411
379 394
213 490
231 490
165 306
165 254
239 369
106 463
394 463
364 378
92 265
312 345
99 345
364 388
190 469
92 269
271 469
7 89
186 440
69 264
319 426
346 426
27 352
261 466
27 451
261 363
290 489
290 408
37 102
37 217
23 231
23 117
1 270
228 270
257 320
257 264
7 176
