7.218520
30
19
384145
700813
79 113
46 112
111 114
17 80
9 56
39 100
90 119
18 58
58 104
37 115
35 119
62 106
72 119
94 115
58 118
45 112
9 31
9 96
34 80
85 111
21 41
80 99
24 106
14 82
14 29
14 67
14 100
0 14
82 117
44 82
52 82
76 82
59 82
6 15
24 32
16 24
29 34
10 116
116 118
93 116
7 98
39 108
26 106
38 41
50 93
25 108
16 86
42 95
60 102
59 98
38 60
63 68
94 117
54 115
81 106
91 106
9 65
43 118
23 108
57 111
48 103
46 108
92 95
55 113
109 113
41 96
52 106
77 103
6 118
69 86
15 69
1 80
1 70
8 74
5 14
87 116
65 87
89 110
82 110
10 20
20 111
63 97
18 27
27 74
7 83
41 97
28 70
64 108
9 36
36 113
12 50
5 107
13 53
33 106
2 33
22 116
8 19
47 76
47 48
4 47
3 104
3 84
103 105
30 77
30 35
13 47
51 102
51 101
11 17
11 61
78 95
75 78
78 119
73 88
73 103
40 49
40 53
66 71
66 81
