19.243056
53
25
115
282649
44 86
35 57
0 2
4 63
60 71
26 59
36 94
93 96
33 55
66 86
15 55
4 87
74 86
51 84
85 99
2 8
4 73
80 99
6 24
67 81
30 53
92 95
77 95
37 95
40 98
68 85
57 62
26 64
75 78
61 80
27 67
1 52
50 98
2 43
67 70
52 72
17 98
34 68
21 45
45 61
53 90
24 87
36 88
5 57
57 77
34 97
45 56
14 26
10 93
24 58
32 60
54 99
12 55
42 60
22 93
19 36
79 94
41 84
36 74
53 79
48 52
7 77
3 24
40 92
65 68
83 97
28 83
78 83
23 84
68 89
10 39
25 46
24 31
31 67
31 64
11 69
11 46
4 20
20 52
18 39
18 76
31 39
16 95
16 82
16 26
47 99
47 93
29 45
29 53
29 84
26 91
2 91
13 98
13 60
38 86
38 55
9 49
9 82
16 25
