44.224685
249
55
57
102765
50 126
31 103
64 71
19 129
229 236
58 126
88 130
204 223
35 150
94 223
31 227
53 244
178 230
25 127
19 238
29 216
170 205
34 95
17 215
70 226
76 212
93 226
42 229
108 136
97 154
12 211
188 226
36 179
29 100
125 165
60 233
80 157
117 203
150 237
42 98
39 172
106 211
19 121
23 79
16 146
63 134
162 222
64 207
4 198
104 168
19 22
97 247
34 153
16 137
39 62
64 237
46 94
46 199
46 159
63 115
16 119
46 176
3 106
47 80
63 65
7 31
38 108
127 232
45 235
34 43
17 125
8 104
17 144
143 196
19 120
174 200
44 139
54 242
212 231
99 138
29 86
39 52
104 107
10 97
0 153
81 104
138 226
193 198
148 174
15 23
30 142
222 240
20 57
14 88
230 244
11 150
166 235
169 189
113 137
211 225
21 94
5 112
165 235
66 223
111 223
14 217
7 154
191 248
128 201
230 245
88 164
57 221
6 186
57 73
21 23
122 203
69 203
37 106
26 60
60 183
29 74
99 123
9 140
142 224
42 82
126 210
219 235
112 156
70 186
8 169
45 143
186 192
106 187
181 242
55 143
35 218
191 202
124 174
194 242
80 239
59 123
169 195
94 198
212 214
180 198
44 121
108 206
36 191
90 143
44 56
150 163
133 241
78 127
40 241
0 142
27 211
75 241
85 123
9 220
33 220
201 220
118 167
147 246
96 118
238 246
246 249
91 170
41 91
32 91
26 149
131 149
149 216
105 149
83 175
175 218
87 185
40 87
87 110
87 140
87 203
87 105
158 211
32 61
39 61
67 152
53 67
94 114
17 208
127 208
33 208
59 141
141 236
128 141
141 209
151 230
31 184
184 226
184 242
75 145
84 226
19 24
145 167
13 74
13 225
13 182
60 132
132 147
39 92
197 222
16 197
150 197
88 197
48 73
155 169
155 203
2 44
2 191
92 220
34 89
89 222
49 212
29 49
77 186
57 77
108 243
1 80
160 185
42 243
160 173
1 143
212 234
222 234
51 64
23 51
51 63
109 241
109 112
174 228
112 228
72 104
72 126
102 179
102 116
18 28
18 113
91 190
161 213
68 135
158 213
151 177
68 114
177 184
171 190
101 171
