3.633504
22
28
17931
120103
145 154
25 153
99 134
58 134
35 134
76 131
47 91
23 99
48 129
107 141
62 63
117 141
114 154
56 153
36 114
84 91
18 112
40 106
135 142
39 131
73 117
26 117
100 142
23 26
47 145
66 122
32 94
2 75
65 145
0 126
7 66
59 129
108 153
56 143
102 114
126 156
9 91
24 129
95 126
37 132
53 142
11 145
62 140
37 153
105 122
58 93
91 159
11 13
90 144
69 134
18 121
76 121
92 121
21 117
37 72
16 99
20 75
20 77
4 20
131 137
89 92
137 154
111 138
30 137
68 97
52 131
81 129
67 136
89 93
46 96
78 89
77 158
99 128
49 114
15 62
37 138
67 121
21 72
122 147
60 147
134 147
68 119
99 119
16 20
17 154
17 96
79 106
79 85
38 79
6 143
81 158
15 137
70 104
80 104
104 148
104 144
21 104
83 131
3 71
43 71
91 118
86 118
54 84
79 83
7 41
41 43
45 88
45 46
2 124
122 150
59 157
70 152
135 157
136 151
12 124
116 151
61 95
36 87
10 87
93 133
113 129
19 156
20 42
19 137
62 123
82 107
33 82
53 139
50 139
51 75
62 149
34 52
5 86
16 98
64 108
32 64
101 127
44 101
3 120
120 127
22 120
55 57
57 88
31 103
31 44
28 80
28 109
27 109
27 29
1 94
1 115
130 146
21 130
8 125
3 14
14 155
8 112
74 110
55 74
