13.500689
68
31
25256
117300
145 150
28 29
56 139
7 72
79 179
79 137
49 69
39 89
79 164
104 136
115 169
65 108
99 171
103 157
132 169
10 33
4 140
87 168
168 172
117 169
31 88
155 175
50 140
58 157
60 77
47 61
26 81
154 162
3 125
125 145
8 125
47 125
105 178
43 162
116 178
14 162
9 128
58 61
57 94
61 100
61 68
85 152
152 179
120 152
151 162
152 178
79 160
98 151
68 139
20 99
126 135
121 129
32 163
94 167
60 163
62 88
40 100
117 175
66 136
41 163
40 168
106 126
26 112
120 174
29 86
7 161
33 92
156 157
26 44
65 174
26 74
79 173
29 89
45 136
77 168
34 175
157 170
67 94
119 126
88 111
129 150
13 140
91 129
129 166
12 69
41 177
7 118
99 134
46 155
46 129
87 111
116 167
88 137
14 105
65 75
11 65
102 172
149 177
51 149
35 151
73 149
101 176
136 176
6 115
6 45
69 147
65 147
97 153
91 97
2 162
96 151
71 96
61 113
99 113
69 110
26 110
63 124
63 134
34 130
19 33
19 129
22 124
59 160
157 159
158 178
27 154
141 144
15 141
80 85
88 122
25 39
25 81
36 149
64 176
27 55
29 114
109 169
109 144
96 165
94 148
2 53
70 126
70 152
32 76
7 76
82 157
107 168
107 133
48 107
52 66
52 83
3 21
21 54
18 128
18 48
16 18
38 123
38 88
1 24
1 123
1 90
84 143
84 90
0 5
0 178
42 61
42 140
9 30
30 93
37 146
37 166
78 161
131 142
78 127
17 138
17 93
131 165
23 133
23 95
