27.951882
19677
51
5
292832
68 180
152 231
133 188
129 243
126 193
124 188
122 241
68 132
117 163
112 227
111 185
109 248
2 86
203 225
91 233
87 200
87 103
120 182
240 248
233 241
219 228
218 225
215 219
214 233
204 234
2 67
78 241
70 84
12 57
20 106
13 163
23 241
8 225
8 118
2 39
8 236
16 55
188 202
61 65
12 37
16 145
12 34
17 155
11 20
8 49
7 12
24 185
20 148
20 249
66 87
28 193
27 94
27 69
26 68
35 230
80 87
76 232
75 219
70 220
33 152
33 98
27 50
60 199
65 147
65 131
64 68
62 182
61 191
61 169
61 151
61 99
142 182
109 198
159 225
193 234
188 245
188 233
58 81
183 227
178 232
173 243
168 191
54 191
194 243
137 176
65 228
51 248
143 191
92 176
40 219
52 70
58 79
44 69
86 180
33 205
33 184
58 153
160 246
210 246
58 179
45 179
179 182
196 238
101 238
16 238
195 238
90 155
18 22
73 90
36 90
41 170
68 170
163 247
70 247
83 185
83 99
5 8
83 241
5 61
5 12
157 182
20 157
85 108
108 233
16 108
108 248
146 225
32 140
103 140
113 199
46 219
23 130
19 209
35 130
20 46
27 224
209 221
3 130
140 242
130 222
63 85
43 63
6 227
93 163
93 193
93 219
176 206
135 213
115 239
65 134
82 165
188 206
204 216
60 165
44 239
32 166
107 216
16 156
21 166
33 156
201 239
45 213
18 166
192 213
158 172
144 172
114 165
17 171
20 171
53 171
171 235
25 175
197 223
197 205
160 189
48 96
31 87
15 25
189 243
25 222
31 176
19 25
179 246
1 249
211 243
161 229
2 211
29 161
136 177
177 244
4 225
30 232
123 161
110 149
71 97
26 71
59 96
42 74
9 125
59 139
42 153
59 198
9 231
42 212
72 154
14 149
0 202
0 150
95 227
208 243
89 233
14 38
72 207
208 244
29 89
95 129
89 114
135 186
20 77
125 187
82 226
16 116
38 226
68 237
128 245
102 163
53 138
58 105
162 241
74 119
54 127
73 181
119 158
121 176
181 232
88 123
127 207
100 195
10 201
6 224
164 170
22 217
56 83
5 167
47 157
56 190
174 238
141 189
48 104
