61.862973
108726
67
432
111960
155 206
23 205
12 24
52 170
60 95
46 51
83 209
24 157
194 230
40 240
75 77
41 128
65 166
226 241
84 237
42 45
68 186
83 169
172 176
104 210
11 74
0 132
42 165
227 242
102 238
91 193
44 239
90 158
9 190
63 74
8 249
192 197
127 202
24 131
97 154
144 157
18 132
1 196
30 198
137 217
161 230
36 72
19 95
47 84
166 181
156 238
80 142
166 233
15 66
6 16
150 219
28 177
6 189
28 96
7 164
44 235
130 134
11 56
130 135
6 36
83 229
130 140
28 124
56 126
42 79
11 50
6 173
83 245
41 224
50 179
28 244
124 219
56 171
15 218
22 230
0 15
146 201
0 238
50 82
50 113
56 195
41 127
84 151
21 203
233 248
45 141
11 121
20 192
74 110
180 201
8 90
7 211
7 182
44 199
76 233
124 176
167 168
160 170
122 221
31 127
59 137
183 233
3 224
121 229
77 163
70 241
43 206
106 203
74 208
170 175
39 143
96 200
149 224
212 245
48 201
117 122
105 205
205 210
168 225
26 192
69 176
54 80
36 80
141 203
128 136
91 199
132 185
119 128
147 188
157 159
33 241
73 221
157 196
154 236
224 231
72 109
94 133
193 247
24 162
187 219
87 206
14 170
40 148
15 86
92 132
67 242
168 213
116 230
4 176
115 143
125 188
29 71
88 121
29 118
81 128
133 234
198 223
62 220
27 138
124 211
107 238
37 242
160 188
8 103
85 221
25 72
98 166
35 152
62 139
84 123
36 62
154 174
93 186
22 241
62 152
40 53
121 215
72 207
95 123
29 153
57 193
27 61
10 27
46 190
219 246
104 127
133 232
32 77
2 190
0 78
124 184
38 214
41 58
1 101
101 200
49 101
101 218
22 120
120 186
17 242
17 233
11 228
36 228
143 178
40 178
167 222
188 222
137 222
38 184
114 143
84 114
114 137
170 216
27 216
108 168
29 108
108 206
108 214
5 198
5 71
78 100
13 100
111 117
51 111
111 186
111 145
64 190
221 243
24 243
154 243
64 77
13 58
112 193
112 157
99 212
22 99
34 99
99 158
8 191
166 191
44 55
55 201
89 192
42 89
83 89
130 204
203 204
129 133
129 205
