24.177694
59
57
18
66870
172 198
168 194
9 110
127 272
3 104
7 172
46 169
22 169
169 209
194 292
139 259
234 287
141 216
64 216
62 216
84 299
243 278
136 172
3 216
116 255
116 191
116 286
104 156
125 273
127 259
36 127
42 264
38 104
5 254
26 48
96 145
7 242
110 188
14 110
59 85
95 214
291 293
254 296
129 254
11 254
33 45
30 241
132 293
18 235
113 273
70 85
165 242
242 260
242 245
162 280
85 105
16 262
99 293
144 145
103 104
172 208
81 202
202 247
51 264
63 202
2 16
176 241
124 145
67 83
83 195
122 281
152 281
34 174
34 151
34 186
226 283
226 284
133 199
133 257
153 240
4 290
98 290
229 290
90 270
73 270
184 270
49 225
108 225
90 263
49 263
192 276
65 276
180 276
116 276
146 213
119 213
213 294
31 76
87 115
87 285
87 231
115 135
119 135
97 161
111 161
25 218
77 230
249 274
107 249
31 249
44 52
13 44
211 219
143 219
100 160
92 100
96 100
84 100
73 238
197 212
45 223
214 223
138 252
33 252
164 202
164 268
98 163
97 181
18 149
149 154
149 182
139 149
149 277
54 185
19 142
171 235
269 271
19 88
88 248
77 147
147 153
234 271
25 88
15 94
94 121
0 110
50 241
50 154
50 280
232 268
224 232
187 254
183 236
80 130
54 80
80 162
66 70
17 242
237 264
169 237
193 281
65 193
123 246
123 285
24 190
112 221
145 227
228 250
74 228
177 228
93 250
83 220
207 242
12 288
12 52
12 258
101 102
102 256
43 127
43 194
173 245
71 194
55 68
68 182
8 217
8 95
8 78
40 216
118 278
39 118
92 157
157 194
74 157
9 157
150 297
26 150
20 166
189 244
15 189
34 126
61 287
5 61
61 243
116 267
16 267
75 288
75 197
75 175
221 226
69 226
158 293
230 263
4 261
46 253
83 253
261 264
142 225
222 294
137 222
227 240
53 172
53 169
187 270
85 282
241 282
236 270
85 179
179 215
213 230
27 264
35 210
60 141
201 264
134 216
28 101
106 297
6 177
57 103
57 183
57 112
170 225
47 121
11 58
58 79
135 249
120 295
140 274
114 190
120 192
114 217
48 140
104 159
205 293
159 273
233 299
233 266
140 289
170 276
275 281
83 275
16 82
34 205
200 229
89 295
89 210
161 164
133 251
91 133
135 203
21 164
72 163
1 216
1 211
236 252
86 185
66 181
23 170
75 87
56 69
20 100
41 167
109 228
102 220
86 126
10 76
204 207
87 298
265 279
71 279
155 249
24 32
178 219
189 265
117 223
206 252
128 271
94 251
93 131
109 196
148 204
8 37
29 157
61 239
32 41
