48.671245
14
69
2
304819
235 258
87 247
88 132
90 285
91 250
92 112
92 146
93 237
94 174
95 111
95 142
96 97
96 124
96 197
85 276
101 146
102 113
102 155
102 260
188 267
102 277
103 106
103 151
103 223
103 225
105 131
105 152
105 252
107 165
107 200
226 249
56 253
57 118
57 256
59 144
61 83
62 168
62 189
65 160
79 174
69 236
71 296
74 249
76 209
109 210
76 287
77 138
77 187
78 254
83 251
80 222
81 86
81 221
81 272
83 172
84 115
77 293
133 169
188 299
162 269
169 193
171 212
175 263
175 279
179 243
184 250
185 258
69 119
119 150
194 253
199 220
217 280
218 250
161 233
227 243
250 264
66 135
161 186
253 263
253 298
261 296
262 265
264 296
265 281
266 269
269 278
277 296
280 286
127 140
110 132
112 125
112 190
114 121
115 241
115 277
117 289
135 182
119 239
121 205
122 152
122 295
123 169
0 249
129 208
132 196
117 294
11 181
135 270
140 149
144 231
148 222
154 243
160 207
160 209
161 176
87 201
41 237
52 96
14 175
50 272
5 137
30 237
31 174
48 117
46 280
37 49
33 95
34 76
29 188
34 140
35 175
9 265
12 140
76 273
17 258
43 90
16 122
37 275
37 242
37 134
37 64
25 146
2 225
27 115
38 107
19 87
2 274
2 195
2 63
22 157
22 53
21 121
98 112
141 263
143 146
143 169
141 290
141 212
50 141
87 143
141 255
85 202
39 202
202 265
202 213
1 129
1 216
1 255
18 75
75 269
3 75
8 268
77 219
29 128
81 271
64 268
110 224
2 271
2 219
137 215
140 240
135 234
234 297
116 121
213 240
40 250
72 153
108 191
73 198
215 223
100 215
240 269
96 116
170 258
26 108
44 108
0 40
62 232
103 170
18 166
166 227
156 160
145 276
145 247
147 178
166 259
10 36
36 76
156 174
54 112
72 145
54 95
178 182
178 246
36 248
197 204
204 280
183 292
130 282
183 274
130 171
204 210
204 238
130 164
120 220
120 158
120 236
263 288
254 283
94 104
57 180
76 180
199 283
3 283
81 229
214 297
203 222
159 228
6 159
244 277
67 181
122 203
5 214
47 109
20 90
58 67
23 47
78 159
83 230
82 146
51 214
60 144
4 57
99 237
13 105
99 249
32 161
32 107
4 37
7 119
7 188
11 24
13 90
22 32
37 60
60 280
24 284
24 89
70 117
70 132
70 265
75 141
55 75
22 257
174 177
132 211
105 206
147 206
26 211
62 173
2 42
136 284
28 76
136 222
42 93
126 144
6 45
163 248
173 269
15 176
15 191
143 198
143 245
128 291
167 224
192 240
215 230
139 143
68 75
