85.450000
1
107
15
180749
131 370
99 336
135 169
37 123
36 347
35 189
34 300
34 298
32 95
31 301
38 390
93 305
30 356
199 218
15 307
201 314
13 329
155 158
98 361
3 46
7 290
18 324
56 162
56 103
54 247
50 72
47 68
76 270
20 89
201 356
56 171
2 106
131 311
2 280
2 248
2 174
82 86
124 328
204 230
159 218
158 175
156 365
156 323
1 97
218 345
215 339
331 383
46 48
177 338
201 380
201 375
184 263
19 38
193 394
27 325
179 277
160 301
99 221
198 212
11 99
184 353
187 367
189 236
189 272
180 301
192 340
63 292
30 213
132 300
28 167
98 130
183 192
192 220
41 377
43 204
67 161
7 362
66 242
156 362
41 360
97 362
305 310
143 372
91 372
63 349
230 242
79 279
81 207
7 26
63 242
68 190
60 151
83 151
66 229
276 368
297 358
132 241
145 241
241 369
56 368
189 368
288 358
266 358
51 358
68 255
9 297
103 297
27 297
265 342
144 342
23 342
320 383
107 360
148 204
77 198
88 341
13 219
66 150
75 359
10 270
9 326
9 279
9 141
61 89
227 298
137 185
6 33
5 169
16 204
122 347
66 363
70 161
27 233
195 383
6 383
59 338
57 86
123 302
14 333
38 356
73 204
287 347
27 50
21 333
137 310
79 116
17 398
15 392
69 158
74 187
137 264
45 97
100 145
132 261
149 243
132 317
148 218
152 167
146 165
137 262
124 399
181 270
0 63
145 366
156 181
145 251
148 398
91 183
276 304
137 224
30 322
243 275
24 188
109 166
126 205
109 278
89 106
89 140
90 172
108 192
92 276
223 245
94 298
95 254
95 257
96 107
97 283
124 154
129 158
169 193
123 328
172 327
123 269
303 333
119 267
129 386
129 294
87 348
116 321
359 387
125 247
277 393
164 208
119 240
87 379
129 275
172 376
124 319
142 324
285 357
87 316
284 324
119 344
98 385
161 334
119 210
118 165
41 214
41 194
105 305
147 151
229 248
245 331
108 285
116 228
184 205
109 114
274 291
102 313
110 277
111 230
112 113
341 352
312 339
391 397
359 396
350 384
350 389
276 382
247 378
243 260
109 299
234 351
232 285
104 245
271 338
172 299
43 60
13 33
165 210
182 398
164 235
207 364
222 291
285 315
86 127
230 281
167 346
318 341
339 355
15 371
343 391
346 361
102 331
169 253
30 191
164 289
244 253
95 253
291 328
115 198
108 359
106 341
184 253
102 136
107 246
230 337
156 195
72 188
286 291
102 196
238 239
250 398
161 240
85 131
38 273
46 126
240 339
234 239
25 239
270 354
259 367
249 367
245 332
243 306
112 168
305 308
203 369
330 369
153 369
106 231
211 298
388 395
165 211
13 211
299 335
87 117
46 117
117 347
7 117
15 268
268 336
217 243
124 217
131 217
57 374
121 240
108 121
258 356
178 394
176 178
238 282
206 372
206 247
99 206
55 253
29 331
134 207
23 133
47 134
133 395
42 51
225 328
225 241
231 282
258 335
65 247
21 65
163 381
107 163
282 335
7 12
12 107
62 392
62 391
309 368
139 382
139 153
112 139
120 299
120 188
180 202
202 288
78 351
53 78
138 310
138 362
8 242
8 342
256 265
256 350
55 71
22 68
22 324
22 277
158 200
4 129
4 86
170 347
71 186
80 112
40 167
40 116
128 186
58 179
58 64
134 282
209 338
207 209
84 239
84 164
237 381
237 252
39 98
44 115
44 165
44 293
49 262
49 74
101 367
157 296
157 333
226 296
173 216
295 373
52 226
12 197
295 374
170 173
