5.797894
43
24
3160
136728
81 84
38 123
45 123
86 111
70 102
6 70
47 111
101 115
17 89
42 136
118 136
17 139
57 84
32 115
95 134
73 84
59 97
113 123
36 51
17 55
35 136
19 29
111 137
56 128
43 95
8 70
8 87
72 115
59 61
36 108
32 100
22 100
49 59
24 100
30 46
46 114
54 82
69 82
82 91
42 138
123 138
1 109
1 95
65 76
44 76
77 82
18 82
66 138
100 138
100 126
46 126
47 53
53 133
53 82
104 138
107 113
28 128
54 131
128 131
51 63
29 107
24 63
63 93
41 76
103 108
70 103
10 73
10 108
27 122
122 136
1 122
50 95
50 59
34 84
34 111
27 74
67 74
31 68
68 136
9 66
3 115
64 136
76 121
13 86
88 101
0 88
53 129
13 76
58 95
26 93
94 135
59 105
77 92
90 104
37 125
37 87
52 65
69 96
16 29
5 30
3 98
18 79
60 108
33 132
1 33
60 94
39 116
14 59
14 130
75 83
75 135
39 64
85 116
62 85
85 112
12 40
12 49
25 124
25 29
4 114
4 117
11 99
11 130
11 48
7 84
7 78
71 119
71 81
71 127
20 120
20 56
21 127
21 106
59 80
17 80
15 23
15 40
2 110
2 112
