132.516667
1
147
29
164478
33 404
138 287
38 367
117 218
15 225
68 111
18 164
18 154
68 175
68 290
68 307
37 166
25 262
42 103
34 314
42 166
206 406
14 204
70 299
71 241
12 323
11 322
73 98
69 176
32 409
55 495
33 370
16 365
231 373
123 258
144 388
144 447
145 381
145 399
42 240
53 409
4 304
202 390
55 132
55 293
49 431
40 299
144 264
54 423
57 474
49 296
70 204
60 345
57 279
2 377
206 243
36 451
46 365
44 263
35 479
44 306
2 435
292 467
294 444
299 416
301 448
284 374
262 458
269 414
270 468
17 202
272 396
259 440
57 100
115 227
287 299
42 423
46 285
58 159
262 297
285 289
285 334
285 353
20 313
19 60
116 350
205 333
60 147
109 253
60 486
57 478
58 101
23 204
22 477
21 467
52 409
271 272
65 265
52 451
204 454
33 378
41 145
4 268
2 352
61 412
63 441
65 105
19 350
8 162
19 475
58 113
4 132
4 131
90 326
79 479
112 199
149 174
74 383
44 422
84 247
18 64
117 472
272 432
119 244
59 198
85 294
80 83
110 261
110 438
78 110
108 227
90 373
201 489
0 86
104 443
89 135
9 436
49 188
120 442
121 281
122 201
122 247
89 450
107 193
164 215
215 497
7 221
74 164
74 357
126 262
439 480
250 480
77 158
122 309
89 130
103 209
101 310
305 422
124 214
8 480
174 422
97 218
90 99
48 343
8 267
117 465
91 313
75 310
76 350
74 182
29 240
73 487
118 365
103 132
94 314
95 144
49 481
109 112
46 412
47 174
48 274
48 288
148 455
90 469
102 477
145 452
92 305
93 120
103 428
104 136
104 202
50 169
51 55
52 270
26 202
7 136
89 410
30 476
125 257
114 185
229 444
87 305
146 294
96 166
73 405
101 367
201 300
83 88
8 317
83 346
351 391
106 178
191 412
252 275
236 356
200 350
229 404
148 295
148 372
143 441
5 176
83 303
140 414
210 423
178 329
138 369
139 198
230 351
282 309
240 392
371 400
344 367
351 482
213 281
214 255
214 264
214 478
171 216
322 469
371 494
218 355
0 31
141 328
66 120
207 449
252 395
165 465
166 340
169 358
170 321
171 173
217 225
136 163
276 423
137 320
174 379
174 389
176 233
142 365
219 465
178 461
164 431
128 229
132 323
133 259
286 324
280 328
193 347
239 277
137 433
137 483
192 484
371 475
206 496
195 436
194 386
196 258
185 205
186 270
201 278
258 446
65 333
43 169
218 379
193 407
176 381
138 237
229 488
184 313
197 465
198 458
199 375
244 291
188 198
257 419
190 305
247 393
231 386
220 409
221 270
222 476
179 472
225 427
226 272
227 228
286 298
245 449
236 432
162 241
240 341
224 299
180 322
181 199
187 229
134 137
362 426
158 167
33 168
412 463
242 475
189 351
236 354
246 308
259 307
250 380
361 472
362 381
183 185
367 377
368 441
67 246
158 211
66 478
18 470
257 404
374 428
382 484
385 439
386 387
309 473
413 467
411 429
246 363
252 428
318 460
318 325
313 469
158 458
360 437
39 325
281 320
281 359
149 217
302 437
241 315
420 436
241 401
250 434
367 402
244 491
286 376
335 349
277 490
150 250
27 236
160 448
164 258
248 443
249 448
259 364
45 374
28 371
58 398
70 169
328 418
348 419
41 417
172 322
461 463
335 415
335 493
336 437
337 451
342 443
343 405
254 438
476 485
429 439
320 484
335 346
252 410
153 325
155 475
156 309
157 472
314 394
310 312
44 430
464 475
72 430
104 397
459 484
253 283
330 449
246 492
479 499
408 451
321 462
323 498
171 403
136 177
286 307
319 477
243 432
3 81
321 411
254 277
152 374
122 238
89 492
323 425
325 492
247 391
439 445
443 466
40 430
257 332
441 478
256 310
331 362
238 422
48 384
144 384
327 362
178 497
227 384
65 497
428 448
307 397
453 477
241 453
73 453
151 253
235 458
273 384
19 273
456 479
215 456
2 456
321 456
117 366
366 480
1 478
1 52
235 471
266 290
0 266
238 339
208 339
209 251
208 251
311 381
209 311
203 453
203 346
0 212
171 212
212 491
234 414
234 449
234 277
234 244
215 338
338 404
49 56
56 372
56 467
81 232
232 450
161 351
161 193
161 386
129 492
129 432
260 346
260 424
260 421
72 316
316 457
10 110
82 244
82 314
10 476
13 62
13 432
6 199
6 148
6 437
127 185
127 328
223 320
223 469
24 206
24 436
