9.212064
20
27
99633
345125
43 172
38 159
88 116
36 109
9 52
118 154
80 96
70 93
64 172
80 143
66 105
92 147
3 93
41 136
139 151
31 162
85 93
32 147
26 146
120 160
9 77
72 138
161 173
62 173
60 164
38 173
37 145
85 158
44 140
46 172
116 178
139 172
9 118
16 140
9 102
8 80
9 155
9 148
126 170
10 17
17 48
121 146
113 136
57 80
126 127
58 136
109 145
23 54
163 169
101 165
4 95
141 160
24 101
17 132
9 86
169 175
31 109
94 170
170 176
32 47
28 87
2 160
103 169
32 129
17 89
80 169
24 133
133 134
19 133
96 153
1 149
21 77
21 150
127 177
14 68
168 177
120 166
60 166
97 109
74 172
17 74
1 68
107 177
122 138
122 158
117 122
106 173
106 111
39 106
50 106
106 156
107 137
108 151
28 108
37 108
108 173
14 108
74 177
108 166
7 64
7 92
27 117
27 94
30 119
87 119
69 119
119 155
0 116
0 170
42 140
42 173
35 133
40 146
123 134
123 170
130 166
112 119
33 82
50 99
99 128
110 121
110 156
59 93
59 136
56 73
56 146
12 113
11 79
79 154
102 135
20 135
91 125
91 111
55 128
55 167
81 86
5 149
4 5
5 82
5 153
2 6
6 49
13 72
3 114
63 81
95 104
104 144
112 131
71 152
76 157
54 157
71 119
18 80
18 61
51 157
40 157
73 115
100 115
98 100
90 98
98 105
15 53
15 162
83 90
83 124
25 61
25 45
65 160
65 142
84 152
84 179
67 124
67 78
29 66
29 174
34 171
22 75
34 118
22 23
