42.101913
77
80
18
51128
212 229
79 367
315 346
320 346
99 207
157 373
29 157
212 226
194 295
79 244
180 264
212 251
289 321
203 395
64 101
184 191
106 260
134 280
186 212
243 251
154 182
112 295
312 317
49 248
28 197
54 306
42 265
183 315
36 53
105 388
288 321
82 100
25 266
4 280
79 346
96 129
157 369
110 148
286 386
17 79
286 324
6 355
6 32
6 31
157 234
209 304
209 250
12 279
12 47
132 209
129 245
129 169
122 358
180 360
58 266
266 393
1 91
87 200
15 395
206 240
225 232
232 343
3 12
89 156
89 102
76 89
183 395
13 213
213 375
174 286
173 280
48 94
48 211
92 148
90 253
303 309
64 266
253 351
197 253
48 152
9 64
28 321
358 378
2 296
128 342
38 210
95 357
125 243
240 379
114 292
114 338
223 261
232 374
45 213
126 130
148 198
283 347
208 309
136 240
204 295
137 200
271 309
19 191
82 358
42 114
144 336
126 230
114 298
153 185
44 380
44 314
336 340
336 349
79 336
125 280
191 319
185 281
258 346
180 305
48 177
286 358
57 309
38 229
125 381
125 151
66 127
127 224
7 246
246 307
40 198
149 185
21 69
126 147
38 113
38 187
69 156
69 116
69 199
39 44
83 391
170 391
40 398
333 398
363 398
93 376
368 376
283 384
26 384
323 384
104 384
142 242
142 300
36 291
99 291
71 146
95 291
53 146
145 302
145 337
145 217
86 276
59 276
123 399
268 399
234 399
200 399
62 218
14 326
14 365
62 98
14 370
62 205
2 43
308 348
278 348
118 361
284 361
106 361
164 361
88 233
50 233
71 364
124 364
49 322
312 322
223 322
191 274
213 274
209 274
35 274
11 139
64 139
21 237
290 386
79 222
126 222
252 293
123 293
54 293
272 352
272 298
52 272
313 352
311 313
60 313
30 329
323 354
133 392
100 392
64 334
334 358
321 334
170 334
227 334
277 331
166 394
371 390
270 357
5 280
264 277
207 371
113 270
192 235
65 192
216 363
221 342
185 377
255 270
164 216
125 389
26 371
257 389
34 126
34 286
103 150
103 105
57 103
93 103
86 108
44 108
302 335
50 78
48 78
78 201
263 395
84 263
48 263
153 318
154 161
161 163
109 278
25 158
158 212
158 239
35 396
316 396
80 294
63 227
172 340
1 172
172 238
190 252
52 155
74 155
155 201
155 248
194 259
69 117
189 321
237 391
160 265
160 330
10 353
81 383
383 388
6 362
346 350
157 350
295 350
59 254
246 254
202 266
121 212
180 228
29 228
6 140
140 267
215 296
215 282
16 215
222 398
178 367
30 269
269 294
269 387
20 118
27 65
27 182
20 55
37 176
27 368
37 177
37 68
255 397
75 347
68 138
138 175
138 287
200 310
77 214
77 344
180 285
232 249
240 339
336 339
331 385
282 299
127 332
256 332
200 299
120 356
97 111
120 317
97 257
97 162
120 128
362 376
72 125
44 366
114 366
22 256
22 85
269 398
6 247
165 304
246 297
61 326
41 355
295 372
107 175
129 196
127 179
46 208
11 46
143 306
196 309
46 382
148 262
143 241
119 319
119 230
12 195
220 267
220 273
51 361
14 121
259 348
135 162
33 344
188 232
233 301
318 364
131 241
73 290
222 231
167 222
72 145
142 359
142 262
341 392
70 341
0 384
73 327
167 181
18 327
0 62
18 193
24 117
168 396
8 24
33 376
394 397
43 188
233 325
109 219
254 328
219 236
179 322
178 353
56 274
67 290
115 272
23 313
171 392
195 293
159 396
275 353
328 345
75 141
