12.077420
59
21
159579
194560
63 97
24 113
78 93
51 84
1 113
14 72
3 43
43 118
69 97
0 29
6 73
1 72
44 95
95 99
94 106
38 100
7 51
63 100
46 105
66 72
12 111
73 91
53 107
12 57
16 22
22 55
22 112
22 41
15 48
48 72
48 91
22 48
13 43
81 118
59 107
47 106
1 26
81 104
45 91
93 109
79 119
46 64
64 117
52 78
79 111
54 93
10 64
83 101
43 108
13 110
5 91
44 104
65 79
18 106
75 101
101 107
99 115
30 99
12 89
51 90
1 35
68 99
50 72
50 61
36 51
38 88
15 88
88 110
79 88
43 96
9 79
31 33
12 33
36 74
22 60
60 84
60 80
76 97
32 76
42 67
42 80
48 85
49 85
27 74
19 49
19 34
1 103
91 98
25 62
56 96
25 98
56 102
8 99
8 70
8 117
18 28
28 83
0 28
28 58
82 107
64 82
12 23
23 116
20 107
20 87
39 40
39 104
37 40
37 114
92 93
92 104
11 52
21 75
11 71
4 61
2 29
4 86
2 17
21 77
