12.250318
7
27
151052
675527
57 103
6 37
31 136
97 104
54 84
94 122
44 94
4 12
61 113
78 81
67 136
49 99
14 97
7 109
34 75
78 122
30 86
11 134
17 92
42 138
111 122
90 96
25 89
66 94
3 9
13 94
61 107
42 79
23 95
17 121
75 121
53 127
107 127
81 127
91 121
63 95
63 98
63 131
63 94
6 63
52 95
52 87
56 91
82 95
50 87
20 52
50 56
43 52
87 88
57 89
16 55
30 58
13 29
43 101
72 137
98 134
84 126
28 77
53 124
25 56
138 139
41 77
1 53
99 113
26 29
5 100
83 138
5 40
82 109
0 109
57 74
32 119
81 105
88 119
44 138
4 19
97 118
122 132
2 107
81 129
4 9
8 107
76 101
81 85
21 53
55 94
34 84
5 125
17 64
17 90
24 77
22 57
49 102
73 79
47 127
120 121
102 130
4 120
47 136
95 110
38 110
51 108
38 108
27 123
27 79
45 109
45 97
94 116
28 60
38 115
2 65
5 65
39 116
60 100
22 135
30 135
51 133
10 133
112 121
112 128
59 84
69 71
71 72
62 71
33 123
33 93
35 76
18 77
70 138
70 114
68 114
68 106
18 71
15 80
15 30
36 80
36 117
46 48
46 89
