4.376969
24
28
36012
411086
134 164
138 144
131 156
122 153
3 153
11 164
60 136
127 164
54 85
10 165
4 73
72 172
151 160
84 168
51 85
32 122
73 165
74 102
119 160
55 129
38 115
128 129
138 169
3 129
69 172
19 70
88 155
77 139
88 126
67 88
88 113
88 179
14 25
25 33
45 57
57 79
57 121
85 121
6 57
77 150
44 94
44 166
44 140
17 44
139 154
139 165
39 139
23 139
105 169
62 165
104 126
39 107
111 122
104 160
83 164
151 162
42 100
23 170
134 166
149 171
17 29
146 179
138 153
4 172
85 152
0 157
62 152
28 106
110 122
100 102
90 102
49 121
29 75
146 152
94 102
63 72
30 71
41 138
29 156
47 154
29 120
59 79
81 107
107 131
33 93
129 150
55 168
43 78
43 112
34 48
48 162
48 171
135 164
109 135
15 83
15 71
139 173
93 173
89 111
76 89
28 89
58 105
24 155
24 112
7 107
7 70
40 178
121 176
19 40
80 129
22 176
57 61
20 61
117 167
160 167
109 137
103 146
103 157
53 114
53 159
0 53
170 177
52 177
5 101
101 122
113 125
12 106
87 125
31 178
46 107
65 129
35 114
147 176
91 116
116 149
116 132
50 175
6 50
97 114
97 99
13 97
158 165
64 137
18 161
36 168
36 38
158 161
21 107
21 124
98 115
98 142
86 168
86 145
8 96
8 133
8 174
8 153
8 27
66 130
130 133
2 59
2 136
37 45
37 141
108 114
108 143
26 87
26 82
8 148
16 66
16 163
92 95
92 141
56 114
56 68
9 117
9 118
1 63
1 123
