10.473842
10
24
163312
665371
19 58
41 128
52 129
91 131
34 136
39 58
42 124
65 132
123 128
18 73
117 134
113 118
121 123
26 52
14 103
4 48
7 136
95 130
57 130
16 40
43 136
13 129
2 31
103 129
106 108
18 57
84 131
32 131
80 108
61 117
30 61
65 116
52 72
8 53
31 86
15 65
94 113
42 64
4 102
16 136
19 124
42 46
33 121
98 103
68 73
90 94
63 121
65 101
52 60
121 129
74 93
25 53
42 116
31 125
25 68
107 134
4 87
41 104
32 119
58 139
53 107
53 114
108 126
28 94
73 127
67 120
4 50
21 100
4 70
70 131
70 88
1 134
38 107
38 65
3 99
5 38
13 69
76 107
47 89
89 112
88 89
11 77
5 11
38 89
89 111
35 134
35 83
96 105
43 105
105 122
81 105
33 105
3 105
27 30
22 27
27 97
54 82
82 108
36 91
36 99
66 73
31 66
29 83
29 108
24 56
62 94
58 62
21 59
59 120
40 59
100 109
79 109
6 103
56 69
42 45
20 48
71 118
7 51
51 92
24 115
110 112
93 110
110 135
9 70
9 44
37 137
37 101
55 136
55 85
12 74
12 133
10 138
10 104
23 137
23 49
0 92
0 75
17 87
17 78
