14.424627
72
28
1831
143343
53 87
61 79
118 137
69 118
27 145
56 72
64 86
58 112
32 63
74 130
114 145
104 107
66 68
143 144
84 92
12 141
88 92
116 121
99 150
145 156
26 158
9 115
107 133
31 68
30 135
63 149
108 118
24 82
16 36
33 130
57 117
57 70
57 150
42 117
0 117
93 117
117 119
56 87
23 135
70 101
73 115
126 135
19 112
16 109
52 77
11 158
44 79
48 135
4 74
61 147
59 102
63 90
7 69
3 12
42 73
113 150
107 127
87 136
134 150
59 67
2 128
10 42
27 92
84 89
115 140
98 158
7 82
126 158
9 96
38 86
142 145
2 17
12 41
31 154
92 141
12 99
42 110
11 83
18 142
14 31
37 115
87 153
2 35
77 112
16 138
50 96
67 103
54 96
20 121
62 89
18 86
23 111
86 123
118 123
6 151
6 158
96 106
106 121
22 151
22 95
22 63
22 62
119 152
16 152
45 51
51 83
29 67
32 46
19 46
46 155
25 66
29 115
42 139
133 139
12 39
25 101
72 81
16 85
5 79
5 36
71 105
71 79
76 124
105 124
57 60
91 135
51 81
65 145
40 85
78 140
43 102
55 74
112 148
28 116
28 47
47 120
120 143
100 120
49 97
49 111
55 148
45 75
75 159
15 63
2 15
1 57
1 122
92 132
132 146
34 125
80 94
34 52
80 146
13 63
13 129
8 129
8 131
21 144
21 157
