53.986351
11
88
2
149910
157 270
200 368
47 389
48 351
49 139
49 147
49 186
212 354
51 343
205 329
54 141
204 328
44 338
56 257
47 60
61 130
61 194
61 197
62 228
179 393
179 372
64 394
179 216
223 226
221 301
177 340
66 297
67 159
41 387
230 261
228 345
36 351
223 278
223 267
114 222
66 136
220 354
219 261
41 190
41 302
41 355
68 333
42 368
43 301
43 366
135 331
100 261
217 358
45 233
45 244
45 329
215 218
214 327
99 323
138 331
90 283
141 295
90 378
97 348
95 370
128 285
94 174
94 101
128 374
128 398
131 377
20 185
45 143
105 139
105 329
121 354
108 329
119 218
117 159
114 366
112 133
112 149
112 163
20 37
83 228
71 336
169 249
168 240
161 218
75 328
159 167
158 387
155 394
45 134
17 162
155 322
79 114
80 381
47 357
151 277
149 343
148 310
148 224
148 158
146 371
86 131
146 299
146 214
145 314
142 277
141 380
255 370
336 388
306 340
5 195
13 319
5 96
5 68
297 368
20 61
336 337
20 102
296 319
253 348
4 25
344 368
348 353
250 301
20 386
17 227
318 343
316 397
15 66
265 340
231 258
262 389
316 324
17 74
47 334
25 391
323 350
327 336
259 343
18 249
312 316
331 364
335 350
257 287
29 333
381 399
26 292
240 291
240 282
238 239
280 370
281 351
29 309
11 358
29 395
23 81
22 338
31 314
2 25
11 40
358 382
235 350
360 381
350 365
247 257
276 328
187 394
30 240
23 132
25 265
249 341
23 359
243 338
242 269
241 350
277 355
354 389
9 196
70 331
70 252
70 336
70 114
70 248
78 317
94 317
26 308
157 308
46 308
131 317
251 308
330 396
5 330
69 73
73 295
240 330
153 330
66 140
140 146
12 28
12 389
57 257
7 36
7 185
39 329
7 104
39 338
39 131
39 98
7 392
241 346
353 384
201 384
196 384
311 346
98 254
99 254
322 346
209 254
307 314
218 367
59 150
107 126
206 290
194 367
126 248
131 206
141 150
150 179
300 373
90 206
257 300
45 150
95 202
85 264
85 256
55 176
115 223
29 115
55 215
92 277
59 85
49 115
10 19
236 304
236 320
236 389
231 271
200 236
170 373
266 396
170 383
266 345
89 170
63 381
63 114
170 178
16 91
58 271
10 16
16 172
16 279
24 242
6 316
6 351
24 325
24 279
24 262
50 292
6 49
6 319
50 107
50 274
282 288
90 152
94 245
109 363
23 273
41 245
46 294
218 369
225 284
228 273
154 339
171 288
154 284
35 238
32 363
0 294
28 35
89 339
27 35
268 340
127 269
52 137
118 389
17 263
20 77
207 316
263 331
38 234
91 313
286 370
2 160
159 352
188 261
258 356
342 376
268 301
34 350
356 385
65 127
315 398
210 342
125 315
137 290
160 181
125 127
188 360
313 383
160 319
183 349
192 233
33 165
61 120
1 276
180 239
1 22
192 260
193 261
193 343
8 326
76 321
76 173
166 180
122 183
14 337
116 153
116 362
120 348
165 376
14 124
106 192
246 249
40 76
184 347
8 270
33 111
3 148
93 208
93 303
123 368
103 203
103 164
53 103
111 272
123 358
111 144
93 252
260 298
114 275
320 375
20 156
113 131
109 199
164 191
173 379
203 332
9 202
32 88
211 274
213 272
232 303
88 311
175 349
182 244
305 338
82 267
82 314
57 229
57 129
307 361
12 293
39 110
57 246
7 165
21 92
84 115
19 234
77 271
63 183
19 184
19 103
9 237
140 390
110 352
21 87
198 254
189 229
72 129
271 289
