33.318321
46
74
12
58332
165 218
132 222
78 267
148 267
115 267
34 339
181 300
204 300
209 282
73 206
73 87
73 321
50 73
192 300
14 187
118 157
164 213
166 223
19 244
256 332
28 320
7 335
189 227
152 189
62 189
19 84
84 105
84 290
84 122
94 303
196 303
134 236
29 107
214 294
214 254
17 210
90 210
176 210
210 245
197 315
72 222
77 169
74 214
162 202
127 202
66 77
236 279
137 236
39 126
119 222
86 107
77 207
52 305
52 300
186 324
38 324
246 281
216 299
151 281
91 126
22 299
45 126
291 299
249 275
275 318
101 275
56 322
56 259
109 287
109 336
109 333
42 205
205 323
240 276
205 229
16 240
240 263
116 237
89 116
116 143
33 185
33 230
33 235
33 147
13 292
13 70
13 313
13 123
2 248
2 314
2 142
26 173
117 153
173 257
37 117
117 301
173 194
75 100
75 277
108 310
157 310
71 337
111 337
252 337
313 337
1 135
1 139
1 54
34 295
219 295
251 326
174 251
115 251
315 345
6 345
67 73
67 112
67 222
67 211
70 82
82 283
184 343
184 340
184 215
167 252
60 232
211 265
79 265
99 265
98 232
129 198
198 334
179 198
15 222
126 190
190 338
108 190
128 255
164 255
238 269
170 269
217 329
158 329
134 191
43 329
60 175
147 175
96 175
92 280
92 130
92 185
49 103
103 229
50 103
104 325
120 121
121 219
43 168
54 102
193 319
63 344
35 327
118 327
212 260
107 260
56 255
144 283
61 97
36 165
36 221
236 349
51 187
87 349
125 307
125 156
28 125
77 311
311 344
293 311
178 311
83 141
199 299
57 114
228 270
99 228
328 348
244 328
0 195
0 120
171 242
242 256
107 242
33 68
90 224
298 347
9 95
14 298
274 348
149 274
12 214
95 131
57 298
224 247
107 272
188 210
41 188
241 250
241 325
214 241
154 202
69 334
88 305
88 264
69 218
55 69
88 146
69 234
2 67
155 189
236 271
306 338
233 306
32 178
77 297
150 271
297 320
306 346
58 271
204 297
203 275
182 258
182 290
182 197
4 303
281 302
267 302
226 285
172 226
112 226
226 326
77 286
13 168
156 262
146 309
237 243
207 284
39 243
83 262
58 225
59 304
304 335
17 140
136 167
84 124
101 110
158 288
281 288
109 286
64 73
64 296
55 64
48 324
68 136
266 267
109 225
278 341
117 199
1 190
163 209
180 231
180 261
23 278
11 133
76 93
130 180
40 213
7 23
23 289
40 308
93 332
98 163
163 166
11 270
93 282
5 300
53 111
53 214
138 223
138 200
53 303
124 240
124 205
191 295
195 220
106 136
5 56
48 116
312 336
32 173
107 317
9 317
8 77
107 331
183 285
20 171
202 273
202 342
75 154
15 190
67 161
25 324
3 337
92 319
199 265
97 121
110 136
64 75
18 33
51 349
145 214
145 238
68 316
10 329
44 291
44 62
27 103
47 136
65 121
2 30
24 102
31 121
24 268
85 327
144 253
82 140
46 141
114 160
136 159
85 330
167 341
47 184
21 167
167 201
232 239
198 208
113 269
81 141
80 328
177 271
