42.427408
65
49
35
155335
96 98
142 163
37 59
50 136
38 66
23 133
100 135
146 153
139 176
68 136
168 173
140 151
96 137
87 96
18 66
108 131
99 139
102 139
52 168
26 108
66 162
120 174
113 115
58 140
32 71
71 122
31 93
30 31
31 171
55 113
28 42
82 144
13 135
65 152
107 134
2 30
43 66
9 136
35 135
127 134
51 103
28 118
92 164
62 160
51 149
111 113
11 161
3 127
47 169
11 28
59 133
109 175
33 174
57 108
116 121
10 47
48 133
60 152
129 168
45 127
97 144
144 161
27 115
70 164
43 47
140 154
157 175
40 177
62 156
106 114
40 89
16 51
6 106
15 116
84 153
119 153
36 85
116 132
41 62
36 75
106 178
4 40
8 36
5 81
5 90
5 84
0 164
0 143
5 29
34 56
34 37
34 69
88 139
40 74
74 133
51 74
1 116
20 105
20 172
20 27
17 113
17 168
17 135
47 95
95 108
36 95
5 88
130 165
19 165
44 165
53 141
21 94
21 112
14 83
14 63
21 123
39 73
39 64
25 148
25 77
39 78
53 124
14 79
25 138
53 72
0 1
0 25
150 179
2 179
136 179
80 179
53 88
1 39
50 117
145 159
142 145
101 145
126 174
126 137
126 175
62 126
24 71
0 12
38 155
155 174
54 175
110 152
80 110
19 110
44 54
125 159
91 125
106 166
136 166
76 144
7 67
67 107
67 158
1 128
66 170
153 170
127 167
46 96
86 88
24 34
74 86
49 71
49 151
22 140
49 158
12 17
95 104
20 22
21 167
14 46
126 147
117 125
61 128
76 145
