75.816667
1
83
188775
282224
95 240
18 267
181 273
100 138
258 290
70 265
210 221
73 141
46 93
115 132
68 214
129 247
139 147
119 158
232 278
54 115
91 182
155 212
34 249
183 231
162 194
31 143
200 286
155 278
284 288
114 136
143 181
75 117
16 111
71 172
21 75
177 186
26 49
144 216
7 178
186 282
245 278
191 202
82 276
222 271
115 273
90 169
94 187
8 254
217 298
173 292
106 270
153 251
156 255
105 267
151 178
60 108
112 139
101 290
31 240
55 140
255 287
202 248
42 79
91 206
164 272
58 239
8 80
67 274
208 265
185 229
72 175
11 290
12 169
159 215
74 153
155 239
116 284
170 192
276 289
45 121
100 224
250 298
32 53
153 274
1 208
26 231
208 255
22 152
24 123
89 148
186 225
48 187
1 235
108 268
102 172
162 208
118 281
0 30
131 190
158 281
256 281
260 299
171 263
192 234
64 187
16 23
142 192
45 196
32 62
162 293
26 122
136 229
233 239
44 98
32 166
130 284
186 219
127 214
272 294
284 285
22 131
221 273
297 299
88 279
17 281
13 298
216 271
17 45
60 93
55 179
15 100
44 83
135 294
47 294
39 263
93 120
26 229
212 280
0 241
6 67
176 286
243 278
22 214
0 10
113 264
123 166
209 212
70 292
172 274
85 202
21 162
159 182
84 113
182 187
60 221
9 272
91 223
69 239
78 181
225 229
1 236
57 67
124 237
5 299
65 152
193 197
211 230
145 261
205 279
169 197
153 204
16 222
29 148
186 277
114 296
72 253
169 282
122 216
96 247
165 181
97 164
70 72
1 63
276 282
44 157
152 270
195 231
17 100
134 217
87 97
66 272
97 146
172 277
3 45
72 103
55 164
92 188
44 70
97 184
60 148
91 266
110 172
40 159
8 125
252 255
188 207
269 272
42 211
49 137
123 230
113 167
4 178
41 267
178 273
108 213
242 263
17 244
20 145
59 212
73 134
117 257
19 124
49 262
114 161
170 240
119 145
33 292
123 199
227 279
166 249
139 218
55 203
116 148
152 283
78 283
67 189
270 275
6 218
131 133
37 108
124 163
228 292
38 117
93 198
32 149
166 246
124 282
42 295
247 291
152 238
14 188
52 286
61 73
76 114
77 294
168 249
36 276
35 49
50 159
214 220
27 249
92 227
131 201
43 115
52 263
2 270
109 182
81 282
81 164
150 284
0 150
150 294
41 150
109 150
174 202
117 174
174 192
154 171
154 187
42 104
104 216
104 290
104 244
51 240
51 298
28 274
28 125
107 124
99 113
8 99
25 246
25 126
259 286
259 279
221 226
160 210
160 180
128 188
86 247
128 299
86 267
56 155
56 126
