48.099999
233
62
3398
101693
78 176
71 95
168 198
47 133
70 126
18 144
124 167
33 68
72 138
6 18
85 172
187 189
121 197
63 218
73 227
66 239
172 190
49 80
5 115
72 159
145 176
143 184
68 162
166 174
120 138
90 176
82 227
65 170
14 122
165 235
78 84
54 237
160 197
177 242
147 152
12 243
230 231
151 217
107 136
174 233
21 36
118 174
132 239
96 107
2 213
72 130
7 163
8 211
166 191
19 37
14 238
22 246
47 138
15 153
75 211
193 206
42 207
89 137
147 192
102 153
29 155
67 78
72 247
124 162
17 218
18 225
104 141
23 203
164 244
185 238
70 78
234 241
177 182
51 214
60 227
112 207
6 109
151 193
1 64
53 195
49 71
37 170
28 214
40 111
78 116
81 156
34 176
140 173
91 245
153 186
70 212
29 31
77 239
44 76
143 163
23 224
89 119
165 220
95 141
49 204
122 165
9 147
178 241
16 47
5 27
24 53
106 206
59 120
107 206
97 207
30 44
48 53
12 198
37 215
25 211
124 154
40 244
173 228
61 156
18 128
32 172
2 199
142 198
29 46
23 41
89 145
20 214
183 197
23 103
43 68
151 210
83 120
124 243
109 196
22 229
175 231
38 168
181 244
2 11
209 241
45 70
114 249
173 189
105 163
65 169
64 99
109 219
112 114
36 50
57 238
120 134
169 236
89 179
44 125
218 248
113 153
29 245
55 177
141 148
64 98
129 156
222 245
107 135
171 245
5 86
114 240
81 195
79 169
105 150
104 201
150 206
86 150
138 232
101 201
13 20
0 180
117 237
3 117
37 39
39 60
39 238
39 61
39 232
47 216
191 216
75 110
110 242
110 207
25 131
131 172
36 131
41 93
93 129
38 93
93 223
36 146
146 174
141 146
30 146
92 123
101 123
18 94
94 124
92 100
100 126
221 238
221 231
221 222
74 227
74 163
206 226
22 226
56 156
56 188
158 172
158 194
58 111
58 184
10 58
88 176
108 165
108 214
202 244
161 194
87 114
87 241
37 127
2 127
89 205
147 205
139 197
139 169
0 117
188 200
200 239
22 208
1 208
208 248
23 35
35 153
26 149
26 54
64 157
157 173
4 180
4 113
4 62
52 69
52 187
