78.138095
1
111
3
206790
263 430
39 172
257 396
1 287
256 449
256 291
254 294
246 442
245 340
245 332
244 315
244 311
243 245
36 312
41 245
264 304
6 285
39 116
38 336
38 331
38 307
38 62
43 64
36 112
35 370
35 334
35 129
30 216
29 217
28 162
214 275
27 294
360 444
355 422
216 440
239 368
227 349
226 237
226 230
225 269
222 329
219 310
218 349
217 223
241 448
55 256
213 225
212 438
212 313
212 248
207 427
204 359
204 229
200 355
257 341
280 287
275 299
274 294
272 366
271 430
6 358
146 181
20 301
8 410
78 96
10 360
11 108
12 185
14 217
15 435
16 448
17 442
18 127
19 71
19 346
78 350
19 398
60 446
78 94
69 330
61 318
77 352
67 354
63 140
72 137
23 169
22 399
21 101
70 288
139 301
7 138
56 222
43 73
43 353
45 217
45 288
46 281
48 317
49 91
50 382
51 239
52 111
52 270
52 290
52 438
138 320
161 192
9 180
0 219
2 187
3 448
4 106
4 273
4 357
4 389
5 31
5 179
5 414
6 330
420 448
90 351
129 281
178 407
178 359
178 242
175 301
174 327
173 187
171 382
171 279
168 431
85 300
93 161
92 428
91 147
182 283
90 163
90 102
89 412
88 317
86 373
94 412
84 281
81 413
81 395
81 308
81 243
81 182
80 184
371 431
158 161
155 423
155 265
155 255
153 439
151 382
151 372
149 366
148 446
165 204
141 377
141 262
141 152
79 226
373 378
137 302
136 303
134 292
130 412
180 201
197 355
194 239
189 222
189 200
188 318
186 212
185 427
184 260
428 433
110 388
304 337
354 404
302 364
298 431
297 428
294 435
288 420
288 338
287 420
283 335
283 321
382 443
429 442
314 354
259 349
418 434
410 411
403 427
402 435
399 408
393 446
281 374
380 412
379 400
379 381
373 385
369 431
352 418
39 356
104 187
128 410
127 213
127 209
123 171
122 225
120 153
119 366
118 127
113 424
198 287
109 184
108 219
78 405
101 268
101 136
100 305
97 379
302 419
352 362
344 360
331 442
318 326
316 430
306 435
105 178
107 180
19 233
35 233
90 233
216 233
224 437
360 437
58 223
58 376
58 431
58 283
58 157
141 409
353 409
349 409
355 409
110 432
302 447
303 432
253 432
275 447
19 447
103 294
61 103
103 161
42 155
42 184
42 273
103 178
54 115
76 115
94 115
115 157
115 258
115 317
162 325
325 387
74 325
224 325
6 99
99 159
87 164
4 231
36 231
231 245
210 420
23 210
59 94
281 342
236 366
342 379
225 342
145 386
145 317
210 292
156 342
236 239
286 384
125 235
156 286
125 282
65 309
282 327
286 387
65 174
44 65
65 305
282 445
372 392
333 392
193 425
171 339
318 416
12 347
95 425
294 394
43 339
217 416
146 247
100 347
170 394
113 247
389 392
28 425
127 339
81 124
124 257
180 390
257 296
143 401
177 401
276 401
150 304
83 211
138 150
55 228
140 267
365 386
154 410
143 345
47 83
9 345
72 83
76 228
63 240
164 240
39 261
170 266
153 220
117 365
228 361
32 215
85 215
155 345
319 331
15 195
240 284
220 226
199 215
53 266
33 232
293 382
190 267
215 331
266 375
261 352
91 322
322 427
187 220
256 261
160 168
367 397
44 367
202 204
135 420
230 238
5 160
295 413
183 324
324 438
324 424
295 300
69 295
37 57
101 196
436 438
75 121
196 446
206 373
203 388
203 328
206 399
132 219
251 301
278 428
68 134
11 68
68 191
132 430
277 354
57 249
196 244
121 363
121 159
167 244
98 323
98 169
13 343
13 250
167 250
105 167
218 415
37 426
153 205
36 289
127 144
263 348
410 426
194 252
138 417
66 171
40 104
180 234
234 399
34 256
126 199
131 431
26 375
176 239
26 91
82 95
176 216
82 304
142 409
233 391
103 208
58 267
421 447
277 432
24 406
24 135
59 133
24 383
99 436
114 235
238 282
208 278
232 293
154 195
25 409
251 401
24 221
208 441
166 296
