60.516667
1
69
8
435163
106 145
159 170
112 118
107 121
108 138
80 145
69 214
70 159
71 121
72 196
73 149
159 237
76 158
168 211
64 221
163 246
162 219
68 110
81 138
155 207
82 126
82 169
82 217
83 207
154 224
46 147
47 61
47 200
47 210
48 119
49 216
51 207
52 59
55 212
45 181
46 117
46 133
2 163
152 244
2 241
152 165
24 54
150 191
95 114
149 201
148 245
59 167
59 226
59 228
114 217
116 195
119 190
119 197
117 216
125 221
128 148
140 159
140 152
139 189
114 188
112 181
127 192
138 202
124 196
123 239
123 223
123 137
122 222
135 191
65 183
114 204
68 85
121 242
146 229
143 234
148 156
94 220
129 224
96 160
148 235
89 221
146 149
145 146
92 229
93 183
2 161
117 124
120 152
47 199
96 247
98 112
141 191
103 246
104 123
105 229
66 125
164 211
10 215
11 97
11 209
11 233
12 145
13 35
14 246
222 235
112 174
16 222
10 177
10 209
8 19
78 158
8 235
79 216
8 236
68 163
9 57
9 96
222 225
16 179
10 52
17 96
2 22
40 132
40 157
40 220
3 162
24 58
196 232
4 206
0 8
1 138
1 189
1 191
41 234
18 91
207 210
20 70
44 208
4 9
4 60
4 130
23 189
5 68
6 181
7 212
158 195
32 102
35 146
36 216
37 192
246 249
9 145
10 33
39 121
24 240
32 213
34 234
35 134
26 43
28 63
28 140
183 239
181 192
180 214
176 189
32 117
39 211
175 214
18 111
18 57
31 185
27 82
192 227
193 229
32 53
190 191
43 151
43 194
44 56
44 203
31 210
25 35
28 50
28 198
21 162
20 46
42 149
31 182
186 212
31 178
30 211
187 224
43 52
121 153
18 153
15 115
101 115
94 115
75 136
126 136
235 238
146 238
9 109
30 248
116 248
82 88
140 231
88 211
52 231
40 88
162 230
205 218
163 243
158 173
173 214
131 166
113 181
44 62
24 62
62 183
24 184
99 234
11 99
90 192
142 172
142 218
84 123
84 221
84 224
142 179
1 87
87 117
171 210
77 86
66 77
38 74
77 166
144 146
29 196
29 212
67 200
230 248
131 238
230 243
90 115
100 109
171 231
67 248
38 184
