89.031895
50437
97
3106
76159
277 319
238 273
273 320
4 152
24 253
230 281
181 309
173 328
24 111
171 256
70 94
42 221
23 24
2 317
25 273
8 298
243 326
106 267
87 118
25 319
13 147
142 192
206 241
173 262
42 190
82 336
186 223
83 87
82 249
146 172
214 290
181 229
42 283
124 182
64 256
183 326
99 269
99 207
87 296
36 179
197 252
147 234
218 295
233 268
163 256
146 287
181 184
73 241
177 311
273 293
119 280
14 316
187 208
55 319
267 332
61 126
8 237
7 288
78 255
61 128
42 121
102 232
194 314
28 322
239 319
175 249
84 325
105 210
45 202
71 231
177 296
69 235
109 331
5 216
81 113
175 344
208 265
47 53
170 323
162 232
121 331
7 13
241 347
5 271
195 302
51 133
12 112
65 146
208 275
203 223
156 316
212 227
120 332
15 208
33 246
0 312
76 236
4 16
231 257
151 236
82 215
13 133
105 300
112 332
89 240
318 342
210 318
56 305
59 119
1 220
120 301
99 189
100 312
10 129
149 302
26 119
27 219
177 315
165 325
24 202
180 291
78 245
274 342
39 81
56 73
56 88
199 331
197 278
3 227
263 324
63 120
45 291
47 297
72 136
251 267
134 222
8 228
168 295
7 41
75 175
5 57
244 247
192 335
213 295
134 284
18 117
46 202
25 69
121 243
205 233
56 114
230 247
160 310
62 236
6 143
19 217
166 230
86 347
4 34
254 331
11 98
70 161
144 217
97 313
15 99
43 61
246 285
4 348
7 209
70 160
2 248
192 268
81 121
90 179
135 314
133 341
124 191
32 220
35 37
16 236
159 291
16 124
87 225
224 257
134 267
308 314
22 316
193 246
37 272
200 302
27 92
61 304
67 72
49 134
10 264
220 242
143 241
20 214
174 286
263 282
60 69
40 89
37 198
201 224
217 261
10 54
147 306
27 50
202 345
343 347
28 131
28 123
2 185
97 127
267 334
31 174
89 250
29 173
47 169
15 47
18 164
30 78
133 196
101 160
102 247
77 232
116 325
66 278
78 178
170 339
179 219
13 48
70 158
224 307
96 120
71 85
112 337
252 347
211 214
223 270
10 339
155 312
153 202
247 304
179 188
259 326
219 316
18 80
52 233
102 217
2 122
71 137
9 232
13 284
21 124
98 132
65 164
5 270
125 278
174 204
230 338
145 170
97 303
175 333
91 219
44 263
127 250
69 167
16 73
148 342
81 260
112 139
27 48
147 150
74 247
160 330
105 346
130 233
110 332
121 258
119 266
278 349
342 349
134 349
280 349
70 115
2 115
89 115
73 107
138 340
107 154
110 138
276 292
276 317
15 321
102 321
245 276
103 263
103 119
25 327
227 289
10 289
115 266
58 177
10 58
24 58
108 223
78 108
140 302
108 295
82 140
140 220
58 79
95 256
95 98
95 192
104 175
104 312
91 95
5 104
140 258
79 104
157 228
98 157
93 160
141 291
93 314
61 141
141 246
224 279
230 279
71 176
173 176
202 329
18 329
174 329
214 294
28 226
87 226
37 68
68 72
68 325
227 299
181 299
146 294
38 154
17 116
17 86
108 327
