66.058412
51
91
59653
60496
97 390
2 239
50 152
100 337
148 161
181 254
105 143
268 270
65 294
325 372
67 262
72 106
31 378
116 276
213 395
45 275
74 378
98 387
16 171
40 336
67 288
123 131
131 361
41 172
207 255
265 398
53 375
147 243
207 343
64 389
361 384
41 289
211 396
82 96
70 388
14 385
281 376
356 380
40 240
19 312
228 331
146 352
113 211
32 234
223 325
30 273
55 346
202 328
158 290
82 256
157 274
106 155
33 226
178 301
186 256
22 331
162 226
62 65
287 295
96 100
11 370
222 274
153 361
103 161
260 364
136 278
15 164
191 385
94 362
269 387
209 260
60 87
102 378
59 236
108 154
13 388
100 284
20 110
231 339
66 396
91 239
158 393
129 353
151 379
336 348
81 304
156 385
154 163
58 360
193 274
3 271
210 399
31 229
302 360
135 296
43 398
197 347
20 307
74 111
14 44
16 248
16 224
73 395
9 362
152 319
175 232
169 375
318 367
49 239
48 269
252 276
185 340
11 368
36 185
64 198
154 225
87 292
14 170
63 221
78 181
323 396
93 273
73 322
18 146
181 383
38 398
207 216
85 106
101 236
74 185
34 367
185 394
301 348
79 379
29 197
89 164
97 366
189 332
87 119
122 218
183 396
83 147
166 353
98 126
136 245
6 339
86 273
124 229
105 383
135 279
89 253
178 311
282 353
211 350
217 317
197 245
304 371
71 312
120 244
128 339
18 380
203 362
22 273
65 118
182 287
24 116
132 285
285 379
187 221
317 382
10 57
182 380
136 192
161 384
179 268
211 233
60 277
68 169
164 165
164 264
175 397
184 304
275 298
236 246
252 346
244 312
150 352
314 378
117 229
88 268
22 364
180 197
54 387
20 303
161 227
175 250
97 329
133 159
139 234
112 357
40 121
25 221
215 325
87 285
313 367
22 168
116 263
354 360
67 267
41 48
74 398
3 376
134 230
57 242
90 247
291 375
205 348
90 158
64 114
181 390
244 261
57 165
14 345
260 392
226 315
342 370
359 360
147 322
241 256
300 370
133 346
244 351
130 136
105 358
75 301
181 306
280 376
238 357
134 253
42 281
27 399
186 368
333 361
212 275
57 251
205 312
123 152
22 127
159 399
80 379
52 395
14 277
138 324
317 321
324 360
324 332
129 324
194 230
45 134
107 132
10 107
107 249
176 218
176 302
151 176
221 374
134 177
174 385
174 221
338 378
69 200
271 286
286 360
39 286
145 229
145 234
37 234
37 147
7 220
220 377
173 335
293 352
293 304
293 311
316 349
349 374
138 167
167 299
140 288
272 316
272 287
142 272
115 272
363 385
334 395
237 312
237 335
173 334
111 391
388 391
318 391
341 388
115 259
259 266
140 341
0 309
309 368
309 338
40 56
56 305
199 200
199 295
17 199
51 305
51 188
273 320
147 320
257 379
257 396
76 257
92 235
92 211
227 365
154 365
69 365
219 235
67 355
64 355
1 348
1 192
104 357
104 198
104 137
35 61
61 95
61 258
61 228
42 330
149 330
214 258
214 248
125 387
125 177
5 181
5 387
5 116
109 375
16 109
12 26
26 68
97 297
297 377
4 333
4 373
361 386
175 386
8 195
8 122
201 325
201 250
158 204
204 352
77 357
77 179
221 308
308 327
141 347
141 206
23 95
23 381
14 326
317 326
144 256
144 207
310 344
310 328
247 310
190 339
190 399
47 376
47 362
105 283
274 283
161 196
135 196
99 202
99 369
28 226
28 76
21 135
21 65
46 236
46 65
160 239
160 197
106 208
41 208
22 84
20 84
