9.005869
34
28
3777
132536
45 148
31 40
109 150
112 115
23 97
21 49
39 63
25 109
22 49
30 140
54 63
67 119
83 141
97 105
5 141
35 92
69 92
45 94
8 43
46 97
12 77
120 121
121 148
8 121
121 137
31 142
116 148
2 53
70 148
134 155
8 113
30 81
2 115
111 150
8 119
30 96
27 145
7 145
2 51
126 145
139 149
55 142
118 141
63 144
106 125
8 88
3 35
23 151
42 115
20 97
94 159
16 128
37 142
37 159
74 121
124 138
101 124
96 124
95 121
95 114
41 95
95 112
73 127
73 77
29 122
12 79
62 154
52 70
0 148
77 136
58 104
61 104
100 131
75 132
40 75
124 146
47 104
34 38
38 67
74 79
16 108
32 48
48 93
11 49
11 41
0 104
82 91
82 122
3 82
24 63
24 58
48 74
29 108
2 130
92 130
9 77
57 93
9 100
44 88
44 106
125 135
33 128
47 50
60 92
60 101
80 87
87 120
57 99
89 150
14 30
14 64
74 89
19 30
13 146
19 59
1 154
1 28
1 128
1 4
103 157
85 103
42 103
72 152
72 144
72 97
143 151
76 78
28 76
18 152
18 153
117 158
117 139
65 117
16 117
86 98
86 137
110 129
129 133
64 129
56 134
56 158
6 150
6 145
26 84
26 145
17 90
17 25
15 84
15 68
141 156
66 92
66 71
10 123
10 55
102 123
102 107
36 155
36 147
13 156
