46.009300
3
52
206
599322
35 39
48 154
4 44
187 199
6 145
6 178
114 126
37 167
5 51
48 122
36 122
91 130
44 164
72 79
95 135
74 144
150 194
74 191
100 162
115 194
102 123
58 61
5 20
57 63
52 99
63 195
70 172
63 120
100 134
159 195
36 176
82 185
108 125
96 100
77 83
47 169
47 149
63 155
6 32
7 118
9 189
6 101
71 90
53 68
66 74
58 155
107 172
37 85
12 77
59 185
77 165
181 199
11 48
28 91
119 191
47 138
56 125
92 172
10 149
15 135
58 78
34 172
129 156
67 188
52 67
67 74
67 137
67 116
76 109
109 188
9 184
140 148
115 183
25 53
141 163
174 187
9 42
11 84
47 175
103 105
123 152
181 182
79 199
63 108
127 185
60 158
155 158
49 159
116 181
20 45
14 133
105 111
7 90
113 115
36 133
69 94
86 126
30 52
86 172
112 123
8 125
75 150
100 150
36 131
19 97
141 198
94 106
7 190
26 44
9 20
71 140
5 136
48 192
31 133
50 126
53 190
150 192
119 127
17 48
135 180
91 121
43 140
22 187
94 157
146 185
64 133
24 137
79 166
91 138
13 53
84 137
93 115
18 36
135 165
105 138
35 86
54 125
137 142
52 62
123 164
37 168
98 126
58 80
24 97
33 45
35 160
45 89
105 170
81 119
1 35
68 151
41 97
104 159
16 119
156 177
40 158
21 119
127 141
141 196
23 44
38 77
45 117
79 197
13 159
156 165
103 117
124 158
46 150
128 181
7 153
123 183
91 161
100 190
137 139
94 171
173 187
156 193
179 199
86 179
87 125
6 87
76 88
2 101
2 5
3 20
3 143
3 171
132 186
132 143
65 151
65 73
27 121
27 55
147 155
147 165
0 133
0 37
29 110
29 194
