9.443381
74
17
175398
229494
78 83
62 91
37 97
34 73
74 79
13 58
20 55
11 38
17 99
26 83
51 91
9 93
15 65
64 92
20 81
53 82
33 43
53 59
43 87
2 50
27 93
92 93
2 10
35 43
83 89
73 87
15 83
20 46
54 91
8 13
16 43
32 37
36 38
34 88
34 77
24 92
13 14
8 61
2 90
27 31
21 69
61 69
9 47
13 47
53 70
45 57
45 52
21 45
40 45
22 68
20 22
43 76
76 93
19 23
18 34
37 85
37 49
48 49
69 70
17 96
12 20
12 13
68 98
23 96
1 19
0 69
1 18
45 85
64 84
84 95
56 83
30 56
0 56
2 94
41 48
4 41
41 79
94 98
2 28
28 91
5 40
5 67
7 71
7 30
25 38
25 90
25 80
3 89
3 72
39 80
39 66
29 57
29 42
6 75
6 67
38 44
44 60
63 86
63 75
