52.266385
10
90
6
162371
86 116
174 318
173 336
173 312
69 121
173 304
172 370
171 295
170 347
170 257
170 208
65 274
72 217
166 273
164 191
75 192
163 386
75 241
75 289
76 382
77 89
77 143
77 220
161 370
189 381
223 311
222 390
214 364
49 280
49 337
202 333
121 384
273 308
195 355
54 140
55 240
57 189
160 365
188 240
61 102
61 218
138 324
63 156
184 355
64 398
183 240
182 345
65 247
115 238
100 106
115 225
105 276
114 156
139 398
15 45
135 260
134 334
134 147
109 189
131 354
112 299
262 273
251 272
63 333
126 329
115 389
126 290
116 353
124 328
117 354
123 358
123 173
122 333
51 265
121 348
121 275
93 181
159 240
159 163
157 176
156 316
82 276
176 362
135 360
143 276
88 248
88 382
90 147
93 150
187 375
93 270
94 136
145 323
145 295
5 25
87 364
143 272
142 398
97 169
141 263
99 163
29 135
22 277
23 77
234 382
256 309
272 326
272 323
27 57
27 211
266 333
27 307
28 377
20 187
265 374
277 282
14 174
32 169
33 106
34 147
35 163
36 277
37 126
38 140
38 152
94 314
174 397
8 112
1 358
366 377
364 367
344 382
3 276
335 365
332 358
331 351
301 370
19 106
45 385
8 264
8 267
9 134
13 128
13 236
13 380
199 365
16 163
18 27
0 56
245 354
228 377
41 154
250 370
41 60
41 239
45 282
169 209
224 256
40 209
45 153
253 377
41 261
38 179
43 49
229 295
84 333
62 345
113 313
289 313
40 313
68 230
68 185
68 119
68 249
106 196
115 196
72 196
196 341
207 306
277 306
115 306
92 393
64 393
27 259
134 395
61 342
147 369
45 369
106 200
181 200
38 200
268 293
18 268
141 268
176 231
187 231
317 371
138 303
74 340
74 294
205 303
116 201
38 294
94 180
169 246
161 371
163 201
99 288
212 340
328 372
349 372
95 288
261 372
291 371
42 263
59 345
42 222
59 355
59 93
42 177
244 278
7 178
178 206
54 178
240 330
143 305
44 50
50 185
50 56
278 284
281 284
210 265
49 210
118 119
0 132
132 285
191 361
319 361
8 193
193 365
75 193
71 126
71 91
110 223
21 110
110 391
158 237
25 158
216 321
85 111
155 226
12 85
213 216
12 155
39 155
155 188
85 206
216 388
297 333
297 370
17 297
252 271
4 350
151 383
4 207
2 248
2 17
283 324
4 26
107 311
151 266
107 315
107 144
283 322
283 382
174 396
41 190
156 396
127 354
127 135
43 127
127 189
31 45
254 273
162 173
269 399
13 242
98 204
204 346
30 129
325 364
66 129
65 168
41 254
298 348
168 256
76 204
83 205
129 343
286 377
295 325
125 275
121 167
167 170
39 108
108 387
317 363
227 320
53 379
61 352
98 296
117 352
147 287
176 233
116 392
30 103
26 103
194 197
27 186
318 327
391 392
187 235
175 394
232 299
302 394
70 339
255 390
232 331
52 382
146 203
258 398
70 124
258 358
91 232
255 376
194 215
215 312
215 351
5 70
175 359
146 387
101 104
78 92
48 217
48 292
78 79
101 227
101 366
48 58
47 164
47 356
47 53
78 198
68 306
49 120
120 345
338 398
81 265
8 148
46 290
33 338
148 202
96 395
133 388
133 134
65 133
244 306
149 198
144 221
94 149
221 272
42 231
137 281
165 377
137 339
165 189
73 399
73 358
80 231
243 259
130 369
24 200
96 368
313 379
59 357
67 330
305 373
210 279
125 178
2 242
231 302
11 396
190 378
219 342
252 363
284 310
6 284
158 300
10 151
