24.284184
32
39
0
463589
43 184
72 192
69 143
67 98
66 143
65 84
63 193
59 198
57 188
57 175
56 111
52 195
51 63
49 104
46 76
45 156
76 190
43 149
43 60
42 196
41 137
40 142
40 98
39 63
37 53
35 49
33 76
32 148
32 90
31 161
31 112
30 143
94 145
156 192
155 165
146 196
140 192
137 191
137 138
126 165
116 165
108 199
107 152
106 165
105 107
98 178
98 136
97 181
0 92
93 190
93 160
93 119
93 114
88 108
85 108
84 122
84 97
82 137
82 126
81 185
81 163
81 121
79 94
0 187
21 73
8 196
23 81
20 107
10 53
11 49
19 32
1 133
13 159
27 59
16 31
0 167
17 111
4 111
14 84
14 171
14 83
0 158
14 25
89 143
89 111
87 174
87 151
98 99
5 99
6 51
86 94
98 176
12 115
93 172
84 168
9 99
9 194
4 86
12 183
13 123
80 151
80 144
14 24
76 150
75 87
74 185
69 102
68 153
68 135
14 128
147 195
127 144
127 196
128 146
130 180
133 153
1 87
139 147
143 179
147 181
2 29
149 166
154 179
0 18
157 196
159 179
162 182
164 172
165 177
189 196
109 158
100 183
101 177
102 192
77 192
3 164
108 189
108 194
3 73
109 110
99 155
113 182
3 71
117 120
117 162
118 157
120 131
120 141
123 134
47 124
41 58
21 62
19 130
43 102
18 165
44 88
45 80
22 74
48 107
49 96
16 166
53 55
53 95
53 125
47 130
38 110
38 57
36 135
35 173
34 171
32 48
31 124
29 103
29 36
28 197
28 132
28 105
15 75
55 81
61 109
55 197
59 168
57 173
59 115
54 131
54 103
15 50
58 129
63 176
62 101
64 142
38 169
78 186
64 170
26 189
70 78
70 102
7 26
7 91
