93.335714
1
127
21033
184082
76 181
15 299
68 302
127 189
46 297
144 304
65 230
367 408
164 486
218 486
38 96
335 401
311 376
157 358
401 414
25 360
19 387
23 255
17 138
53 285
455 471
215 429
34 492
433 498
257 499
27 68
39 332
399 439
8 174
290 323
258 266
47 118
200 493
31 419
17 26
296 486
174 286
54 287
87 195
74 358
62 238
271 304
247 499
199 467
112 288
90 366
356 452
227 404
352 387
256 313
71 167
205 367
182 458
283 452
149 185
75 265
390 415
58 388
277 284
197 346
64 487
162 367
77 108
236 366
129 467
325 420
318 381
197 339
92 491
334 403
139 156
420 428
114 217
136 431
169 371
320 414
270 496
5 102
231 416
228 317
273 274
137 294
81 324
79 135
127 345
181 202
332 384
134 230
8 485
152 433
222 464
188 490
191 452
29 383
1 447
58 236
317 457
291 364
168 364
133 311
169 469
250 437
423 465
78 234
40 399
41 398
366 370
22 390
28 413
397 406
17 377
307 488
137 439
37 359
326 419
191 211
184 469
9 319
36 77
42 282
476 499
50 160
160 314
160 466
157 160
100 304
311 436
37 112
281 317
275 415
464 474
38 269
220 426
143 355
30 282
137 382
173 263
173 182
397 426
16 177
112 124
383 384
474 488
112 235
181 235
265 369
195 369
333 342
97 333
97 435
327 388
327 440
160 327
327 469
231 327
252 392
95 381
193 258
310 324
136 301
118 412
258 279
44 437
138 217
32 118
77 165
190 386
84 201
330 397
338 483
387 425
16 303
12 427
241 267
468 483
182 456
83 217
14 22
92 331
241 306
9 451
191 360
305 496
467 498
50 280
142 433
91 472
203 386
159 459
225 287
59 173
38 334
463 488
448 488
143 368
150 390
158 191
63 299
168 289
92 200
154 201
106 416
16 421
18 156
360 478
118 435
56 135
309 358
138 496
60 159
46 253
78 202
67 410
46 245
230 237
1 21
256 353
284 286
116 153
86 415
35 91
127 209
166 209
324 389
121 277
209 323
195 322
166 265
383 495
259 284
186 445
22 109
156 422
282 349
0 55
0 22
192 399
98 419
100 299
1 161
335 399
53 238
167 223
43 432
347 364
140 190
224 332
88 117
112 365
230 477
252 435
403 451
20 115
173 450
44 237
239 282
204 437
8 49
273 279
219 410
388 473
99 135
167 182
38 162
133 145
415 474
132 433
5 191
446 483
68 441
375 458
2 137
42 188
106 174
410 480
116 479
13 215
151 215
131 467
75 446
101 141
126 487
168 410
72 98
456 461
5 38
1 180
82 461
200 466
361 496
20 328
6 367
101 396
323 357
135 201
100 420
458 497
16 394
7 366
168 215
168 384
207 252
28 438
198 252
210 416
5 278
415 484
256 454
18 140
217 489
316 465
28 147
295 458
20 48
178 181
3 487
77 449
348 452
221 374
123 464
66 386
298 374
287 352
162 317
5 341
72 195
187 188
438 461
8 120
232 469
20 477
43 124
287 430
181 481
175 388
101 211
91 439
380 396
304 362
292 433
143 165
242 397
395 464
91 444
201 372
197 425
55 387
17 293
292 414
299 460
274 475
329 364
274 400
33 465
24 201
9 183
162 488
411 477
62 127
136 154
167 418
73 396
53 384
260 332
41 244
170 381
78 417
251 461
43 448
119 360
61 374
12 177
41 101
159 292
219 321
156 251
30 387
208 383
321 414
9 236
12 343
53 145
159 233
440 492
442 492
212 487
78 212
16 24
136 292
101 274
28 443
12 243
53 337
176 274
195 284
276 308
351 396
43 262
308 420
136 385
435 492
41 434
272 373
237 373
373 482
280 373
80 393
350 378
162 248
117 350
405 498
135 470
93 168
350 369
235 240
248 393
77 89
89 284
94 384
363 370
240 298
100 405
171 268
86 268
57 363
94 116
85 324
85 265
394 424
78 261
424 455
206 261
229 499
229 241
229 349
216 247
45 397
45 258
216 251
107 155
148 256
22 148
315 384
226 315
28 196
407 447
10 323
125 482
387 409
43 51
155 343
407 471
46 409
268 300
235 312
69 342
68 69
282 336
22 402
402 465
172 416
338 354
57 254
104 379
104 251
4 104
194 486
128 194
194 197
113 276
113 340
179 209
179 213
179 404
149 179
105 138
105 393
146 185
146 249
122 227
122 344
70 494
70 445
70 498
103 111
103 485
23 103
214 226
214 453
11 469
11 246
130 462
52 381
130 141
52 311
110 264
163 391
163 186
110 330
