80.564286
1
109
3
151296
124 210
242 256
243 276
245 310
248 314
248 426
252 281
7 402
254 325
241 415
256 372
257 410
259 278
259 294
261 430
60 159
63 306
60 447
9 12
58 275
8 112
12 433
30 231
60 123
13 28
263 426
266 449
61 255
29 369
12 174
29 275
28 392
8 47
23 299
232 259
207 449
209 311
211 298
216 311
221 306
223 430
1 127
237 343
206 298
236 276
206 282
305 437
312 378
313 383
321 331
228 358
53 299
229 434
206 246
205 415
204 275
203 353
203 224
197 434
193 312
192 203
191 444
188 231
255 370
271 347
269 379
267 410
21 80
19 401
40 307
22 301
21 249
5 60
7 329
3 114
78 379
138 358
43 427
18 94
42 425
17 237
21 66
40 244
6 121
74 246
74 347
69 194
4 82
19 218
39 418
70 112
76 428
39 382
15 337
25 206
1 38
1 118
40 110
45 427
140 344
51 237
52 158
34 231
55 173
54 319
54 248
54 166
34 256
28 98
40 239
33 439
57 215
39 213
67 133
39 62
27 332
27 368
147 256
152 367
32 237
77 358
57 273
32 91
50 305
57 285
31 380
11 295
31 135
57 389
31 132
49 85
7 14
19 323
158 168
158 290
93 362
94 156
94 317
96 255
86 265
154 358
123 256
281 442
93 137
159 314
160 379
161 413
167 436
169 173
172 367
155 306
173 395
93 115
92 201
91 268
91 151
88 411
88 384
97 281
86 234
86 130
85 446
85 195
84 368
83 187
82 364
149 325
186 298
141 377
131 178
133 227
134 184
136 295
136 349
153 311
176 314
140 356
130 371
143 240
143 248
143 359
145 399
146 434
326 376
177 377
178 279
178 351
179 428
181 201
183 201
183 280
82 194
187 202
173 185
124 338
124 432
125 339
128 313
326 409
283 304
439 440
339 406
273 312
274 328
276 320
277 310
79 310
424 439
432 435
283 371
283 438
288 347
305 396
290 306
291 377
277 398
295 297
238 441
408 415
399 414
399 403
386 444
375 441
349 430
348 449
345 444
272 318
335 427
333 444
330 426
327 441
81 134
103 325
114 391
112 200
121 405
121 198
118 140
117 272
114 445
296 428
104 140
114 347
114 192
113 143
187 324
111 237
110 212
114 429
253 410
102 134
101 426
100 133
97 393
289 436
303 314
301 397
300 368
299 355
298 390
298 301
104 141
108 158
301 443
109 421
56 421
120 421
69 421
71 72
72 295
72 296
72 82
72 394
171 448
161 270
14 270
73 270
270 286
139 381
381 433
138 412
326 412
47 412
308 412
292 326
201 292
209 292
206 292
88 148
148 259
148 327
124 148
23 107
21 107
203 350
334 430
107 428
120 235
57 116
85 350
112 334
28 334
235 416
57 334
146 235
116 290
56 251
217 309
0 298
87 251
0 134
309 419
42 309
251 345
180 310
95 316
95 275
95 439
48 399
48 195
95 133
48 88
180 283
180 372
231 363
39 157
86 157
325 423
12 233
311 363
276 363
248 322
367 423
1 340
272 340
281 340
140 233
164 278
40 190
91 164
19 164
315 431
212 431
230 434
358 385
87 336
178 222
332 336
173 230
7 385
91 222
316 352
19 258
187 258
93 182
150 441
170 339
65 290
175 333
65 387
31 182
90 368
182 312
89 185
15 89
94 150
400 415
144 337
293 430
59 217
255 400
31 59
37 59
287 331
280 287
62 420
99 321
196 365
68 448
341 427
46 379
122 435
122 302
46 313
121 341
68 225
41 99
284 305
284 377
284 314
35 382
35 162
142 272
142 422
342 343
342 407
119 361
119 274
388 436
163 410
346 393
75 328
20 369
20 244
388 449
20 126
75 129
6 220
54 106
88 404
339 373
41 373
2 440
64 308
73 247
100 354
354 415
247 367
214 298
199 283
260 436
16 326
16 126
10 313
10 390
171 374
48 171
26 148
72 208
26 189
250 374
36 381
292 366
226 350
189 357
24 95
309 388
48 196
119 190
44 385
24 341
292 417
44 163
105 251
219 250
264 431
164 262
165 287
360 420
