28.007087
50
63
44
58909
113 346
166 347
33 173
22 289
75 151
10 78
88 306
96 328
63 336
256 281
29 336
193 213
67 304
170 290
56 304
19 26
86 110
289 316
222 261
130 284
259 272
245 304
38 301
208 279
5 113
177 318
303 331
75 140
75 288
13 153
206 261
41 306
84 196
62 164
96 164
158 182
277 313
193 210
33 43
252 315
69 181
201 309
116 332
61 334
61 139
16 139
93 131
30 313
8 237
204 207
163 182
117 182
168 201
201 298
20 214
9 231
226 293
0 167
1 131
166 185
126 231
138 205
44 70
41 308
250 323
66 336
112 300
68 291
50 117
308 332
297 332
143 170
49 188
98 166
113 296
181 328
109 331
3 49
194 198
169 323
113 291
25 34
75 79
286 323
150 165
51 293
74 237
18 291
181 202
205 236
50 110
128 130
184 266
80 193
174 289
10 348
167 280
10 46
205 283
49 216
150 203
54 331
45 170
176 237
19 318
184 318
267 326
105 112
232 267
218 267
26 128
23 128
127 131
62 176
110 215
64 207
32 207
33 157
101 112
100 167
39 154
77 154
95 322
270 322
251 345
239 345
189 246
30 189
182 220
74 220
195 343
55 343
151 191
123 191
163 238
238 307
236 242
174 242
38 152
119 145
145 266
134 145
319 349
63 319
44 253
47 253
55 253
253 335
49 312
164 241
310 332
48 327
224 327
21 177
70 342
94 302
84 302
235 291
16 28
110 233
73 118
118 195
188 229
229 287
111 137
137 207
12 82
11 75
49 311
186 228
114 166
200 291
197 324
255 301
208 255
252 255
193 314
91 167
91 201
5 91
170 295
136 261
153 271
271 278
34 87
87 340
104 110
104 111
104 240
20 104
104 232
94 264
113 333
159 254
33 320
125 320
39 133
133 294
142 332
28 242
59 199
199 326
199 287
199 251
211 263
263 299
162 270
227 338
338 339
122 345
200 230
244 331
244 323
181 337
205 337
260 304
182 260
135 277
76 135
135 218
106 135
152 179
175 331
175 267
172 275
275 304
275 293
33 190
107 290
249 309
40 334
40 217
89 170
107 154
241 310
31 147
31 125
31 178
115 172
115 265
285 306
285 336
312 342
102 119
75 102
37 327
99 336
17 342
190 322
37 342
224 329
231 329
219 321
219 307
122 273
24 106
17 235
132 280
24 154
145 200
65 339
162 230
247 273
144 221
25 144
144 317
65 322
276 279
257 276
82 276
276 330
52 213
52 204
83 118
83 179
7 147
7 108
27 259
27 324
27 228
58 284
15 97
124 317
124 192
53 166
305 344
161 272
75 161
142 171
302 311
35 183
4 327
35 148
149 160
129 198
13 129
129 254
148 314
159 302
148 149
4 209
136 209
187 269
187 256
258 261
141 341
141 330
42 335
42 155
121 269
121 257
81 194
81 180
36 64
268 318
6 103
10 268
156 282
156 262
36 120
85 120
92 325
71 146
85 234
2 293
2 150
15 238
57 225
57 214
162 344
131 274
150 274
112 292
90 139
90 299
87 186
243 248
137 243
53 171
223 255
14 264
60 72
212 262
110 212
28 71
14 72
11 292
6 295
92 223
