104.900000
1
114
120493
213888
258 334
147 155
157 290
138 196
60 353
7 23
0 27
56 304
259 385
103 343
33 283
20 42
199 208
112 174
339 366
159 333
72 229
56 393
81 166
118 174
43 262
13 215
160 374
251 344
90 390
233 363
0 358
319 344
40 359
98 187
35 219
204 349
0 50
280 357
43 342
180 219
270 358
141 210
61 67
29 216
26 183
60 139
267 356
274 283
280 374
86 288
199 314
103 295
336 351
30 339
8 270
340 361
372 381
298 366
99 288
291 361
212 361
51 190
69 283
321 344
149 204
36 278
172 394
19 370
130 255
123 204
179 187
175 270
29 308
3 237
113 381
214 368
163 234
144 307
168 334
114 364
177 348
56 120
145 215
99 379
167 292
31 36
112 242
200 260
193 326
190 278
144 277
103 105
216 357
65 300
3 171
52 199
26 238
199 295
84 311
29 55
251 398
46 323
42 151
18 392
79 387
279 384
79 156
270 384
75 265
300 368
251 365
13 345
30 86
271 333
38 201
163 346
293 333
177 265
210 232
61 264
112 209
177 200
198 357
327 363
244 332
167 220
302 353
10 363
91 279
2 335
24 327
36 93
82 323
213 345
213 375
0 213
213 284
87 327
22 184
87 182
116 339
116 177
99 107
2 378
228 243
338 380
172 369
85 166
313 391
33 116
125 338
97 284
95 201
170 369
23 24
29 96
313 361
103 317
33 202
76 211
287 394
83 211
9 200
265 362
225 359
67 389
323 325
71 255
285 375
17 137
48 89
45 346
200 207
163 397
17 54
279 347
40 328
119 303
23 324
202 203
304 333
183 315
19 230
22 289
131 257
62 323
140 153
239 279
67 167
17 177
205 315
138 176
44 296
16 255
230 322
158 190
13 147
84 231
79 183
171 181
201 269
165 354
88 344
13 42
30 154
219 335
164 284
224 226
253 353
48 386
326 375
350 381
97 210
63 304
169 254
24 281
166 348
1 363
375 377
152 336
210 359
244 371
53 229
290 383
228 312
2 94
382 392
215 282
112 195
79 354
236 237
110 225
48 205
295 389
214 330
129 171
109 251
143 219
118 189
352 361
26 320
11 121
125 242
163 182
3 11
162 284
4 40
194 366
173 333
30 127
270 271
296 392
19 169
171 235
40 217
216 334
169 261
43 335
228 339
201 291
26 399
52 390
118 275
99 327
131 185
4 301
68 74
153 174
294 366
33 211
64 147
247 370
101 369
187 252
165 204
115 153
132 178
138 291
39 56
63 355
136 211
17 325
315 335
67 131
225 266
33 318
21 124
178 309
201 327
349 390
160 171
36 73
295 344
63 248
2 223
245 338
299 318
290 348
106 244
61 310
139 216
190 388
114 133
74 78
192 202
32 318
199 241
80 226
240 336
21 24
21 186
299 393
114 182
227 237
205 267
21 337
206 230
283 319
142 334
205 374
41 370
148 318
11 14
249 374
77 114
45 74
394 395
60 187
12 390
49 144
37 42
70 229
226 297
283 367
117 394
58 215
23 263
73 229
330 348
84 102
255 277
48 276
197 281
60 244
210 272
259 384
225 373
178 182
84 183
17 268
169 273
104 281
144 303
43 360
228 376
131 396
47 167
61 100
15 138
5 370
126 267
166 256
246 330
177 338
218 259
237 329
300 306
178 331
63 92
122 265
250 267
108 374
147 222
134 202
28 290
44 259
289 304
229 325
188 330
161 353
66 153
34 281
11 146
118 286
119 357
172 226
230 305
341 369
135 184
150 359
19 150
128 348
128 172
25 384
111 221
221 249
315 316
57 318
57 381
191 392
191 336
6 193
6 59
