49.644862
63
84
57
55232
370 387
71 148
199 355
7 102
13 388
360 386
79 344
102 207
14 154
104 290
32 313
347 371
230 233
11 258
129 201
79 214
75 312
76 267
266 358
84 177
136 305
155 302
225 258
25 52
64 258
3 13
62 125
26 197
124 166
259 341
320 386
161 397
209 296
340 376
112 387
142 155
93 157
15 371
18 128
184 342
52 261
36 280
144 267
75 133
185 392
241 287
92 235
9 243
105 217
26 229
14 207
161 328
192 217
102 256
66 93
18 367
19 351
65 286
77 228
87 164
20 158
297 345
18 285
63 286
123 217
153 290
92 119
52 359
14 61
204 233
155 196
20 113
171 349
20 127
199 324
62 363
102 330
93 319
68 274
40 213
266 334
92 239
176 327
80 387
24 79
62 246
74 107
168 190
342 380
151 225
40 274
32 395
45 161
23 226
169 246
202 357
2 95
129 260
34 84
5 57
315 374
130 207
236 371
118 299
102 172
139 286
69 305
144 303
38 183
78 300
207 378
122 132
297 392
132 321
71 287
354 376
6 271
115 168
42 111
168 278
305 379
13 391
209 323
110 117
94 376
56 84
138 300
244 342
95 129
28 202
163 290
176 179
369 374
206 339
123 137
19 332
14 250
199 288
281 293
118 321
31 110
41 377
53 179
134 183
208 386
101 321
205 300
202 352
79 254
211 233
77 273
13 304
150 183
81 266
36 271
24 282
96 282
103 297
107 296
200 332
167 271
107 149
9 191
281 361
129 353
267 310
255 282
215 259
129 165
5 224
83 234
145 298
77 333
42 97
155 356
110 389
14 291
174 364
122 323
137 323
314 332
27 361
200 372
47 207
72 298
151 298
281 350
325 375
171 375
5 391
253 272
33 272
40 175
309 339
71 162
27 282
193 259
9 16
206 269
269 338
99 269
277 317
75 317
2 89
89 124
83 264
264 304
65 264
245 264
251 270
226 251
234 251
86 223
1 223
204 284
32 284
131 180
33 180
180 327
263 396
272 396
96 396
164 331
331 372
303 331
231 267
108 351
143 399
100 297
130 181
105 222
127 275
185 216
126 216
141 257
131 311
62 311
71 346
35 371
116 255
199 384
223 399
160 289
336 398
41 336
343 347
44 212
212 349
28 366
366 374
146 328
169 247
247 365
58 247
238 278
43 238
93 326
237 381
316 365
141 316
39 183
156 371
156 295
156 292
156 174
39 300
90 156
156 302
222 257
258 322
161 335
62 335
335 337
39 88
42 114
150 248
179 248
13 248
283 307
70 145
262 279
279 338
381 393
168 362
70 88
231 343
49 207
49 332
240 364
13 240
181 289
223 283
26 59
14 59
89 335
307 322
20 252
252 298
152 248
222 336
108 301
59 269
26 227
227 230
5 221
199 221
217 294
159 294
199 242
242 390
21 207
21 277
210 257
275 366
46 102
114 251
381 396
55 371
29 42
146 216
84 308
52 308
282 308
218 261
218 266
70 318
143 170
170 265
173 214
173 219
198 263
198 348
121 232
90 121
121 203
318 362
326 331
48 107
48 375
140 377
140 383
93 178
73 305
73 110
110 382
323 382
62 98
12 82
12 297
67 321
67 153
276 341
276 368
22 32
22 342
290 329
329 387
79 220
220 273
0 68
0 135
0 186
187 268
187 233
51 109
51 154
188 259
40 188
346 381
70 189
30 241
30 394
91 280
91 309
60 91
39 106
37 316
17 87
17 120
182 281
92 195
10 297
10 376
182 386
8 166
8 385
37 50
18 373
271 373
54 194
54 353
9 147
85 189
85 249
85 306
4 179
4 135
100 195
106 147
