47.952220
44
92
18
45724
91 415
197 359
158 438
21 46
28 394
318 340
37 340
68 441
283 372
57 166
196 381
98 413
343 429
304 390
53 98
395 440
110 427
42 441
264 314
10 108
132 142
15 34
9 315
38 244
7 435
2 402
136 257
131 263
79 184
216 441
1 300
385 438
242 283
171 206
14 121
379 391
121 405
171 400
121 126
117 171
305 411
379 419
115 305
101 379
345 439
161 257
58 209
151 441
236 369
236 355
31 236
138 156
138 422
138 296
123 397
57 409
155 360
45 381
215 430
114 390
46 441
143 360
8 218
157 340
73 105
414 435
213 432
273 432
281 337
386 413
423 430
292 337
388 413
259 343
130 274
283 428
128 395
72 283
180 315
209 438
215 271
78 360
215 327
97 390
288 430
102 178
232 390
299 343
312 420
291 412
319 365
267 315
218 307
193 346
19 337
41 123
244 439
100 123
66 394
110 312
177 312
229 278
278 376
278 322
2 319
67 435
118 262
181 277
56 181
207 381
111 174
111 367
118 141
20 319
118 426
73 80
73 159
149 439
0 362
0 370
0 231
146 313
146 361
222 303
222 342
222 398
22 323
22 431
22 83
120 347
120 179
120 147
120 448
5 418
5 393
5 176
279 325
279 329
279 321
162 234
162 399
162 437
164 364
92 364
18 127
275 331
254 331
102 127
54 127
122 331
99 408
69 298
99 374
69 204
99 103
69 352
338 344
227 344
74 344
135 168
70 168
172 225
153 225
144 357
68 144
144 306
144 428
144 335
64 377
130 377
358 366
246 293
3 77
38 293
293 306
77 387
26 77
263 289
289 351
1 289
145 404
34 404
3 221
142 221
154 266
154 340
154 302
154 236
295 341
151 295
7 392
118 392
92 371
194 203
194 338
193 194
176 194
194 264
27 39
39 446
294 312
294 438
97 186
186 252
49 314
49 133
108 235
179 235
235 340
401 415
197 401
380 436
23 76
76 112
18 76
76 148
260 356
163 356
171 183
51 250
94 187
53 187
167 339
339 383
187 444
226 339
243 412
116 243
368 434
217 368
85 252
21 85
138 205
205 441
55 220
301 317
94 301
33 111
33 121
33 119
16 211
324 328
160 328
328 402
112 253
309 326
16 309
57 447
248 357
89 396
195 396
276 395
58 261
261 445
208 261
195 237
119 137
95 137
137 384
297 349
200 349
349 359
22 33
17 44
44 320
354 379
96 353
257 286
182 274
118 286
182 290
182 372
96 323
96 173
86 297
120 183
343 443
35 236
35 172
35 73
268 399
238 268
249 268
50 360
198 417
132 198
198 282
268 446
65 163
129 266
129 424
272 283
284 395
282 421
4 311
4 317
4 381
4 15
118 350
73 350
201 251
201 278
173 185
185 435
13 224
87 184
87 227
13 91
13 79
87 106
81 167
334 389
389 435
389 427
25 406
25 291
25 150
0 25
319 410
270 394
175 215
217 280
280 384
196 280
169 390
140 269
269 334
60 222
107 138
107 238
146 175
355 375
375 387
0 375
48 383
0 363
278 363
146 169
17 239
5 272
84 215
69 294
170 333
170 202
258 432
80 256
125 381
125 430
43 74
43 131
222 256
212 337
212 218
123 330
63 281
63 214
36 192
336 413
316 395
36 63
265 433
192 210
192 251
316 347
152 254
32 430
324 378
124 380
139 249
135 152
395 407
71 406
219 257
305 382
59 111
134 400
218 403
378 444
55 71
109 315
40 346
40 230
165 305
165 181
30 178
30 335
57 255
343 348
47 419
181 373
12 144
364 421
211 366
228 279
61 279
82 344
82 168
199 404
11 215
29 441
11 358
29 394
162 228
52 275
154 416
99 258
253 436
93 432
93 202
294 332
255 364
188 356
57 104
104 432
90 205
62 96
85 113
235 247
188 309
237 447
286 310
233 377
33 75
47 225
35 241
250 410
6 199
189 425
60 425
39 239
221 308
50 182
348 404
24 90
247 287
75 240
48 248
194 330
191 371
6 190
250 449
62 88
294 373
220 285
309 442
245 396
109 182
24 223
265 336
