10.540871
18
26
31
148485
81 93
2 110
12 79
25 83
31 72
31 139
16 85
18 23
21 56
8 45
7 73
21 105
86 96
42 87
45 59
101 129
81 109
7 87
50 104
18 113
69 79
31 134
86 128
9 69
35 119
7 37
2 121
2 48
53 80
69 78
10 16
42 79
86 127
8 137
21 124
69 100
17 113
15 113
41 76
45 106
11 79
82 91
1 91
74 111
6 74
71 74
83 125
52 125
75 118
34 118
133 137
17 133
70 107
81 107
32 107
13 70
41 46
31 46
28 34
14 28
36 89
5 61
14 61
91 130
19 57
57 112
57 99
57 69
57 121
31 120
16 132
49 50
49 62
49 112
26 138
19 26
91 132
22 96
6 22
16 22
53 92
92 114
86 115
3 78
49 74
88 116
56 88
126 139
24 64
64 101
13 57
90 113
31 90
4 104
33 76
33 39
27 35
27 94
27 65
27 77
115 118
63 125
30 67
125 126
69 135
21 135
7 97
45 97
25 51
51 108
84 138
84 95
77 84
61 66
49 60
20 38
63 89
55 136
122 130
66 98
38 98
43 65
43 47
60 64
28 30
0 40
40 80
40 119
29 36
29 131
102 123
81 102
44 47
44 54
103 129
88 136
58 120
68 117
58 117
