39.663608
396
51
104
93999
108 177
5 216
147 192
38 120
33 141
26 174
13 233
134 196
34 115
35 191
109 119
42 127
140 179
50 234
66 105
124 189
184 225
26 127
37 99
75 195
59 234
105 181
100 152
145 172
51 76
60 146
67 127
227 240
171 217
182 248
45 217
81 138
208 227
118 164
133 162
5 234
167 194
157 224
62 176
17 224
75 178
128 225
54 141
2 101
15 147
104 241
231 236
100 219
172 190
198 210
169 177
83 186
174 233
185 243
5 123
75 247
69 122
76 230
181 217
83 141
58 81
21 127
15 174
77 146
111 199
50 133
29 194
28 233
104 159
40 192
236 249
106 143
44 183
142 194
182 232
150 153
25 99
163 217
85 185
125 198
43 99
18 124
76 204
113 140
36 44
168 182
30 172
191 234
174 219
83 129
105 135
109 207
76 215
65 138
61 134
4 156
47 140
92 244
12 227
81 148
21 242
94 141
206 224
156 228
72 118
140 188
118 248
182 222
32 174
53 244
70 143
48 185
17 178
80 198
177 215
52 134
56 63
44 87
131 137
41 56
153 199
10 204
71 83
10 124
56 166
38 233
88 115
46 192
0 133
84 100
5 130
3 124
64 174
68 199
132 234
8 154
65 137
62 137
212 229
8 229
6 104
209 225
101 245
115 122
214 225
11 22
116 205
90 242
97 139
139 237
93 139
57 79
9 223
163 200
24 29
57 117
143 158
16 47
27 101
78 155
155 239
107 185
107 137
75 144
83 175
170 175
55 121
73 173
124 226
194 226
22 160
114 140
114 126
114 120
114 121
187 222
117 223
158 200
165 170
105 165
11 165
98 165
49 236
49 143
40 49
103 134
110 150
35 110
110 189
136 140
115 136
90 144
1 133
1 113
81 95
83 95
109 197
197 229
133 149
149 244
141 238
109 238
180 244
74 244
74 97
218 236
23 100
23 214
23 156
23 235
137 220
101 220
20 39
20 237
14 154
14 173
151 172
151 224
180 205
156 221
79 91
90 187
102 143
160 213
19 199
19 227
146 246
104 246
104 193
193 217
86 233
55 79
16 82
101 203
203 239
31 141
7 199
31 56
127 202
105 112
198 202
7 134
99 112
89 182
44 89
103 201
96 161
96 211
161 218
