74.314716
64
86
670
75638
162 300
100 234
206 264
77 188
150 273
278 336
236 342
12 169
36 313
54 153
126 173
263 321
126 141
22 206
150 295
136 170
39 98
12 87
3 49
295 336
126 331
75 147
282 336
94 226
318 346
97 343
4 341
159 268
236 312
38 320
109 226
42 60
102 299
52 332
74 127
63 247
83 235
337 344
61 318
104 132
156 267
72 131
101 183
74 316
236 333
203 233
187 347
167 323
247 288
152 320
90 251
190 306
267 330
170 238
132 163
145 255
204 265
150 193
26 247
139 191
54 274
53 118
150 304
42 154
176 217
211 262
35 238
19 289
178 312
19 241
131 243
162 292
64 120
9 112
27 93
202 204
84 291
74 188
21 145
154 277
132 285
283 305
128 338
9 236
317 342
122 267
224 283
9 239
235 318
164 182
291 323
97 175
294 349
13 31
48 293
216 270
117 245
174 266
135 312
147 222
19 105
299 339
145 317
37 154
106 216
194 252
165 263
107 259
125 327
246 344
214 247
8 27
24 75
148 192
99 203
145 334
149 320
128 187
172 192
54 201
142 283
140 201
21 37
245 248
235 245
73 197
12 76
211 242
157 344
67 329
187 222
77 348
170 314
92 186
46 147
14 159
203 290
36 265
221 332
110 312
9 115
1 74
66 213
137 181
66 123
36 324
4 129
143 343
231 294
191 333
125 160
34 91
196 296
184 322
247 297
183 302
33 250
27 121
200 216
198 250
25 77
240 306
204 272
244 326
11 182
79 342
34 259
74 85
2 226
63 306
308 340
207 293
188 283
67 68
159 249
197 335
125 315
180 183
146 306
0 174
120 325
69 326
47 318
111 182
4 83
138 245
127 296
1 137
66 307
97 344
133 137
86 336
63 174
65 191
251 308
104 267
197 311
34 151
212 294
175 217
55 263
130 140
77 319
19 299
36 185
287 326
3 108
74 210
131 215
140 230
140 275
98 280
13 205
132 254
16 58
303 342
179 197
100 276
30 92
13 258
3 228
96 343
161 204
168 187
120 134
60 217
162 260
192 208
131 340
223 251
323 328
250 298
92 119
263 265
174 281
211 219
44 206
24 67
27 288
134 290
97 159
206 235
257 296
78 144
95 144
144 169
58 144
275 286
286 345
69 286
81 236
104 114
107 114
18 114
114 184
29 269
29 104
17 269
15 17
235 284
116 188
103 332
61 103
125 155
43 89
71 279
51 63
51 97
118 232
232 295
232 338
57 232
82 145
67 82
26 41
41 166
5 98
80 256
124 262
124 270
10 295
10 265
191 227
100 227
301 323
28 100
28 293
28 111
28 126
56 120
56 265
27 199
32 162
32 170
229 252
32 144
6 198
6 293
158 170
158 343
71 155
12 309
279 309
185 261
261 296
261 299
80 116
189 256
34 189
28 286
81 237
50 78
50 220
62 84
62 310
35 62
5 103
237 284
20 251
20 54
7 98
7 148
113 220
3 113
88 89
88 171
16 88
43 124
154 195
92 195
23 203
23 320
59 140
59 66
271 332
197 271
216 218
218 226
13 225
137 225
40 72
40 177
253 294
211 253
70 209
70 194
45 183
19 45
229 301
