118.035508
13047
130
1571
59063
142 244
170 287
1 344
13 244
144 296
5 188
115 305
128 423
203 302
245 295
206 210
288 367
181 370
75 76
1 19
117 338
150 180
11 196
51 406
9 279
137 391
288 374
264 374
153 156
62 117
218 264
196 399
282 379
258 388
24 407
129 424
154 194
109 353
137 263
277 332
126 258
102 336
115 138
101 360
182 307
296 352
55 430
365 434
31 413
75 359
58 402
83 221
211 376
302 398
112 148
209 430
21 255
82 319
188 331
75 136
207 317
264 345
57 190
41 169
306 430
234 313
180 418
339 439
26 61
140 163
239 276
158 348
348 415
243 377
89 277
197 226
64 193
402 448
187 307
33 400
222 340
152 197
204 280
270 365
284 427
334 430
211 280
364 409
232 398
44 210
104 323
172 289
314 323
150 344
11 355
99 241
248 264
106 135
137 294
238 392
23 229
88 414
80 213
241 292
178 316
34 287
87 368
87 223
2 43
32 350
25 129
29 210
146 414
37 247
169 189
32 126
31 37
249 362
101 225
96 124
235 336
260 363
105 181
396 441
47 401
268 328
242 353
24 306
32 159
36 306
117 374
409 412
260 381
79 261
143 441
2 177
47 286
82 157
196 421
190 221
172 383
28 288
333 400
126 434
132 249
317 433
408 421
81 197
329 393
36 66
101 274
39 282
122 249
129 298
71 293
78 311
135 257
224 336
32 252
113 288
74 319
98 304
100 149
121 413
57 118
259 303
285 402
2 53
87 405
147 181
119 384
47 102
195 205
238 333
370 441
162 365
206 265
291 406
137 214
236 413
15 260
70 239
7 310
95 260
177 254
230 443
133 155
75 403
154 190
343 355
233 430
145 249
297 414
47 90
145 316
58 287
103 173
127 302
36 198
325 413
291 323
297 409
249 380
6 423
257 275
26 167
12 92
4 100
256 268
116 251
261 354
40 180
126 302
84 377
55 229
20 387
245 410
310 372
35 335
300 323
100 442
26 442
148 300
45 406
246 279
141 377
414 417
188 363
65 230
12 76
353 442
261 300
335 337
154 431
200 221
50 168
277 297
307 371
269 287
125 154
239 250
117 278
240 279
179 400
163 444
91 116
281 439
49 326
27 317
58 116
98 272
37 97
78 449
37 110
57 174
24 445
103 404
21 139
438 439
111 387
212 387
114 427
103 290
259 422
283 313
155 259
355 411
145 230
165 282
168 267
59 106
123 402
68 326
317 368
71 386
60 82
323 390
329 425
12 215
163 321
59 131
56 115
363 406
31 268
77 229
273 340
107 134
324 326
310 368
307 370
36 426
69 111
98 237
22 64
71 420
39 172
268 347
94 296
221 308
133 244
153 232
316 318
408 441
10 382
239 313
148 191
111 169
303 340
8 26
80 166
57 63
161 204
184 204
16 376
64 333
96 385
10 67
64 108
21 395
168 192
71 298
257 262
282 425
80 254
73 258
14 329
315 316
181 185
119 394
78 369
76 98
59 432
107 423
17 329
119 301
8 35
116 436
205 366
164 376
336 419
238 391
175 238
1 102
353 361
72 320
1 351
258 416
277 446
216 335
86 320
196 208
46 100
202 348
153 397
96 437
48 205
3 427
220 409
0 245
12 122
128 169
148 389
188 327
18 259
346 400
160 320
114 324
74 169
310 349
54 261
24 52
230 378
87 428
10 93
76 171
207 309
126 151
333 356
85 342
306 440
265 440
253 339
120 145
120 202
58 120
120 368
17 271
271 442
31 271
85 217
82 357
153 357
78 219
219 241
312 363
190 330
102 330
183 300
253 309
217 253
253 356
171 358
82 435
396 435
241 435
151 358
111 341
257 341
296 341
201 259
201 329
119 201
201 342
186 197
163 266
172 228
228 377
186 335
38 244
38 96
205 266
266 340
199 376
101 199
199 427
231 370
231 297
231 374
176 338
176 313
21 447
137 447
229 447
80 299
103 299
210 299
227 282
180 227
168 227
30 245
30 204
279 373
196 373
320 429
10 42
130 134
71 322
115 322
130 375
322 348
129 429
42 313
309 312
183 199
