39.316667
1
46
450446
694702
12 152
2 130
40 162
142 172
103 110
78 124
76 136
136 154
54 93
82 170
134 155
19 159
65 101
34 44
18 117
114 155
82 103
9 37
43 150
66 148
62 140
133 161
13 172
90 116
55 133
14 17
116 129
51 55
91 179
116 120
24 92
108 150
75 138
133 151
67 81
24 131
11 25
24 171
5 148
100 178
41 70
26 89
132 178
28 42
108 136
61 106
11 126
126 166
12 26
19 26
26 32
34 176
45 106
126 140
106 166
14 49
49 93
37 49
49 125
49 106
26 126
30 53
34 45
95 148
1 38
146 170
42 160
77 94
30 175
125 135
22 37
47 59
22 107
34 171
70 174
77 102
79 144
93 124
24 97
143 179
153 170
14 118
56 111
73 130
78 170
65 141
108 116
65 145
155 171
5 162
98 167
164 179
11 60
36 117
148 149
139 162
69 113
81 99
14 88
109 178
8 77
10 125
117 173
74 148
123 172
65 82
47 63
1 169
103 177
27 132
3 150
32 128
42 161
37 81
33 122
1 39
112 122
42 46
48 122
6 69
69 83
16 133
47 127
11 68
30 165
29 144
70 104
155 156
103 163
1 17
21 69
20 136
2 168
57 77
137 138
51 128
59 110
70 82
94 178
150 157
86 138
56 81
130 152
66 138
66 117
87 172
158 159
30 38
96 98
22 121
14 147
31 98
115 128
93 105
52 144
25 91
84 140
64 125
113 164
35 170
35 172
71 130
71 144
72 98
69 72
96 119
23 58
58 123
0 21
0 4
0 27
7 171
7 66
80 108
61 80
15 162
15 122
50 85
50 111
