25.583333
1
31
2
1113828
43 63
0 16
51 94
51 81
51 72
50 80
50 65
48 114
46 114
39 66
43 88
71 119
41 81
54 101
38 119
38 61
38 52
38 42
36 110
36 49
43 106
92 103
94 96
34 39
33 42
31 54
31 36
72 73
111 114
107 117
97 109
6 31
89 119
89 102
84 103
83 97
79 118
78 98
72 104
36 44
35 72
30 39
66 107
64 78
63 103
62 86
58 107
57 71
55 62
54 116
5 55
54 105
4 96
14 37
6 112
14 100
14 108
6 82
15 19
6 77
54 107
7 60
0 69
3 78
8 107
9 19
18 81
20 96
0 28
0 66
54 99
27 56
10 51
25 81
24 62
23 39
22 71
21 89
19 76
71 113
1 43
45 51
45 78
45 66
5 47
75 115
62 87
33 47
51 115
27 115
11 115
40 47
68 90
93 118
78 85
56 68
29 93
7 68
12 31
10 93
85 97
43 85
2 50
17 103
2 114
32 74
91 96
32 79
14 91
17 19
70 119
53 59
53 99
66 95
50 95
67 97
13 97
12 87
26 45
