106.561391
372
113
4030
67357
82 334
117 362
128 169
140 246
139 208
202 370
64 164
23 370
310 372
102 399
78 191
36 193
241 257
118 192
131 359
275 395
86 390
262 286
33 376
78 252
189 247
126 178
314 385
73 317
44 99
272 274
141 321
81 310
122 343
188 305
80 245
101 138
238 289
223 265
13 335
260 305
225 395
216 280
189 221
301 315
173 373
69 276
183 267
283 313
112 175
215 299
137 283
51 98
18 354
273 288
76 249
267 355
95 147
101 376
70 75
86 296
85 270
323 394
140 333
112 347
140 377
132 261
258 300
62 93
4 286
139 331
274 302
208 246
182 242
45 158
283 295
62 356
144 342
15 83
1 13
80 175
230 253
162 290
121 396
16 79
5 344
237 274
122 374
195 310
175 336
273 360
369 378
91 392
72 334
146 306
53 261
148 230
52 164
132 233
173 366
139 307
42 203
373 394
75 210
50 179
96 155
42 235
0 399
9 95
102 315
278 367
305 362
169 391
61 99
232 302
132 202
213 365
101 197
2 69
231 258
59 320
201 348
281 336
25 189
338 396
202 392
131 269
279 381
181 211
215 328
68 263
288 342
114 381
161 329
96 196
264 392
160 384
274 388
30 318
177 342
15 240
146 379
107 160
103 131
339 378
9 395
50 270
211 383
344 351
97 302
67 238
35 321
145 173
284 288
16 154
117 204
146 239
43 122
30 63
95 130
51 263
8 18
185 296
248 399
33 207
18 170
51 149
238 292
57 308
54 219
53 152
171 174
16 77
119 211
211 261
18 373
40 310
24 102
168 399
45 254
44 201
30 105
228 394
26 162
80 287
34 314
69 374
118 168
246 283
24 398
85 309
350 389
72 249
129 267
372 396
258 330
69 218
94 258
259 341
49 117
174 317
31 190
189 330
12 160
29 50
241 375
50 92
212 219
110 223
171 340
194 370
42 229
317 327
169 297
19 62
210 347
256 267
344 374
273 346
87 116
56 99
171 298
31 397
24 111
6 162
80 124
116 129
161 345
357 389
39 284
47 230
66 78
118 372
104 320
175 178
185 304
46 286
101 220
223 243
182 352
89 227
206 219
244 273
95 330
108 178
33 143
123 305
75 125
164 385
371 386
319 321
182 227
314 360
163 336
11 216
55 216
84 259
58 304
151 284
17 213
129 378
89 134
148 256
116 368
134 294
347 353
45 217
176 344
161 255
311 348
93 215
236 342
53 364
234 249
13 261
153 320
93 161
106 259
120 269
29 332
60 399
278 334
167 381
28 213
133 193
120 241
133 239
296 380
14 31
31 150
57 251
57 199
193 233
30 246
74 85
53 322
78 150
7 118
122 349
186 315
293 315
134 150
178 224
215 382
198 392
32 173
88 249
45 72
65 140
38 394
57 385
42 376
116 266
156 334
200 304
75 127
250 302
160 202
41 314
13 291
33 180
222 284
358 371
314 316
271 317
226 396
48 348
164 165
332 336
24 159
15 68
22 296
96 214
37 370
326 378
115 134
141 353
389 393
209 395
162 185
314 334
27 385
41 361
93 277
21 102
166 325
166 389
166 241
3 77
3 85
3 219
3 371
3 361
172 267
172 184
72 303
129 303
110 285
184 285
10 131
10 395
135 330
135 374
142 246
142 373
62 136
136 235
282 371
282 341
15 363
96 363
100 132
100 238
100 230
321 363
100 317
312 372
185 312
166 277
71 132
157 320
51 157
109 367
109 337
109 325
113 347
99 113
187 286
117 187
75 187
302 387
305 387
216 268
268 348
20 139
20 213
20 182
146 205
169 205
90 376
90 150
324 381
50 324
21 363
