4.996401
463751
17
33928
678655
16 44
54 56
79 86
24 111
51 114
33 38
38 72
16 38
117 119
14 38
65 91
34 111
83 89
15 32
17 103
91 119
56 92
12 44
71 74
107 113
102 113
20 60
60 111
63 106
74 112
57 74
38 45
48 82
13 74
14 63
20 59
45 104
23 76
72 96
13 111
29 89
46 100
20 40
80 81
27 89
79 99
20 41
56 82
31 112
9 111
1 20
56 107
32 86
21 86
30 119
56 64
81 103
57 97
10 114
36 116
36 66
48 63
36 63
11 36
49 86
6 31
8 36
39 48
85 93
66 93
39 43
70 106
70 111
26 56
26 87
77 84
84 107
65 84
65 105
15 105
15 53
53 100
52 54
52 76
103 115
43 115
0 87
0 108
55 77
11 18
18 50
73 108
75 114
67 69
36 75
34 98
69 98
88 97
22 96
104 109
42 59
4 118
40 118
7 12
25 78
90 114
78 85
101 116
37 101
28 84
10 58
58 95
8 62
110 119
2 114
2 94
5 80
5 35
47 99
47 61
3 61
3 19
68 89
68 74
