28.412740
44
38
55
135476
136 150
55 106
138 159
72 111
24 69
1 35
35 72
2 145
47 80
95 113
72 103
50 162
37 112
113 140
49 131
65 121
117 138
51 97
2 166
86 112
65 116
67 142
66 88
38 178
48 122
122 160
47 154
154 171
154 177
53 131
18 64
47 178
2 34
21 152
21 101
21 42
23 178
29 65
88 107
60 72
126 140
20 170
9 149
89 174
40 142
49 156
6 27
68 138
106 111
8 91
56 129
56 157
56 143
32 137
49 163
27 61
69 139
88 178
33 149
73 106
88 150
31 42
70 148
7 112
52 142
8 120
92 162
19 97
0 47
57 170
86 122
32 43
65 84
113 130
47 99
104 178
109 112
126 131
64 119
3 27
22 69
59 115
115 164
115 155
8 132
120 142
8 93
69 120
131 135
26 64
122 158
97 128
162 179
85 154
45 97
12 172
161 172
76 172
125 147
31 147
136 169
1 146
148 176
51 176
79 176
28 123
151 168
123 174
96 151
4 151
118 123
110 175
76 141
10 16
15 16
16 110
11 41
7 41
129 167
75 88
120 144
62 177
4 62
141 169
77 170
24 77
14 138
14 99
17 36
46 97
102 149
46 172
72 98
146 167
39 89
39 58
39 124
54 64
108 138
27 108
65 108
108 124
69 94
82 168
30 149
63 70
63 100
10 25
25 49
25 173
113 127
127 178
78 173
78 133
98 147
87 170
32 87
71 122
71 131
81 161
32 81
90 112
56 90
44 49
2 44
74 165
30 147
149 153
153 162
114 115
106 114
75 134
17 175
13 36
5 141
83 105
54 134
105 108
74 176
