20.714122
129
28
1755
185715
4 132
3 82
90 134
127 135
49 120
80 116
88 126
33 53
28 94
89 92
54 123
96 123
25 58
72 139
100 126
4 39
62 137
12 64
55 60
109 131
63 115
89 121
31 83
54 102
17 25
27 58
3 109
130 135
13 103
1 58
13 73
45 123
0 116
11 112
22 89
19 83
90 110
87 137
114 116
44 115
13 86
52 53
29 120
8 93
83 125
48 84
2 60
3 45
79 117
53 131
11 78
3 43
93 136
4 34
38 79
69 130
31 84
11 71
75 94
24 99
16 93
61 89
104 115
122 130
32 137
98 126
55 98
5 139
50 94
66 108
9 74
41 74
10 41
12 65
106 139
12 67
120 133
30 36
36 127
24 36
91 120
59 106
79 105
15 124
15 102
10 15
8 15
70 130
70 85
23 71
23 104
11 129
53 129
76 95
47 76
76 79
7 59
7 105
13 26
3 26
68 99
47 68
68 113
13 68
77 90
77 115
18 94
18 139
18 81
18 126
51 96
81 118
118 137
20 28
37 53
37 56
14 17
14 119
36 91
21 101
21 56
12 46
46 49
46 116
58 107
107 116
90 111
111 132
12 97
83 97
57 89
4 57
6 22
6 128
6 108
40 48
40 138
35 42
35 66
