21.101459
6
25
147
1558751
70 85
53 79
57 61
82 97
21 27
7 9
55 90
64 96
15 38
68 69
25 57
23 40
56 57
63 68
2 88
2 26
33 95
30 82
42 95
85 87
6 67
10 91
6 76
26 33
71 83
15 71
83 98
27 71
36 83
83 87
22 83
71 95
49 85
44 81
84 90
27 52
34 64
46 70
43 98
44 93
24 91
64 89
40 92
78 98
0 98
8 87
6 50
9 80
4 27
23 81
0 56
16 33
39 48
54 82
57 96
64 65
3 70
68 94
91 99
20 95
68 96
19 49
60 87
14 15
15 72
48 73
9 41
49 59
40 58
1 98
27 82
78 79
70 80
45 88
5 87
9 86
17 48
37 44
12 47
47 85
31 47
47 77
49 75
32 33
62 90
11 95
18 71
18 51
13 33
13 40
66 96
28 44
28 90
29 50
29 79
74 79
74 91
35 82
35 48
