58.976542
73
73
47698
85891
50 67
142 297
220 242
84 290
214 235
5 72
228 237
19 63
164 181
223 279
137 236
17 210
49 162
101 187
269 285
21 298
25 165
44 67
4 185
29 131
12 290
18 180
85 91
10 229
147 215
110 202
23 297
217 278
167 168
269 292
199 209
32 272
53 137
232 298
27 46
11 246
109 175
13 17
239 263
20 119
65 67
138 298
117 145
114 229
71 73
71 108
273 294
36 109
162 200
30 169
0 257
84 263
103 159
132 286
70 253
37 106
15 178
47 199
98 267
15 160
30 203
18 42
11 241
57 68
28 290
5 223
125 297
64 164
132 249
61 195
182 280
23 114
93 105
78 288
22 188
52 272
55 132
34 223
97 159
81 207
16 98
191 275
162 238
54 139
241 280
62 280
91 259
39 63
77 117
102 104
27 276
65 253
31 40
187 234
25 28
31 83
226 252
22 118
230 294
20 231
69 100
78 243
8 229
123 162
112 195
164 170
15 265
63 238
248 253
173 269
74 228
56 271
89 221
91 260
98 225
102 122
27 163
115 161
201 235
41 53
2 257
63 88
227 284
82 167
52 235
93 115
18 197
14 116
191 228
214 270
43 224
72 213
142 298
56 245
136 294
249 274
256 284
22 205
105 212
59 263
110 166
156 215
4 51
132 266
79 157
94 270
45 111
9 157
157 240
54 177
43 134
107 223
45 69
25 58
274 295
116 268
5 192
263 275
5 17
187 293
106 121
106 141
37 49
68 126
124 201
81 159
129 195
67 297
3 78
53 186
39 72
69 287
14 164
17 143
270 289
29 198
68 113
20 86
83 112
38 201
43 155
72 150
116 133
29 207
75 102
115 127
140 199
33 251
33 278
78 208
25 120
208 246
30 282
60 272
6 242
54 206
140 192
89 274
105 264
146 167
215 222
71 261
176 284
15 187
31 66
111 246
4 96
172 216
216 218
254 257
253 255
128 130
63 158
158 215
86 158
110 158
158 247
67 179
158 244
152 242
67 184
182 184
184 209
135 144
106 144
144 167
116 144
126 144
110 190
190 294
130 255
96 179
158 216
26 278
26 157
218 283
15 283
56 283
153 189
153 221
7 153
91 154
78 154
92 151
151 195
110 151
151 269
35 252
7 35
35 251
35 204
92 149
149 277
69 196
196 278
270 281
31 281
132 183
109 183
25 171
4 171
80 109
80 193
95 187
71 95
48 193
48 99
105 291
30 291
24 76
76 135
53 262
246 262
98 219
199 219
233 269
90 211
90 236
233 284
277 296
29 296
117 296
152 254
1 43
1 15
22 148
148 298
174 242
167 174
194 290
18 194
54 258
258 274
27 299
263 299
87 117
87 282
164 250
102 250
