35.811776
136
42
24
183690
45 128
62 80
41 135
83 134
16 140
7 93
0 154
52 140
99 140
90 134
86 105
28 122
106 122
49 122
35 126
9 45
36 45
19 31
18 31
31 147
77 112
103 114
114 118
6 112
32 108
112 152
64 108
108 120
58 114
135 137
80 123
102 115
13 93
145 157
43 145
24 119
109 119
17 81
105 119
147 149
138 148
84 119
1 135
26 132
29 126
76 80
64 78
80 154
9 35
130 145
81 132
5 93
65 134
113 132
88 115
85 154
50 68
68 154
101 126
133 155
53 133
34 60
60 61
60 148
10 159
10 129
10 110
63 70
20 63
63 107
92 116
40 158
136 142
57 69
136 143
92 125
40 73
39 40
69 117
67 94
67 104
23 136
46 92
69 151
33 67
3 50
3 4
3 127
71 134
71 93
15 78
15 21
15 37
97 98
66 111
12 140
97 124
14 59
97 150
14 55
66 100
14 27
66 72
12 119
138 141
141 149
76 141
89 141
42 44
11 42
12 40
70 95
47 91
47 109
2 47
17 87
87 91
56 87
96 154
25 108
14 156
66 156
144 146
31 144
135 153
51 145
51 80
74 132
74 112
126 139
122 139
79 114
45 82
82 115
8 92
46 75
75 145
82 133
60 153
54 135
10 79
63 79
96 136
67 153
51 69
47 156
22 146
12 95
22 133
71 131
38 156
10 54
30 44
30 43
71 87
25 97
15 139
8 121
48 121
