71.508142
203
104
37
43093
179 282
234 423
353 400
252 307
360 403
191 274
307 310
242 298
377 487
128 309
186 479
346 422
118 418
163 402
362 393
230 358
177 488
108 292
286 437
232 362
150 277
157 191
267 328
317 486
156 247
3 226
292 438
2 362
311 366
42 55
16 313
222 400
206 245
79 186
309 372
7 346
300 464
334 357
90 114
281 490
269 276
132 202
317 391
366 452
44 81
55 73
21 288
51 334
120 269
32 439
278 404
265 403
204 442
430 463
40 162
317 414
48 361
269 282
100 490
238 458
146 179
226 235
112 339
314 328
68 208
208 419
195 234
70 238
146 493
146 249
64 230
112 333
234 470
170 208
226 355
73 229
57 112
230 359
162 224
37 244
37 312
351 439
104 437
38 272
37 103
37 58
233 490
272 496
119 404
308 313
151 202
202 266
361 457
33 210
92 317
384 403
111 238
191 263
170 191
169 488
168 421
161 323
126 298
244 309
444 456
91 219
1 463
55 426
25 185
142 309
164 456
219 405
167 330
467 499
162 491
334 374
442 479
188 304
25 316
167 383
131 394
83 304
115 221
19 154
460 487
337 456
361 464
255 418
211 269
215 413
143 305
221 448
396 499
313 345
53 292
207 499
284 304
259 361
247 329
76 165
11 191
352 443
440 456
95 186
228 439
285 406
447 488
207 478
184 334
298 455
81 320
272 480
121 277
166 400
43 442
186 469
277 336
378 418
305 425
167 180
233 408
394 399
206 487
141 362
263 464
248 298
347 454
117 161
35 96
66 161
47 471
254 488
38 167
47 106
261 311
381 432
277 376
99 414
210 343
148 328
183 464
210 442
144 162
82 404
46 463
197 215
47 220
47 475
84 437
81 223
215 256
225 394
327 347
347 398
123 163
110 248
28 81
311 483
15 284
223 302
96 346
221 321
122 138
246 459
157 264
76 372
30 210
112 144
35 45
144 307
15 275
25 350
302 459
15 320
30 350
67 459
122 273
229 459
124 271
124 370
124 299
187 352
76 380
15 306
22 371
110 417
110 236
35 240
22 494
176 251
176 324
176 408
158 429
344 435
154 429
259 435
52 429
65 498
485 498
495 498
26 296
294 296
338 412
21 412
62 196
62 260
62 462
136 250
136 171
8 153
8 253
136 411
8 130
129 279
52 279
279 398
107 279
9 301
24 301
237 301
199 407
168 407
119 364
158 364
0 473
387 473
466 489
356 428
110 441
134 441
20 441
395 415
27 395
283 368
211 395
246 395
365 368
75 368
376 482
466 482
147 318
139 191
34 445
116 189
164 379
379 484
102 198
150 173
264 280
92 102
59 87
19 69
189 386
280 335
169 189
135 285
303 471
173 465
94 135
69 239
198 295
27 173
203 303
295 305
87 410
242 295
114 416
194 416
163 416
258 389
192 389
231 277
103 369
292 369
193 241
291 347
22 340
24 340
133 146
145 216
145 431
145 362
0 145
10 450
10 421
10 297
10 311
78 420
14 26
14 181
14 35
174 387
106 174
174 437
110 174
88 238
88 456
88 365
88 221
25 89
89 177
325 394
159 176
74 269
144 453
125 210
125 307
243 307
18 243
105 459
37 105
34 354
144 354
39 354
76 434
348 474
293 348
78 348
175 210
290 432
201 290
6 362
6 107
6 202
212 304
364 416
71 77
49 85
49 288
200 452
49 311
155 200
200 356
200 401
71 84
71 497
71 381
191 205
67 205
214 383
20 214
221 477
349 477
477 478
406 477
98 226
98 346
98 499
146 472
163 472
149 335
65 149
77 461
55 331
298 424
22 424
446 464
442 446
436 481
101 436
436 449
12 403
17 18
17 29
50 292
50 247
86 439
86 247
124 140
140 499
97 237
192 341
163 341
361 385
353 385
109 488
5 321
217 352
93 338
137 216
289 450
161 433
433 488
392 499
210 392
98 412
160 232
363 409
363 393
72 474
270 489
90 213
213 468
230 476
215 476
334 382
328 382
241 390
311 451
167 322
262 487
208 262
47 397
56 361
23 456
56 463
36 99
4 190
234 451
4 181
36 218
209 418
209 400
219 427
25 427
291 390
54 117
319 352
122 268
127 481
319 490
172 193
172 178
127 342
309 319
268 313
127 184
268 317
12 301
60 147
287 299
61 413
61 219
80 215
23 136
8 397
62 322
122 332
332 449
13 495
13 131
315 368
205 318
31 445
31 375
41 74
367 410
367 488
133 227
152 227
354 420
88 326
326 388
389 492
205 373
113 424
113 182
257 270
63 175
