81.054183
62
97
4957
63180
71 80
225 295
37 237
11 45
280 346
59 140
52 125
251 371
53 237
316 369
12 86
291 296
149 385
305 394
385 386
196 352
20 303
53 298
267 280
72 342
70 245
12 48
18 128
309 375
159 370
98 127
103 261
109 205
0 339
95 295
202 218
102 228
343 385
81 150
277 322
43 293
16 143
15 286
45 297
257 385
56 146
87 194
27 254
43 169
82 332
62 361
192 197
7 47
175 205
24 324
106 328
62 265
211 277
185 249
59 269
87 166
87 377
195 253
33 143
119 146
0 49
55 228
172 218
148 309
17 128
255 296
31 262
188 386
75 253
11 128
276 300
133 171
154 317
80 350
333 363
225 336
91 389
138 340
9 163
52 278
78 385
53 235
221 238
220 352
261 392
185 215
30 152
230 284
38 110
155 297
89 141
81 185
14 174
137 339
99 238
108 389
35 151
284 344
6 165
91 243
295 319
258 348
367 386
139 249
113 256
37 162
176 389
22 348
188 272
42 238
37 353
211 262
261 330
77 306
1 218
275 316
249 398
104 348
138 308
152 383
39 302
23 296
6 122
8 74
173 284
234 241
127 304
94 282
13 127
92 143
271 316
318 334
73 110
50 111
64 81
90 189
22 330
21 188
37 358
90 118
2 218
7 283
12 191
29 295
14 233
198 234
336 364
7 105
36 146
52 388
62 136
81 96
141 252
39 315
31 79
114 290
20 357
60 82
207 230
331 378
188 241
26 101
108 285
12 257
35 391
115 399
43 200
309 323
351 378
177 233
195 236
0 144
6 107
50 278
206 223
121 230
238 244
32 247
135 266
74 292
20 250
222 318
137 312
15 389
93 324
19 324
180 182
25 234
142 306
6 99
338 349
133 334
324 341
141 368
116 138
63 399
5 254
37 232
242 297
242 349
163 204
108 337
57 233
178 188
7 93
208 284
129 137
85 254
225 385
226 378
202 385
6 23
0 360
94 281
215 286
336 345
219 249
70 198
35 169
2 258
41 347
4 349
34 280
195 359
44 50
223 384
68 336
65 153
114 224
52 260
32 161
256 325
301 399
54 394
317 382
101 311
215 288
106 256
35 61
174 273
326 347
117 363
347 373
276 390
32 160
59 167
80 240
171 329
110 248
99 223
294 349
62 93
199 324
164 386
131 318
84 171
101 193
135 328
205 370
90 220
70 123
39 132
67 223
212 317
39 229
188 278
158 180
88 197
70 335
149 342
120 328
275 373
276 366
90 231
108 327
65 363
180 191
82 243
163 396
328 338
10 152
50 76
210 228
12 368
352 372
71 266
94 184
31 97
215 289
130 256
174 397
168 386
230 320
93 379
19 74
145 277
197 268
214 233
227 321
32 381
46 61
185 307
299 380
58 99
186 247
225 376
239 307
274 394
131 274
278 393
186 239
376 381
82 134
134 297
36 134
126 180
128 157
39 157
187 229
66 187
187 380
13 187
203 385
203 205
306 387
101 387
179 251
179 287
159 179
100 371
100 264
83 225
83 310
83 152
83 254
39 201
201 263
174 201
201 395
12 270
53 270
230 354
347 354
94 354
0 354
227 354
183 263
183 321
37 259
259 352
230 279
110 279
20 279
46 170
143 213
51 127
356 365
213 349
356 395
51 399
274 393
216 353
216 355
75 216
170 299
58 126
137 147
147 363
246 261
246 317
28 35
28 276
195 217
163 217
3 141
3 87
190 254
114 190
181 309
181 284
209 386
59 209
228 374
316 374
40 138
40 171
101 313
114 313
277 313
112 233
112 197
74 156
156 348
69 314
69 153
93 362
362 378
110 124
124 280
