78.285871
3
117
10
146490
452 482
128 420
154 197
153 492
152 336
151 162
147 466
146 466
433 476
127 382
85 332
137 413
154 290
137 149
134 233
133 365
132 370
181 457
207 427
111 209
19 112
427 470
177 373
177 393
178 294
180 423
88 130
191 482
196 484
168 172
119 435
120 314
124 131
127 381
162 475
174 491
348 423
308 492
155 334
156 314
157 480
162 259
162 327
170 411
88 250
166 188
308 324
167 220
167 228
119 406
170 259
81 184
93 281
93 215
92 336
90 133
89 400
89 324
89 291
89 150
88 444
88 430
95 173
294 491
81 461
119 344
88 176
110 319
371 377
139 316
197 416
457 473
80 450
78 264
77 458
76 378
279 432
321 370
330 332
114 498
114 429
114 378
114 255
112 391
106 154
286 298
341 417
149 417
210 417
217 417
111 123
110 257
110 236
112 304
104 336
101 336
370 489
95 262
96 332
103 275
100 168
324 486
305 338
307 319
79 353
315 419
318 476
320 335
320 457
371 420
301 416
328 353
280 491
349 463
350 404
351 445
353 439
360 426
275 401
298 455
298 441
426 436
484 495
483 496
483 485
482 497
469 476
450 467
111 390
66 308
66 490
117 133
297 349
99 340
241 420
7 464
12 432
426 493
298 388
424 480
415 431
412 491
408 432
239 480
404 418
402 492
389 476
386 466
375 427
371 462
216 337
216 354
2 160
71 81
202 416
205 492
213 214
213 446
213 491
248 458
245 314
216 378
221 294
223 351
227 277
230 320
233 261
233 339
274 416
201 225
201 216
198 332
277 341
2 148
27 323
293 299
286 380
272 340
286 293
285 450
283 371
208 435
76 144
277 307
275 474
95 155
271 373
270 294
269 286
267 450
266 421
30 351
14 324
13 324
13 85
58 66
40 357
76 359
66 407
213 242
404 447
40 183
50 273
85 480
29 387
44 415
60 360
61 93
29 394
42 477
50 312
49 458
42 247
40 376
32 322
139 143
130 395
154 169
73 395
50 313
25 89
23 320
50 349
52 277
26 395
21 68
166 385
37 352
139 252
74 458
37 343
56 470
163 286
282 357
6 166
27 346
47 258
16 499
16 457
55 415
76 105
137 333
70 95
27 231
5 126
36 356
1 182
72 427
5 263
2 11
37 129
68 193
42 268
170 265
338 397
7 397
39 397
136 397
314 397
29 56
145 356
34 373
0 192
7 238
0 410
68 158
2 471
366 465
270 465
200 465
160 331
224 331
127 331
171 292
89 367
363 478
53 383
131 237
405 478
68 367
109 478
62 237
98 309
42 367
32 222
187 222
118 383
197 237
85 303
250 309
163 222
219 237
289 420
138 289
280 289
85 289
244 320
197 244
139 244
404 460
457 460
112 347
277 347
7 347
254 302
217 302
302 393
60 302
417 494
85 494
166 494
29 468
342 353
139 342
110 342
64 125
0 43
334 487
453 487
117 190
38 317
442 444
110 449
287 415
296 442
171 442
275 287
78 449
81 438
308 325
168 438
118 442
135 449
2 287
167 437
371 437
125 465
294 488
292 347
21 459
363 459
88 414
310 368
111 414
305 368
448 482
197 448
8 278
4 8
3 8
8 282
8 321
93 326
326 426
168 246
27 246
246 356
190 292
317 331
213 379
379 384
37 300
300 314
119 300
340 422
7 276
134 443
0 86
308 355
127 355
55 86
232 276
194 453
25 194
40 329
329 395
329 455
291 472
345 472
258 472
186 479
1 108
59 83
295 434
260 370
116 211
218 260
33 83
211 428
31 162
161 186
51 211
10 186
83 322
108 278
80 159
38 159
195 295
84 286
107 108
15 135
82 91
72 91
91 311
233 288
288 349
140 353
43 185
35 133
10 35
63 409
63 420
122 137
122 170
206 266
206 308
203 206
253 481
235 253
204 235
9 378
64 398
398 419
45 229
70 229
229 434
97 345
47 54
97 233
54 65
165 420
5 165
251 336
50 251
121 484
65 121
212 232
69 466
18 340
212 425
5 18
46 95
46 168
451 494
315 362
362 396
372 423
252 372
123 189
115 460
226 346
226 248
115 468
49 403
403 454
403 433
5 243
243 428
87 88
75 311
41 197
240 366
249 405
28 59
17 483
302 481
20 491
24 423
24 351
361 374
142 484
9 342
94 374
234 449
22 325
284 438
364 370
57 104
67 218
124 175
179 483
67 440
57 102
175 399
179 373
392 437
48 127
48 432
369 488
113 448
141 204
199 472
31 306
358 456
164 437
256 459
94 326
69 398
358 368
