14.407482
109248
34
72343
471277
7 89
9 76
31 76
30 76
76 163
57 167
130 144
169 177
28 121
78 96
15 176
36 127
36 64
20 132
45 93
105 169
116 157
122 152
97 115
15 75
75 89
11 63
132 138
86 142
94 110
27 150
78 100
93 130
36 125
78 107
70 130
38 83
120 143
143 170
85 98
134 153
134 141
91 134
134 179
120 122
120 160
75 120
57 170
64 170
38 76
85 151
115 167
46 85
10 158
10 115
16 64
66 157
157 177
113 115
157 166
65 157
52 70
16 173
1 58
25 157
54 113
21 126
29 45
104 156
12 63
5 150
2 94
122 130
105 156
125 155
11 25
47 115
13 104
114 165
95 114
112 156
9 156
36 162
74 84
40 107
69 122
63 103
71 80
17 92
19 90
126 168
36 86
114 176
4 158
33 36
171 177
37 75
118 169
50 132
6 78
80 137
79 122
158 179
45 88
142 161
159 169
126 131
40 132
142 145
50 64
62 92
108 126
60 158
83 90
22 171
34 171
63 173
80 124
135 150
94 174
73 156
3 114
3 8
3 98
134 147
147 150
36 109
92 109
8 55
43 55
0 37
76 111
66 175
146 153
74 175
136 171
56 155
56 121
53 111
16 172
48 142
48 80
61 133
61 114
41 57
41 94
14 28
62 117
35 82
79 82
42 72
36 72
92 149
119 170
106 133
106 154
49 57
102 162
113 139
24 158
7 81
81 99
63 129
39 138
39 58
18 32
32 120
32 168
32 123
26 126
26 178
68 123
68 87
51 140
51 67
16 23
23 148
14 51
44 77
1 44
101 140
101 164
59 128
53 59
