18.835112
11
36
302232
499644
4 11
35 105
30 31
3 20
76 168
41 169
144 151
56 97
22 94
17 69
5 129
36 171
41 132
126 171
119 129
81 174
34 58
76 159
0 112
15 152
57 139
99 139
46 93
25 177
29 31
23 42
115 171
19 112
34 72
81 136
46 120
46 148
73 140
69 73
73 151
2 73
4 70
33 66
89 167
128 145
74 88
85 139
23 179
134 161
18 163
46 112
45 105
25 146
53 88
96 135
31 166
48 128
0 48
6 144
9 24
24 97
67 152
63 175
20 152
41 147
63 155
118 173
4 140
59 114
34 176
22 164
36 141
54 134
129 147
12 56
135 144
83 163
100 162
82 168
81 143
105 138
30 103
57 113
81 151
162 163
98 129
1 167
88 102
33 101
1 126
4 157
23 108
47 134
30 75
25 118
37 41
86 96
34 172
55 128
33 127
44 144
23 133
164 173
76 133
130 150
4 94
118 156
33 172
46 90
7 76
12 63
40 81
26 151
73 110
26 133
110 130
112 137
111 148
106 164
17 121
104 167
63 104
106 166
104 130
110 154
116 140
87 111
111 147
111 171
27 60
60 147
107 124
107 138
107 134
107 164
43 107
62 124
130 165
92 163
92 105
30 49
49 131
91 127
61 152
51 100
3 51
76 77
142 178
83 122
91 167
73 142
29 68
78 119
104 158
39 65
25 125
114 125
16 150
10 16
139 160
112 160
65 158
70 149
8 113
50 99
50 109
79 154
21 84
21 46
79 153
52 109
52 95
71 128
71 88
28 59
28 38
32 84
117 123
14 64
32 170
14 133
39 117
13 80
13 82
