56.883327
78
104
6803
43087
76 426
131 236
168 390
173 274
149 298
260 385
196 460
51 439
370 492
250 455
15 56
232 448
183 301
37 247
345 431
230 254
129 195
107 405
360 369
142 428
206 431
292 298
263 471
216 218
141 476
212 471
103 372
180 462
344 479
86 203
121 275
105 320
199 465
263 464
157 312
194 385
231 254
84 406
216 420
129 346
171 204
349 468
321 438
344 472
296 434
137 248
232 368
163 360
317 338
178 399
12 391
247 423
262 438
390 474
170 431
8 128
298 451
139 199
119 399
216 310
1 380
177 489
266 296
147 248
152 393
11 316
173 386
262 466
183 477
128 306
232 459
111 411
196 445
202 288
387 473
314 317
28 68
333 365
331 399
252 429
435 467
108 177
388 430
117 288
368 458
238 405
408 434
248 363
319 441
280 441
395 438
50 318
66 276
247 383
12 259
84 312
20 103
49 86
61 204
115 493
12 16
404 425
282 430
275 480
127 471
113 475
196 492
142 419
37 316
261 455
151 430
28 60
192 360
228 351
240 316
285 475
321 417
39 382
305 495
219 487
106 248
362 399
205 456
50 453
82 255
15 387
77 254
310 426
101 320
243 439
234 499
36 39
69 440
199 227
405 442
125 427
265 456
66 254
25 323
28 214
42 385
19 296
308 344
372 417
81 223
5 387
65 320
155 450
268 415
174 438
11 98
66 184
397 415
196 470
6 183
223 413
190 467
244 495
233 277
275 403
255 490
172 388
207 219
140 142
341 462
39 315
393 425
311 430
223 256
31 365
50 71
363 494
407 476
156 431
299 394
133 160
213 228
84 343
177 190
115 455
454 476
77 111
10 177
125 273
203 331
1 265
66 153
456 466
239 475
20 283
86 496
219 307
264 298
216 366
154 495
48 202
26 440
169 414
65 282
298 309
129 185
67 317
20 412
269 426
183 303
34 199
222 255
29 388
228 297
96 393
117 277
422 440
74 468
131 224
287 417
132 194
25 388
36 468
208 261
75 277
366 417
134 380
138 177
90 390
344 396
106 202
28 463
52 396
128 252
14 348
125 188
63 225
14 122
302 375
162 302
304 359
221 467
131 392
130 329
342 455
62 377
279 377
377 450
191 377
38 439
116 267
132 267
398 464
225 398
73 83
211 497
83 449
415 416
121 443
46 497
79 305
48 79
339 474
289 339
9 444
278 444
13 258
229 433
433 443
241 436
17 47
47 87
355 491
109 481
32 109
433 444
200 411
135 200
87 200
200 414
9 45
45 230
39 45
47 79
97 303
95 97
97 291
76 97
30 426
30 202
187 291
55 422
55 468
284 286
286 290
286 384
64 384
64 69
187 339
22 295
177 215
402 430
161 215
344 379
44 162
44 484
44 284
112 402
94 341
94 352
94 181
56 94
94 342
94 267
44 112
44 161
242 367
242 365
80 379
275 361
28 409
409 457
92 409
257 322
257 417
385 461
228 461
210 495
210 267
335 484
298 335
329 335
38 335
109 491
98 401
17 401
401 490
165 177
28 271
183 271
176 255
270 294
2 270
270 281
327 387
40 309
40 458
80 361
7 495
7 204
68 381
373 381
158 437
158 290
232 347
2 347
293 489
14 293
293 400
325 439
334 387
325 377
102 415
102 300
102 130
46 327
145 288
146 400
146 392
126 326
126 177
424 449
98 424
58 424
281 478
223 478
131 324
324 365
324 393
235 259
235 247
248 253
253 296
141 253
99 166
99 463
0 99
100 301
100 421
253 378
398 478
150 438
86 150
437 469
405 469
12 328
139 328
328 441
72 441
88 356
367 485
350 498
350 441
13 88
13 485
57 228
57 173
93 481
93 173
337 418
54 337
313 404
189 313
13 245
148 431
148 468
357 471
128 357
272 475
272 319
475 483
340 483
142 374
374 378
0 123
123 164
197 476
197 317
196 197
78 457
78 104
85 128
85 249
85 418
4 498
4 394
4 143
43 68
43 410
33 299
33 358
27 247
27 219
129 332
39 332
186 229
186 446
176 241
226 385
84 226
198 346
198 499
198 371
21 144
21 140
21 488
120 356
120 133
120 336
217 486
217 329
23 182
23 160
118 164
118 179
41 91
193 482
193 208
53 245
41 444
22 478
3 157
3 304
59 144
59 354
175 323
175 376
114 159
114 486
246 493
20 364
220 353
125 201
50 364
246 251
110 178
110 432
220 352
89 441
89 167
89 209
277 389
360 389
18 330
18 91
35 367
35 237
24 447
24 494
124 452
124 354
70 136
70 209
53 201
