5.979255
128536
16
39
155715
69 77
26 51
6 62
32 116
35 83
86 116
35 52
2 77
36 77
70 108
76 113
6 108
100 108
51 57
27 88
25 107
108 118
6 89
6 119
37 56
64 65
34 65
50 105
67 103
42 106
71 79
75 112
41 106
3 41
34 87
43 99
55 119
101 115
25 115
77 80
73 113
66 73
54 97
77 81
44 108
23 107
6 7
61 111
38 61
54 61
50 61
14 27
96 116
13 102
102 109
75 102
3 102
82 95
71 82
60 82
12 60
46 116
29 69
47 66
20 109
21 90
21 63
1 108
6 110
110 111
19 51
24 112
22 37
16 64
16 108
17 65
9 65
68 105
23 98
11 38
11 88
7 98
31 90
31 100
61 92
17 18
85 91
14 15
55 72
8 114
15 96
9 112
5 73
5 97
40 103
46 79
28 98
41 84
43 96
8 61
35 53
10 99
0 10
48 77
48 104
56 85
58 82
29 58
45 87
40 58
81 117
30 45
93 94
20 94
12 59
22 30
4 117
35 74
51 74
39 76
39 49
33 78
4 19
78 102
