17.466115
6
24
74828
931095
56 103
28 38
4 98
12 117
16 75
59 72
36 85
18 76
99 107
21 94
4 45
46 95
61 110
18 62
101 118
21 112
36 90
30 53
28 33
61 116
60 115
3 15
5 30
4 29
6 56
108 114
27 114
29 114
114 115
61 114
0 96
0 63
84 115
41 118
14 63
51 69
24 104
17 18
6 17
72 82
3 107
29 119
66 69
28 46
11 82
64 96
44 69
28 88
78 108
4 31
61 94
14 19
89 96
67 82
104 115
21 47
94 117
21 57
92 110
36 101
65 93
74 94
58 74
46 109
78 107
1 61
9 117
43 74
36 70
13 119
14 92
48 56
14 83
15 75
48 73
30 50
74 87
106 117
42 74
29 46
23 96
91 93
102 119
55 93
46 77
20 36
20 75
25 114
25 65
69 97
97 107
24 79
79 105
22 29
68 82
68 115
86 100
81 86
49 75
23 86
10 90
10 18
40 56
54 100
32 54
80 111
22 80
26 94
39 69
35 113
35 109
2 113
2 52
7 30
37 71
37 73
8 34
7 26
8 39
