117.366667
1
129
15789
280444
152 222
243 247
98 273
263 308
169 176
167 370
226 274
118 163
141 215
29 255
391 400
310 445
7 402
18 228
33 204
68 306
40 51
4 250
229 318
131 430
69 158
29 313
128 149
272 293
50 319
188 423
35 379
12 317
356 433
130 204
226 277
329 348
22 58
360 412
123 343
252 256
118 283
126 247
81 176
262 425
137 213
131 362
58 247
89 158
136 193
79 155
291 448
262 292
293 446
288 346
119 218
164 422
28 327
266 369
0 316
37 365
185 262
250 420
49 66
195 388
137 287
17 49
30 155
112 399
116 228
161 256
242 318
60 315
48 427
181 354
252 399
401 429
114 395
351 410
286 344
244 360
204 231
111 137
14 374
15 49
92 210
321 333
312 398
275 371
44 54
339 438
65 134
205 394
60 192
174 310
331 365
0 364
376 414
177 395
14 436
32 127
178 381
80 260
145 337
210 211
297 417
111 148
218 274
259 343
138 390
139 396
245 421
145 315
382 419
34 78
9 121
150 172
158 445
153 267
305 347
354 445
152 240
27 437
122 395
22 216
296 328
13 54
106 279
305 329
154 297
146 344
71 225
129 329
317 368
62 406
159 228
33 298
224 447
1 202
202 327
217 246
246 285
40 285
285 308
4 285
53 118
160 326
212 337
60 233
342 435
6 218
298 405
140 328
74 258
328 405
174 386
0 184
349 433
248 293
132 226
82 346
34 207
34 316
152 378
307 410
27 271
176 257
74 385
325 406
274 399
102 195
154 221
67 187
93 441
95 319
99 311
42 431
110 448
265 288
345 391
24 410
125 210
135 410
129 136
111 407
143 242
250 443
27 100
71 237
21 136
166 256
87 390
19 136
14 76
124 442
168 370
226 444
308 418
64 215
4 417
4 410
249 395
173 292
203 419
47 82
173 414
195 358
9 212
357 414
38 352
280 295
358 365
24 423
256 403
9 200
268 391
35 40
263 441
360 428
74 170
145 448
80 234
134 316
99 449
21 306
107 286
232 266
14 142
344 361
3 51
100 111
82 183
80 315
147 354
45 221
112 303
32 415
398 411
88 275
21 391
20 441
353 371
36 266
165 317
134 206
1 83
45 160
33 262
431 439
74 359
58 131
305 405
330 370
375 421
301 419
363 394
21 439
113 390
344 447
275 290
111 377
19 308
242 436
107 136
151 178
189 398
99 367
160 387
333 449
49 114
40 317
23 295
220 230
244 421
380 435
255 332
104 295
35 373
238 250
335 421
305 440
187 392
145 406
149 434
182 306
321 328
196 266
235 422
294 297
232 442
32 447
288 383
75 343
26 419
54 449
426 442
220 236
366 414
137 409
155 214
178 366
187 413
279 431
33 273
22 408
42 70
139 239
254 333
157 288
131 432
323 422
8 149
100 187
5 402
39 438
227 310
52 315
204 264
114 293
134 194
232 267
32 77
22 90
319 324
308 338
29 282
178 276
247 304
117 220
212 295
82 303
144 158
306 404
273 284
405 438
215 281
279 393
372 433
255 398
162 273
228 436
27 72
0 108
56 442
212 390
316 332
330 427
101 352
244 352
41 42
9 269
60 423
220 330
198 394
29 120
208 441
71 186
221 402
171 218
97 279
35 416
2 358
57 242
34 55
179 406
119 193
51 289
251 267
199 365
133 172
18 328
63 399
190 353
300 427
118 263
370 397
1 385
219 275
195 299
109 354
149 223
73 80
259 425
310 320
322 352
42 389
84 139
337 445
1 91
209 241
350 353
422 431
105 267
327 384
176 255
209 327
103 240
341 438
54 115
314 423
2 51
16 333
319 447
358 394
139 366
99 253
307 342
278 448
360 424
172 261
180 228
191 427
4 215
94 332
85 337
334 343
217 302
152 334
100 201
201 449
340 358
330 340
197 355
197 229
197 202
85 94
86 332
86 155
336 353
210 336
285 336
43 220
43 216
25 58
25 114
175 401
26 175
175 396
46 149
46 297
61 223
61 270
11 160
11 71
59 436
156 202
59 232
10 433
10 423
156 244
96 172
96 224
31 348
31 309
