20.178449
107
44
21
72506
45 199
49 227
102 173
0 212
74 97
38 102
90 241
152 248
60 237
76 143
128 173
139 222
73 90
127 194
168 227
93 142
35 218
1 150
136 150
90 122
222 242
10 50
2 10
10 118
5 199
43 196
120 227
15 216
6 196
33 216
96 222
8 218
17 199
76 125
76 200
47 76
216 245
68 85
75 90
53 221
109 142
11 85
85 105
80 90
34 62
218 221
0 85
150 239
170 194
133 218
118 134
51 204
148 242
173 188
78 142
87 150
51 195
163 194
147 221
172 194
195 213
56 62
174 236
218 225
98 103
114 196
76 94
13 195
23 221
103 144
103 176
46 62
89 223
89 197
162 178
157 178
7 178
36 231
105 231
218 231
149 231
111 240
27 183
117 190
180 208
75 155
40 155
155 216
112 138
32 135
132 135
135 174
79 146
95 146
109 217
159 186
36 235
15 66
192 217
171 226
140 227
117 140
140 221
171 241
171 180
98 207
39 205
53 184
84 157
227 247
166 215
215 226
14 70
154 212
57 154
90 116
85 116
5 137
52 74
19 91
91 170
91 195
91 152
16 40
181 211
90 211
27 211
7 63
63 220
164 238
3 10
3 32
177 200
160 177
161 185
79 121
38 246
234 246
99 196
9 99
37 248
156 228
61 72
142 210
210 216
194 210
4 60
4 111
30 236
108 244
30 229
4 159
108 119
92 239
92 249
35 81
81 107
81 175
81 185
28 218
28 62
18 199
18 90
20 204
20 138
59 196
59 195
178 207
48 191
48 222
83 150
113 148
113 220
115 164
9 115
31 189
189 192
189 219
115 169
64 76
64 103
72 100
100 206
65 173
24 219
90 124
41 56
203 222
12 163
195 202
130 160
151 175
55 119
199 224
71 165
71 141
123 167
123 191
153 205
153 237
106 153
86 198
86 181
25 134
25 97
22 89
67 190
201 208
82 165
155 243
84 135
42 229
42 142
70 140
20 240
83 183
89 182
21 137
69 84
207 230
26 184
137 145
184 228
110 146
3 121
61 238
30 77
26 158
29 140
158 233
58 210
101 155
88 155
108 110
112 131
140 179
104 201
137 209
211 214
54 211
44 77
129 177
232 246
37 187
145 193
193 246
69 182
82 243
124 126
