35.515103
93
41
11
180641
50 140
29 89
108 153
24 153
105 153
5 153
62 104
54 143
94 143
55 143
125 131
122 125
79 125
29 125
78 134
153 156
64 156
135 156
66 156
40 78
71 78
7 78
114 118
118 120
71 118
118 140
108 144
34 144
23 144
103 106
58 106
106 115
106 122
84 158
138 145
62 139
41 158
65 145
97 137
30 145
124 139
47 137
76 139
73 137
93 158
83 141
10 141
63 117
117 151
39 117
53 101
18 53
28 53
107 154
111 116
116 129
42 121
121 127
132 159
88 107
0 121
74 132
80 132
61 107
15 130
15 46
15 57
15 64
17 43
17 149
17 60
17 25
13 72
72 77
72 150
35 51
51 112
51 95
3 99
99 152
37 38
8 20
99 113
8 26
11 52
33 37
16 22
52 92
6 16
16 133
37 146
45 123
7 123
89 123
1 104
1 49
1 70
4 147
9 27
4 69
9 155
4 102
85 98
85 109
9 142
85 91
21 101
67 126
19 67
44 153
59 86
59 149
59 100
31 115
31 32
55 119
39 96
77 148
25 148
86 96
95 119
12 106
125 128
12 158
52 116
36 145
87 143
78 136
75 156
21 107
56 126
68 139
87 137
36 99
16 36
21 52
110 141
56 143
44 132
2 117
2 53
68 121
9 12
15 136
12 21
17 157
8 44
51 157
2 37
1 128
4 136
36 90
21 81
56 141
85 110
14 136
44 82
81 90
14 48
