63.152555
40
92
1750
60379
359 383
119 283
318 325
104 139
147 158
204 304
68 204
90 125
184 372
243 253
10 12
50 271
115 130
259 265
183 257
74 221
205 271
26 272
53 246
154 288
245 317
16 159
285 300
234 268
295 352
122 310
278 290
350 379
94 345
186 229
61 355
20 374
130 378
157 316
95 271
120 240
137 235
29 86
12 126
25 372
266 275
174 340
140 340
211 339
127 363
119 190
43 165
37 111
180 235
32 355
215 221
80 304
87 89
106 319
22 303
149 316
366 379
256 359
237 310
281 291
101 171
119 197
345 353
28 176
277 319
306 385
62 207
195 211
38 269
179 248
40 128
39 62
24 139
26 347
328 330
31 78
357 359
305 334
40 124
60 202
26 256
135 276
55 139
364 382
24 253
74 111
62 72
210 398
22 153
335 359
12 54
171 337
36 130
19 240
329 377
178 224
105 184
135 338
155 299
116 306
65 278
139 398
2 340
27 276
249 397
146 373
143 285
15 241
82 313
150 330
363 367
298 375
87 242
147 260
25 219
41 314
232 384
75 259
21 90
60 331
72 156
317 369
278 344
121 147
15 355
147 274
19 203
176 301
16 71
206 261
88 328
122 360
240 293
294 372
244 351
197 288
204 222
270 363
80 202
267 295
5 288
176 286
113 356
314 391
124 266
249 386
299 394
113 226
36 277
123 354
161 285
84 192
79 288
241 382
156 243
257 342
62 102
53 299
309 354
249 390
72 221
31 98
113 247
45 211
239 244
116 219
331 399
266 320
302 331
16 91
77 206
295 341
228 328
201 310
249 396
84 218
273 321
311 379
346 375
213 221
31 399
365 382
173 269
181 243
23 34
202 231
193 353
152 384
268 334
83 130
23 376
179 217
31 212
216 398
4 269
103 107
247 328
129 257
85 103
23 389
182 321
111 214
108 135
146 325
165 395
314 370
144 325
284 306
0 209
105 235
302 365
224 287
47 150
100 150
51 291
0 259
358 377
224 263
12 254
110 179
177 321
208 229
4 48
146 279
109 325
132 363
8 377
209 354
146 264
67 165
255 266
79 318
314 315
49 268
23 72
64 331
40 52
194 398
30 316
103 131
113 324
27 84
72 271
170 345
40 56
117 384
54 141
141 142
70 141
33 72
57 224
35 355
191 307
41 191
198 298
139 371
150 151
297 369
3 297
289 349
118 288
76 226
22 251
232 251
236 243
136 233
233 386
219 233
188 189
189 230
333 343
315 333
377 393
393 397
87 393
104 393
9 129
9 160
9 86
9 227
151 393
76 118
236 349
22 392
90 392
282 345
90 282
297 333
42 183
42 235
42 206
206 323
308 323
117 292
141 292
58 250
58 343
29 58
113 252
252 310
73 119
73 345
40 73
196 246
196 360
57 362
35 362
138 224
138 306
199 299
18 126
172 238
238 245
238 296
93 160
11 61
11 13
26 380
112 142
1 112
187 381
18 187
1 368
162 305
20 162
162 225
198 199
223 319
141 223
14 127
14 375
13 168
168 280
259 262
204 262
63 368
220 268
135 220
220 328
59 361
96 335
96 312
96 203
16 220
59 164
59 146
166 319
166 387
99 235
99 295
7 171
7 259
6 171
6 278
167 374
163 167
167 186
189 251
73 326
326 380
200 313
17 316
48 200
200 322
114 285
133 321
66 84
114 240
66 176
17 257
1 133
327 398
12 169
169 269
179 327
130 185
185 211
81 82
81 145
44 361
44 244
147 258
258 325
175 332
175 260
97 291
97 230
135 388
379 388
46 229
46 69
202 348
165 348
92 115
92 134
103 148
148 363
249 336
336 340
