46.100000
1
54
0
647166
79 106
68 102
69 130
70 111
70 187
70 196
71 130
74 142
74 165
74 176
77 163
79 81
67 70
81 181
84 126
86 134
87 156
91 107
91 114
91 169
92 125
92 174
93 109
58 128
49 192
50 82
50 116
51 124
51 186
52 61
53 99
53 157
53 185
54 137
56 126
94 102
59 92
61 71
0 8
61 196
62 100
64 90
64 108
64 173
65 72
66 178
136 156
127 148
127 159
127 165
128 145
128 167
128 192
129 190
131 183
131 189
134 143
134 162
126 163
141 192
141 194
146 198
147 177
150 178
153 163
154 172
158 182
178 196
190 191
106 139
94 134
94 147
96 131
97 127
100 165
100 170
100 195
102 135
103 120
105 178
61 193
107 176
109 151
110 141
112 199
120 146
121 190
122 172
122 192
125 184
126 133
25 156
19 53
19 141
20 78
20 179
20 198
21 163
22 172
23 50
49 166
17 27
26 199
27 132
28 182
29 45
30 147
31 137
32 81
33 120
5 98
0 9
0 123
1 106
3 14
4 44
4 185
5 11
5 44
24 109
5 188
6 74
7 51
12 81
13 182
14 48
14 115
15 41
49 149
41 104
41 95
45 175
40 102
39 130
41 152
46 57
38 190
46 88
46 129
47 147
44 89
36 61
49 80
43 171
48 190
44 73
43 137
44 168
126 144
14 118
10 91
55 138
119 182
10 81
119 130
118 120
117 190
15 155
117 156
10 46
2 106
180 196
163 197
161 193
161 189
0 168
155 171
155 160
2 92
45 140
2 172
50 119
137 168
51 144
131 197
53 144
35 190
75 192
35 199
83 184
37 45
85 94
37 98
65 140
27 117
27 60
64 164
63 165
16 50
41 164
109 197
42 138
18 83
60 113
16 55
34 85
75 76
34 101
34 180
