52.282234
2101
74
35481
61987
263 349
39 338
80 277
162 194
265 347
7 168
38 214
116 239
223 244
99 344
7 163
66 93
222 293
92 261
325 343
269 278
134 293
23 304
223 320
38 218
155 286
220 326
158 200
16 336
169 339
147 241
107 215
153 253
34 307
93 236
149 282
172 219
53 131
91 231
251 340
79 174
138 289
151 345
153 176
164 228
117 262
58 315
29 269
39 206
87 210
54 162
226 228
143 246
198 307
87 235
116 233
52 304
165 248
130 188
28 67
153 198
68 219
142 240
58 242
55 105
55 192
85 231
16 208
191 325
224 267
199 345
201 342
55 140
81 240
141 200
58 205
74 112
70 130
235 325
124 132
204 222
72 326
295 326
104 342
47 319
18 337
87 207
37 108
107 151
3 149
45 95
166 301
16 92
113 316
63 342
67 177
77 269
133 311
99 304
67 75
292 308
55 155
290 348
129 231
119 301
273 345
139 170
7 317
78 348
27 286
108 318
97 308
82 219
0 238
170 285
56 262
160 300
114 339
32 107
256 302
286 295
109 241
73 144
115 134
227 270
147 231
111 259
128 149
107 230
197 228
163 319
252 319
95 344
96 341
189 329
89 134
111 137
85 170
184 262
239 277
20 256
299 312
90 238
4 181
111 150
76 305
95 179
160 180
124 227
34 97
82 312
39 288
145 211
11 248
26 100
4 44
38 102
286 309
38 77
94 196
2 101
308 331
26 329
83 153
263 277
306 339
102 116
21 174
6 254
22 265
202 211
116 234
121 227
178 290
74 212
186 200
51 348
2 110
104 269
144 303
132 319
175 240
48 254
94 324
40 87
49 222
33 345
8 74
307 323
16 249
5 329
94 193
174 225
160 245
138 256
51 145
183 256
4 216
12 223
161 333
265 271
36 301
1 144
46 133
173 264
150 154
134 213
228 337
35 241
246 254
269 314
126 277
129 289
154 170
53 55
2 96
39 276
103 248
162 182
108 327
17 171
131 171
118 194
171 294
162 322
118 171
167 279
69 178
18 69
122 211
55 122
25 326
127 181
240 321
221 289
221 278
190 221
61 100
47 61
61 291
61 349
61 98
58 61
130 135
135 204
17 135
232 348
111 243
106 243
59 173
59 174
268 291
84 268
268 316
217 258
258 272
258 305
16 42
42 228
58 86
86 185
86 222
86 120
76 260
260 261
260 274
127 321
277 330
123 330
130 195
195 308
123 255
280 283
280 310
7 13
13 283
157 255
227 298
248 298
152 342
152 345
24 294
24 341
50 270
4 50
57 211
57 87
108 275
170 275
55 237
93 237
37 257
238 257
209 333
120 209
25 59
41 142
41 245
65 187
65 302
62 340
60 62
62 345
88 299
10 88
88 143
88 174
148 219
71 248
71 94
148 167
14 46
14 312
64 161
64 332
136 279
114 136
136 284
335 339
265 335
229 313
229 297
224 229
38 334
241 266
67 281
43 301
43 256
144 296
55 281
200 266
19 304
30 74
296 325
149 334
146 238
146 313
223 250
153 250
39 250
159 311
159 328
247 288
247 287
9 267
9 346
15 203
15 185
31 329
31 262
125 232
59 156
30 125
19 156
