86.410377
28593
101
19105
62959
321 382
117 192
196 357
233 238
1 30
369 370
51 70
74 248
118 377
90 285
350 359
153 233
216 374
123 345
122 202
108 295
228 253
325 343
367 394
74 230
104 176
256 271
88 361
49 389
19 322
193 314
31 237
221 349
116 167
139 155
207 267
58 269
9 61
210 381
45 61
47 277
173 287
342 350
225 367
20 286
17 124
241 348
102 230
227 369
189 320
147 265
35 316
236 281
16 175
114 216
81 90
244 386
64 264
17 390
169 216
36 180
188 242
84 383
246 396
294 323
318 385
129 208
148 392
43 132
148 234
161 231
82 269
19 250
302 336
12 347
141 360
152 396
373 382
73 348
23 31
134 187
48 127
244 299
144 388
218 367
98 105
63 203
39 106
100 233
360 372
229 274
171 343
34 78
297 354
60 330
206 320
231 301
120 393
50 327
166 222
126 349
127 162
77 188
140 313
308 389
214 240
277 292
307 384
237 375
173 315
17 286
71 332
50 293
363 388
252 287
32 71
177 231
256 315
180 255
156 216
257 381
29 140
16 236
200 265
37 253
106 157
92 243
226 245
54 99
145 263
38 106
57 76
158 383
31 339
213 396
145 335
112 320
92 302
145 209
50 199
155 379
242 396
55 120
43 288
165 196
236 328
44 338
235 343
277 378
64 89
236 310
34 174
245 303
58 316
128 245
1 148
353 385
287 375
119 256
296 376
104 243
135 330
94 244
117 136
41 80
98 187
3 203
57 149
143 385
64 156
34 286
20 222
163 229
125 330
44 140
53 391
176 344
85 99
13 294
15 17
57 70
348 398
19 355
262 277
6 208
69 338
64 356
88 137
207 276
108 121
175 324
279 382
59 202
195 273
35 278
12 268
247 297
242 350
87 180
103 307
130 360
86 253
151 322
21 297
208 282
90 96
260 348
70 329
208 260
30 120
99 260
349 368
126 264
259 294
196 312
71 365
260 277
56 291
179 302
68 265
175 286
26 291
183 331
34 191
105 108
155 309
99 151
239 345
273 363
190 388
8 188
340 369
88 138
87 186
46 252
0 396
140 331
187 346
156 245
53 323
272 388
14 70
219 391
338 366
337 371
381 397
33 35
83 229
118 291
22 41
175 290
188 266
203 289
57 377
176 251
4 127
229 304
65 273
2 178
269 305
248 307
109 296
97 202
319 389
146 350
222 317
224 383
314 380
197 296
75 230
117 204
28 391
284 381
258 314
260 364
223 334
185 333
2 52
52 62
61 215
39 215
42 242
184 388
280 286
358 367
222 358
358 385
35 358
110 388
11 177
11 296
178 198
198 337
107 385
107 142
280 333
42 184
232 321
0 25
25 183
25 298
141 211
41 159
159 365
159 244
211 330
159 273
211 230
120 211
211 212
159 194
131 296
108 131
31 131
131 345
154 214
154 256
154 164
154 186
101 203
101 256
41 101
101 148
233 326
12 27
24 297
27 309
27 176
24 294
71 217
41 220
142 220
5 205
217 364
115 212
115 156
160 292
160 283
95 194
95 395
43 387
140 387
43 261
300 314
231 300
66 223
66 116
18 66
198 334
40 236
40 389
275 306
175 306
12 306
111 187
111 196
52 110
91 240
91 254
201 343
201 391
170 207
170 230
41 352
352 399
84 352
249 381
180 249
168 284
168 172
88 270
270 345
326 334
7 207
7 145
181 233
181 202
79 108
57 79
79 117
10 61
10 320
90 311
302 311
113 265
70 113
127 133
133 229
50 93
93 349
182 399
182 341
67 287
67 369
150 167
150 362
253 351
351 382
106 351
150 304
215 261
72 131
24 72
5 232
