52.671927
117
89
23
45687
14 269
7 180
345 381
221 383
125 383
75 383
271 292
4 112
289 418
289 340
375 394
289 334
175 381
152 346
176 346
265 274
94 171
159 263
113 397
127 300
283 397
238 393
14 19
14 258
76 87
47 393
141 406
213 298
326 419
401 421
162 433
170 180
228 229
338 424
117 286
18 327
202 343
96 257
97 109
65 356
237 281
65 231
371 417
360 371
12 266
12 366
12 57
51 97
93 100
281 407
219 274
70 393
76 154
171 323
206 389
222 389
281 368
389 398
97 369
193 400
388 419
232 406
49 112
56 406
347 419
88 202
123 235
98 159
9 76
139 343
247 249
25 300
8 274
248 267
100 367
100 252
65 410
78 165
165 236
99 159
60 112
168 242
328 441
213 358
145 308
190 381
166 191
202 304
69 441
196 242
80 140
33 144
21 324
21 208
108 292
422 433
80 321
172 436
171 428
136 155
71 254
137 316
80 98
50 225
130 303
17 398
201 248
42 248
165 397
429 437
225 308
153 308
38 346
235 276
11 255
259 364
45 394
325 433
132 155
155 266
159 320
193 210
193 260
193 333
108 246
106 338
61 155
155 157
2 338
35 423
131 264
181 441
18 242
161 259
108 413
108 398
322 397
160 303
10 247
255 285
148 336
148 412
43 148
144 150
356 386
21 387
144 436
80 111
80 182
32 255
67 259
198 384
198 429
198 359
10 244
10 167
177 289
16 336
16 284
16 350
16 372
41 344
41 302
41 119
41 290
28 218
28 133
28 269
28 370
120 214
120 279
120 361
373 415
135 415
401 415
108 438
131 438
411 438
418 438
37 282
166 282
107 374
3 374
63 374
320 351
164 351
189 351
307 351
351 441
169 355
229 355
179 355
149 403
363 403
338 403
146 445
404 445
112 256
10 256
73 256
53 434
172 434
24 223
223 294
102 223
365 394
180 365
281 365
365 393
39 365
307 354
354 396
275 354
73 354
50 354
234 395
215 248
114 215
38 215
95 215
12 207
209 448
409 448
390 448
105 121
121 357
107 121
44 151
151 420
6 151
201 245
108 245
158 441
58 158
137 435
353 435
261 416
261 287
111 426
426 446
180 426
0 89
237 243
239 361
79 382
6 408
53 430
59 311
117 311
385 392
274 385
105 380
221 226
226 265
14 362
3 211
85 381
85 322
85 259
200 273
135 184
35 379
256 282
1 394
293 302
203 277
102 124
124 178
30 124
28 243
314 449
139 314
254 318
318 402
164 318
44 443
76 378
129 378
325 378
97 378
0 90
90 341
115 446
96 115
21 309
199 309
253 416
52 79
171 253
235 253
21 253
253 441
52 186
29 52
52 330
36 433
308 329
339 367
227 447
289 447
65 301
385 415
338 425
116 393
183 238
122 248
122 242
31 81
31 392
22 58
22 310
213 315
95 101
101 186
101 228
101 126
36 120
143 355
82 213
82 381
391 437
86 391
187 257
193 262
87 187
262 421
205 313
395 405
194 272
48 66
64 194
138 187
187 213
405 439
235 391
191 405
405 423
144 194
205 250
5 205
23 30
49 335
300 335
83 129
83 264
46 344
46 291
270 439
270 440
163 165
197 202
197 198
134 195
134 227
72 174
174 277
174 394
62 271
62 268
16 315
144 192
192 371
23 41
383 432
171 399
294 399
148 220
155 220
26 100
12 217
64 297
165 297
146 217
159 349
184 282
213 241
241 363
235 376
34 300
55 394
76 337
306 340
142 330
233 371
54 76
40 51
317 388
288 449
147 332
156 346
156 303
110 256
20 313
20 165
365 435
91 210
91 431
230 397
71 185
185 280
27 419
255 296
13 299
230 406
27 65
13 140
173 179
173 273
74 286
74 444
15 316
305 396
305 386
240 295
15 212
305 427
240 332
240 249
216 256
385 448
342 365
103 295
207 443
204 209
89 385
92 420
349 374
26 434
85 251
115 442
1 278
188 312
312 329
116 311
68 124
68 414
77 251
48 211
215 352
331 425
331 348
118 348
84 448
128 245
319 435
261 377
104 379
224 301
183 296
