7.037094
212075
16
33961
845002
47 85
36 59
86 97
78 82
35 63
70 77
56 61
72 79
80 85
29 79
67 69
67 78
28 35
36 89
32 38
41 70
97 99
24 63
58 65
37 65
52 69
24 37
1 36
38 44
48 60
31 63
31 84
60 85
55 73
33 98
0 84
38 51
34 69
70 82
68 83
7 97
21 95
53 74
36 58
68 84
26 55
17 84
3 84
69 95
26 38
38 87
5 63
69 99
72 99
74 76
18 97
48 65
19 59
71 97
61 64
31 64
20 42
42 65
27 46
39 46
6 19
14 43
2 45
6 33
2 79
57 74
57 85
11 74
11 43
14 39
57 71
8 54
54 94
54 65
50 79
50 73
31 90
10 88
10 20
7 23
23 91
25 28
22 25
75 99
9 16
3 16
30 40
30 98
85 96
12 40
13 87
4 81
4 70
15 83
15 66
49 92
49 66
62 95
62 93
