61.271375
76
69
82
111014
67 120
159 247
48 142
152 238
16 176
59 145
0 73
120 183
91 120
104 178
49 139
41 82
153 217
125 179
68 167
50 71
152 190
153 171
174 188
28 238
131 173
148 167
48 154
141 191
118 208
147 213
8 107
54 232
130 133
33 161
114 198
11 105
13 191
172 205
88 187
53 105
111 131
12 72
202 239
185 190
70 203
82 93
58 59
92 131
113 122
60 224
178 240
14 197
9 119
36 140
36 220
39 235
9 227
36 89
39 123
14 162
169 202
169 228
50 79
9 31
14 168
39 211
3 152
50 138
22 244
22 98
3 177
50 225
36 170
3 101
51 169
67 166
8 103
7 248
201 221
49 221
16 57
106 226
0 65
59 175
19 33
1 86
69 112
75 248
18 69
8 84
8 233
49 157
51 132
22 46
9 55
39 55
3 214
111 224
118 199
150 206
40 203
105 136
195 246
10 88
30 226
178 223
21 238
163 215
56 86
26 198
131 133
97 150
4 202
69 242
35 228
83 115
37 195
174 230
236 238
55 172
166 216
15 51
17 172
27 182
88 201
125 144
82 204
66 247
44 59
151 226
85 144
26 237
90 191
83 87
134 248
190 196
189 248
74 113
125 165
186 228
76 232
32 137
94 105
160 224
156 203
116 131
63 133
17 151
113 135
34 72
81 166
42 133
57 109
200 213
64 198
77 202
6 163
25 83
120 143
150 249
65 70
86 175
149 232
86 229
5 48
212 213
33 194
0 158
83 245
217 222
131 140
51 129
118 146
42 125
37 99
24 228
27 219
37 192
174 246
27 137
57 108
140 232
172 181
210 217
79 88
48 79
61 190
45 166
163 171
20 167
72 95
72 75
141 234
38 234
173 234
124 184
85 184
67 184
2 78
78 131
47 204
47 67
69 121
82 121
121 199
79 96
152 218
140 218
128 191
128 175
25 80
2 80
80 155
133 209
37 209
75 126
55 126
127 169
22 110
8 110
110 217
29 207
29 107
29 237
117 163
57 117
117 118
52 247
52 101
62 203
62 113
62 174
23 136
23 176
23 75
23 32
105 180
43 226
14 43
43 49
178 180
164 194
164 247
33 243
213 243
167 231
231 247
0 241
150 241
96 193
100 193
100 102
102 127
