45.308304
90
54
72656
100774
33 151
73 117
50 51
6 35
100 146
12 236
17 50
123 243
54 99
236 241
86 231
42 136
11 33
131 137
138 224
116 238
181 248
43 186
158 193
124 175
115 123
8 167
53 191
117 221
25 214
15 191
12 39
222 240
0 229
6 242
16 203
163 181
219 224
89 220
126 240
226 229
112 142
10 190
165 232
39 69
103 155
110 235
7 186
125 207
105 185
87 100
1 159
23 97
190 231
6 93
13 142
10 52
65 100
42 92
80 213
230 235
71 213
213 247
125 156
101 139
0 105
16 201
177 178
123 227
164 228
220 245
21 90
33 182
38 63
56 221
16 169
36 54
25 246
216 229
28 125
23 60
202 241
160 200
91 241
141 175
132 153
26 140
117 149
49 246
2 189
84 158
11 38
54 111
62 155
238 244
101 166
21 114
19 160
189 209
49 175
21 187
99 235
31 113
26 143
7 93
76 100
165 211
5 224
95 168
159 210
38 108
165 196
101 178
3 37
48 189
55 133
197 238
152 220
191 195
0 159
75 91
96 162
54 95
39 205
3 4
57 144
11 67
29 105
218 240
38 44
34 221
26 115
88 96
148 162
121 199
131 183
14 48
42 212
3 85
155 215
131 194
98 133
50 176
33 94
21 167
40 123
158 177
117 128
15 132
60 125
52 199
77 229
81 190
45 199
186 234
42 239
23 237
132 184
25 134
68 96
191 233
58 105
25 70
204 238
130 157
142 192
20 30
72 133
27 164
3 27
27 41
27 148
61 160
59 88
59 147
104 113
104 221
9 104
86 104
120 218
31 120
120 129
188 189
101 188
188 219
57 188
26 188
46 123
46 225
46 92
30 46
83 114
11 83
14 83
83 170
102 109
102 144
22 67
22 75
109 249
240 249
117 150
25 47
47 80
8 119
119 228
64 119
70 119
46 204
21 127
150 157
18 181
118 172
118 147
11 18
145 199
23 145
154 238
122 130
0 173
173 221
198 220
165 206
190 198
181 206
132 161
155 161
131 217
32 123
32 235
79 159
79 180
83 192
20 61
16 174
27 72
82 186
82 160
106 181
106 107
66 168
66 171
208 224
100 208
50 223
142 223
74 76
74 78
24 247
24 135
179 191
54 179
119 217
122 174
