119.383333
1
130
16
292351
151 201
152 156
47 143
155 321
214 228
213 427
213 248
210 342
231 327
186 375
121 140
121 202
158 329
178 236
45 261
175 215
203 440
203 426
203 395
56 240
209 406
139 237
184 416
183 359
208 321
121 230
157 276
215 236
238 416
360 424
249 278
248 313
247 259
311 366
318 333
314 399
356 406
245 372
244 282
244 266
205 372
318 382
220 361
242 248
204 304
293 348
235 411
233 423
269 426
167 182
246 448
226 312
283 390
135 429
144 319
144 296
142 356
214 320
359 413
222 256
148 207
309 356
221 297
215 229
132 378
366 383
318 338
195 390
144 376
194 323
194 318
193 265
164 359
125 254
198 423
148 179
353 444
132 264
128 431
146 345
152 177
173 429
172 260
171 211
113 240
191 209
167 407
273 300
163 366
180 215
176 339
154 430
152 218
39 162
210 267
115 429
114 263
141 305
149 427
192 401
197 222
201 286
205 435
203 288
365 435
294 401
393 416
167 325
391 396
145 185
401 436
428 435
297 348
305 418
305 334
327 447
38 338
308 396
321 362
302 372
220 325
375 433
218 396
325 396
44 214
138 281
353 432
321 322
306 307
238 423
307 369
359 394
358 409
89 94
147 414
285 437
285 304
127 285
285 327
52 285
344 449
145 344
112 344
344 372
94 235
17 94
300 362
140 374
194 437
213 374
36 437
136 214
366 385
392 415
59 145
257 436
256 257
21 257
238 277
16 81
11 368
291 383
280 291
139 383
259 355
61 391
37 223
269 343
220 370
38 425
46 434
136 304
340 392
239 265
277 351
275 412
274 389
271 272
134 330
310 392
357 427
358 436
354 419
435 436
264 402
332 354
373 423
243 323
375 406
337 442
349 416
297 445
318 364
283 437
2 145
304 439
337 397
363 402
168 293
324 399
138 170
424 431
249 316
241 274
242 353
62 121
138 377
298 337
138 176
51 219
295 424
79 220
37 188
265 378
132 410
263 279
263 278
39 178
259 307
259 284
258 399
110 289
29 234
253 402
251 329
58 157
38 181
45 448
45 335
190 358
22 387
7 323
46 380
46 400
65 290
111 346
47 106
111 388
4 375
65 362
110 217
43 277
42 430
41 139
40 233
39 417
22 438
9 194
258 392
63 312
256 353
249 412
2 152
37 170
37 137
36 354
36 305
36 235
33 164
52 352
8 390
49 229
59 405
58 244
169 222
57 123
11 292
54 358
53 128
33 89
52 227
60 67
33 225
13 249
49 100
48 139
47 431
19 147
11 213
17 66
16 446
16 278
16 189
52 55
123 287
12 306
33 252
34 110
35 240
11 301
58 126
10 427
17 105
9 159
9 118
9 50
0 354
14 152
125 262
22 196
95 240
47 350
19 329
126 255
17 246
75 132
6 300
5 49
147 406
112 331
112 232
96 297
92 171
67 116
72 323
3 291
128 317
30 248
76 219
97 263
103 327
1 167
1 103
86 256
85 306
99 274
83 210
102 430
18 293
29 196
98 265
28 435
27 329
126 268
24 269
209 250
77 101
147 362
77 384
87 128
125 420
134 153
133 201
206 291
117 269
126 161
125 426
148 405
140 210
21 430
21 219
21 39
20 300
80 421
92 299
150 399
86 200
91 139
25 235
209 315
120 424
73 222
99 360
86 379
63 369
86 403
29 160
132 299
107 157
32 401
91 157
77 378
65 70
93 112
19 441
122 312
124 277
80 90
80 258
80 303
69 248
23 219
275 441
67 224
31 260
77 404
29 272
108 260
19 201
144 326
88 132
111 328
111 164
123 378
92 398
123 174
146 270
26 84
68 244
71 146
74 356
215 299
152 326
65 109
212 449
84 134
67 170
58 449
212 441
38 443
297 443
271 441
165 449
110 165
216 414
119 134
46 119
119 293
26 131
131 408
187 326
170 341
341 378
371 449
166 383
78 166
82 312
22 82
422 437
347 367
95 347
40 347
347 402
130 431
78 130
325 381
381 426
386 429
274 386
104 146
29 104
64 336
64 339
15 420
15 260
199 337
129 278
199 240
129 258
