23.606804
18
59
47918
234664
48 66
79 141
182 205
4 113
87 191
203 220
161 274
10 274
48 268
204 217
73 79
37 278
204 267
42 89
235 260
48 151
29 288
203 204
42 202
206 239
57 80
169 262
155 255
33 177
150 177
91 269
203 297
62 261
14 250
249 265
126 171
100 123
97 147
56 156
29 217
97 166
264 298
64 137
22 204
156 285
93 190
113 212
7 87
119 206
33 166
204 231
194 266
103 117
39 42
39 279
4 98
135 138
98 287
133 171
136 168
167 261
103 165
70 84
47 103
167 237
121 168
160 168
15 103
89 168
37 285
36 103
138 246
106 255
106 298
106 190
87 106
203 240
137 164
44 246
143 150
94 213
123 154
43 266
61 97
78 204
89 151
199 260
236 247
179 180
144 171
100 156
98 133
183 209
209 221
101 209
209 234
52 160
14 282
74 98
14 118
82 190
26 114
91 279
69 137
60 261
21 266
181 278
188 246
121 285
75 246
80 171
95 249
137 227
153 156
139 223
217 262
33 148
13 206
165 247
87 165
49 249
203 291
203 243
180 243
180 196
87 252
33 41
33 48
118 156
195 298
201 236
163 233
143 180
29 50
93 136
205 237
193 292
32 190
24 261
42 107
186 247
161 275
158 289
74 233
134 274
140 262
124 298
14 134
79 275
0 22
219 256
65 97
87 200
205 228
233 292
229 256
166 261
14 125
260 297
210 289
11 91
42 55
69 233
96 247
2 201
68 117
137 238
217 244
162 274
173 176
20 211
97 146
131 176
58 192
146 223
211 260
162 245
176 244
192 284
31 132
34 252
98 170
39 77
170 210
251 270
68 170
81 170
170 294
86 157
12 271
104 179
85 223
227 270
116 270
12 244
31 77
192 273
101 241
35 271
76 135
76 229
76 244
176 241
19 70
19 262
165 295
83 295
172 195
26 172
2 108
108 129
63 215
241 273
171 296
57 63
278 286
38 197
25 38
27 97
45 296
113 152
6 27
19 38
207 255
207 283
20 225
55 184
131 277
145 205
145 249
106 127
83 187
187 257
109 284
106 290
52 216
174 293
15 293
0 110
110 178
92 94
92 285
30 177
5 30
46 233
120 246
230 234
159 230
45 72
102 221
86 120
128 156
53 203
154 175
253 294
79 130
276 278
105 224
173 224
175 242
67 213
142 252
51 142
40 67
135 222
185 222
134 149
28 272
28 36
28 59
8 208
8 286
168 254
254 280
99 226
189 214
189 192
99 152
18 232
18 208
248 280
248 281
17 157
17 88
54 180
54 266
115 116
115 122
111 198
111 226
1 272
1 23
16 214
16 90
3 206
3 63
112 212
9 39
71 167
9 218
71 258
112 259
263 299
6 263
