76.366667
1
85
1
323841
44 89
29 294
28 152
28 97
28 78
27 28
24 118
23 179
23 172
42 70
46 290
45 96
44 123
44 117
44 94
37 225
43 102
42 279
23 68
41 185
41 117
40 194
39 85
38 288
38 215
38 132
38 47
9 10
14 36
13 41
171 222
144 229
144 213
176 226
184 290
183 193
182 208
180 210
179 222
179 194
178 282
178 205
93 122
174 252
173 224
12 85
170 277
169 214
169 207
168 277
30 214
35 279
34 238
33 294
32 103
31 292
31 263
31 195
31 143
56 209
15 162
14 155
57 75
53 252
66 115
54 96
54 110
54 137
65 196
65 186
55 148
63 85
52 246
64 267
16 84
55 212
64 202
64 119
55 159
63 182
63 294
67 224
57 163
72 162
71 197
60 274
59 191
71 178
57 275
20 267
11 209
11 183
10 218
10 195
10 106
14 150
8 246
7 41
6 147
5 182
4 55
3 71
2 260
1 85
118 221
23 51
22 253
22 82
22 25
21 227
21 169
21 128
21 61
71 199
19 192
19 183
18 182
17 65
91 217
124 137
121 276
120 205
119 286
119 211
83 102
91 135
90 274
88 144
87 224
86 205
84 203
84 147
84 109
125 267
81 210
78 276
78 212
77 102
76 220
74 118
73 283
95 116
103 243
103 153
101 279
99 276
98 191
98 188
110 140
114 252
117 225
116 293
116 283
116 259
116 187
115 271
115 223
119 127
113 282
112 276
111 202
110 262
110 156
145 220
107 221
104 284
132 210
141 267
138 188
137 250
137 160
136 212
134 194
133 164
132 284
103 287
131 222
157 290
244 282
239 277
238 295
238 285
237 260
236 283
185 272
222 242
220 299
214 269
214 231
212 297
212 240
210 245
96 272
166 277
166 220
165 246
164 233
162 228
162 184
161 236
161 164
167 202
154 226
147 241
147 230
144 230
96 296
291 294
280 284
142 283
95 115
95 102
93 251
93 158
92 183
91 266
91 222
196 273
207 273
207 258
207 255
206 284
202 248
225 249
188 261
190 282
191 256
192 274
194 264
195 215
195 246
209 278
198 225
200 260
205 265
49 191
212 234
54 62
181 224
50 268
50 162
50 91
49 254
50 65
130 232
49 78
62 63
169 234
181 290
181 283
62 95
181 229
118 149
164 298
107 216
32 216
132 247
149 238
55 105
147 175
100 226
58 93
26 144
166 281
70 281
178 247
103 175
177 281
57 105
100 209
64 235
22 26
58 183
189 281
0 129
204 268
80 216
260 298
0 270
69 179
69 166
79 252
79 279
201 204
14 100
219 226
219 270
146 257
48 188
132 219
48 127
139 177
232 257
49 130
151 234
62 108
181 289
58 235
126 130
