67.135877
7
113
9652
122231
60 293
284 372
209 489
230 305
55 412
150 317
398 443
230 423
5 301
381 407
256 276
37 312
92 196
81 131
132 246
389 434
320 462
138 306
337 498
27 323
31 107
196 250
88 188
116 120
23 428
274 488
480 494
354 477
71 267
247 370
142 495
112 458
82 178
164 316
35 51
167 247
8 88
10 114
152 222
441 464
197 389
376 461
148 303
59 287
340 461
73 239
268 338
87 382
264 436
4 320
381 435
464 476
154 456
115 175
9 457
125 479
309 437
420 491
213 252
38 59
114 301
260 315
10 206
4 177
101 265
126 452
324 382
152 297
150 179
198 488
47 148
322 416
388 491
314 493
115 463
35 349
92 480
129 493
265 478
230 304
244 313
160 423
60 205
214 228
230 380
128 316
235 417
219 296
255 366
112 223
334 428
96 169
7 392
147 453
90 323
325 431
59 114
75 299
125 326
116 462
124 422
297 454
59 160
34 347
147 302
40 154
344 381
128 168
152 365
226 439
182 281
348 431
265 468
211 339
37 65
65 281
65 338
112 427
140 436
56 111
261 344
210 261
95 261
241 465
241 377
241 462
241 343
203 465
111 385
111 474
31 430
70 196
308 477
123 286
322 418
128 233
37 174
177 363
144 211
120 127
221 230
259 365
26 345
131 259
125 273
210 291
282 382
200 454
299 431
171 225
247 290
193 402
187 439
120 394
287 319
79 281
4 15
302 428
135 164
60 161
228 467
464 475
94 276
68 115
178 182
325 436
228 378
154 162
68 379
171 409
23 45
66 301
50 91
11 55
59 263
37 208
156 455
268 434
181 389
97 284
103 315
216 498
125 175
450 459
148 251
323 356
461 483
11 301
27 218
62 213
156 295
288 345
10 411
276 336
154 235
195 442
196 413
152 202
123 252
213 304
195 207
72 496
72 87
144 358
104 239
195 316
4 342
176 322
173 322
218 493
71 281
172 482
389 481
481 488
393 431
18 213
21 366
50 437
4 220
6 259
141 392
45 459
113 482
72 100
301 421
31 399
170 284
88 351
227 363
196 337
368 392
16 112
180 296
275 345
164 193
304 480
34 211
395 457
271 497
133 422
338 403
452 470
10 29
153 231
62 283
223 299
4 45
51 371
254 489
36 447
215 374
16 247
178 414
118 397
152 283
51 355
296 426
33 363
56 264
346 428
367 462
55 191
171 289
374 484
1 246
30 401
101 385
20 452
96 488
147 440
239 472
119 235
313 437
422 469
156 301
14 128
148 416
278 489
406 459
150 328
213 234
147 153
16 392
148 201
103 372
266 422
198 498
36 480
253 315
473 498
386 424
151 381
171 179
164 492
319 482
53 462
196 237
117 243
72 176
262 333
61 291
143 497
51 435
236 338
245 428
452 491
123 445
448 491
188 193
178 269
63 115
75 477
375 490
81 457
93 322
102 185
300 374
76 118
235 271
32 401
41 156
170 237
118 216
178 242
134 203
55 350
321 369
28 195
150 186
237 323
189 237
237 459
133 242
347 439
265 448
373 401
259 432
242 383
176 203
333 357
185 333
357 377
194 315
22 237
331 467
261 331
72 257
2 257
16 204
114 204
277 401
277 403
52 125
52 110
17 486
109 498
109 437
52 204
12 461
12 284
2 232
217 232
232 233
43 491
43 132
39 316
39 407
242 444
83 436
83 150
84 229
175 229
229 499
294 333
130 487
335 354
155 452
404 466
149 433
88 149
60 362
294 464
146 154
55 146
246 362
22 466
199 382
257 332
77 257
364 400
61 364
175 359
122 190
190 291
391 485
243 391
229 486
48 390
48 156
31 48
98 171
98 306
159 419
159 187
108 159
159 189
292 441
292 311
310 366
310 439
373 438
64 438
91 279
279 485
121 279
64 192
192 451
285 366
249 448
249 360
57 166
166 495
166 194
384 483
304 415
44 452
302 446
32 429
330 369
217 330
330 460
211 238
238 489
138 224
142 280
280 405
272 410
130 224
163 487
105 163
163 424
163 270
139 382
139 145
80 105
80 449
89 258
89 200
183 387
74 183
183 245
158 327
158 416
99 158
158 443
67 246
67 165
58 239
58 493
46 374
46 491
111 136
136 276
163 272
19 361
19 258
86 143
86 157
24 433
24 353
42 308
42 396
69 212
69 145
54 74
54 137
248 321
248 352
307 329
329 490
329 410
17 106
106 341
25 231
25 408
240 447
240 298
0 242
0 85
184 425
318 345
184 287
13 235
3 471
261 318
13 296
49 317
49 78
3 43
