91.254762
1
121
4
185053
108 417
114 236
113 333
112 153
110 472
110 446
110 280
258 424
122 338
116 130
115 230
108 366
108 238
255 310
256 316
257 274
257 420
109 449
246 430
85 202
122 266
235 387
126 419
125 410
236 455
236 483
240 270
123 291
275 415
102 250
241 326
106 445
241 346
121 122
242 313
120 267
242 336
207 409
87 120
91 438
246 298
246 386
116 464
286 441
94 490
94 459
94 134
92 424
244 406
103 203
91 229
279 410
283 297
285 316
94 491
89 223
88 476
178 252
291 355
83 491
82 403
81 467
269 458
106 273
105 294
122 449
178 343
102 146
261 344
262 474
264 293
100 428
232 481
270 351
207 435
163 344
167 235
97 239
97 221
96 372
95 356
95 97
200 429
170 241
183 276
335 336
166 494
166 402
196 211
165 484
197 265
198 376
200 309
171 297
190 241
333 452
203 369
202 492
201 346
159 344
201 268
161 376
162 357
201 224
182 341
169 245
185 447
184 413
184 341
183 448
183 364
187 205
188 405
230 334
176 270
189 197
203 389
191 432
179 357
191 470
178 431
178 397
228 476
133 337
133 173
174 420
230 352
215 363
220 481
140 323
139 153
226 489
99 189
98 100
136 414
136 409
136 377
215 361
135 144
133 444
231 383
373 465
87 133
132 436
131 305
232 475
128 249
152 497
204 207
206 305
207 498
147 450
153 497
153 390
153 317
475 476
152 482
210 373
17 253
405 484
30 470
211 373
211 456
212 215
213 295
406 416
407 424
406 470
151 245
70 177
419 443
303 332
17 460
37 358
37 243
18 235
39 72
36 476
19 213
211 290
26 420
349 372
33 415
32 425
350 381
15 191
12 496
327 341
376 396
330 441
339 411
46 372
45 357
14 91
44 333
43 197
32 277
413 442
360 436
378 460
394 427
40 185
39 315
39 288
25 200
401 489
373 418
20 362
388 410
398 458
379 403
368 381
381 434
24 91
381 488
383 463
63 120
37 417
393 405
21 193
32 274
354 369
354 382
21 149
354 471
30 440
293 320
30 111
30 104
21 219
404 419
21 413
29 81
70 324
80 245
310 486
70 175
69 262
66 324
66 313
66 272
65 316
301 487
28 166
208 481
276 324
303 365
303 385
1 281
304 450
441 480
60 211
116 148
321 413
293 495
81 144
294 406
296 472
297 328
78 491
77 133
76 202
109 433
3 32
297 370
297 476
73 301
299 420
301 408
461 491
70 367
60 106
53 67
53 337
314 403
10 191
9 152
8 66
311 460
51 109
12 86
6 399
1 213
54 102
322 336
55 108
56 450
7 341
324 441
12 296
11 102
427 499
5 458
4 53
436 439
307 427
59 489
58 489
109 146
105 164
164 289
164 394
164 196
164 453
211 312
100 312
235 312
312 419
310 312
245 375
226 375
186 375
209 469
412 469
137 359
13 469
35 469
42 479
140 479
118 479
223 359
249 359
37 421
260 421
246 421
301 421
217 292
250 292
292 356
381 395
109 395
133 395
260 426
348 426
20 426
48 383
101 122
340 457
101 263
101 436
74 340
48 415
48 458
31 128
31 68
31 234
340 399
340 400
126 237
22 129
391 450
118 300
289 478
75 300
2 271
460 462
119 300
116 391
303 462
413 462
129 300
258 451
110 374
27 397
27 256
27 171
27 158
16 74
16 53
16 94
16 201
41 235
157 400
187 345
345 473
157 227
345 396
168 225
181 371
202 468
102 454
390 493
305 384
344 384
339 493
165 172
333 423
99 477
203 466
136 423
135 225
89 493
263 477
336 384
110 468
106 284
354 423
262 284
26 172
36 61
412 477
116 282
34 61
108 160
253 371
316 468
120 284
183 282
2 225
185 454
323 371
47 172
12 160
119 254
329 491
21 329
57 213
57 410
57 291
24 251
308 427
259 403
437 489
251 318
207 325
39 259
178 437
145 476
325 372
153 437
156 306
152 308
6 156
32 325
91 138
138 241
0 229
3 64
64 362
64 342
142 413
142 495
50 293
81 90
90 420
180 405
166 180
155 236
222 341
107 424
107 215
127 422
93 380
93 247
222 357
214 230
23 200
23 97
62 281
79 470
62 350
79 324
141 197
141 376
52 93
155 270
127 205
124 370
124 455
18 302
234 353
100 248
314 353
310 319
278 291
106 199
194 383
121 194
84 406
71 415
49 77
38 262
38 52
150 247
233 426
451 462
218 312
16 192
331 421
143 292
117 237
271 347
154 374
48 287
31 214
192 195
254 392
216 375
57 485
