34.113192
48
55
53
91926
91 124
132 152
30 114
174 221
84 247
173 216
205 242
57 123
113 213
142 152
38 204
41 152
74 129
130 164
168 205
99 103
12 249
122 157
62 219
219 248
117 142
125 142
139 163
158 186
226 231
153 184
221 237
3 229
54 57
46 159
8 101
80 121
39 108
36 57
13 48
34 121
45 49
60 217
173 214
15 167
27 33
6 130
28 187
41 187
17 187
8 203
20 229
92 246
118 121
0 229
128 220
24 183
1 184
21 103
20 247
198 247
110 120
236 246
16 173
84 226
31 235
77 92
124 209
29 175
40 155
122 229
110 130
88 217
57 71
109 231
31 185
64 129
156 175
65 221
48 111
120 204
36 167
19 141
70 92
45 208
113 177
5 219
42 231
48 206
42 173
105 231
69 142
220 244
103 230
129 190
113 150
176 249
205 215
45 186
39 227
19 43
30 59
2 33
46 171
73 189
19 42
73 96
104 204
14 19
34 52
46 93
18 209
40 76
95 220
40 133
24 146
4 31
8 219
12 48
55 128
23 33
83 152
63 249
73 241
113 243
71 243
181 243
35 151
136 151
21 98
140 224
53 140
136 140
155 240
115 137
56 212
65 222
17 134
11 61
61 229
68 161
18 126
51 126
42 145
97 217
22 171
22 204
22 221
196 238
162 175
118 162
39 199
66 199
154 175
112 147
225 232
167 225
98 161
107 130
170 180
67 170
85 178
82 85
239 245
238 239
157 239
201 239
8 188
81 221
27 81
37 142
37 197
37 55
37 79
86 218
87 209
87 187
94 144
144 163
52 144
67 144
144 217
102 151
44 169
169 236
22 140
100 167
48 100
24 143
142 143
46 58
57 58
172 184
172 224
151 170
135 223
31 160
113 160
98 154
220 228
130 228
90 103
10 35
10 211
184 207
73 207
24 138
161 202
129 192
33 192
22 137
199 222
134 193
210 234
115 210
47 166
47 162
45 116
116 184
137 191
165 175
30 165
106 158
106 200
97 112
56 148
148 223
148 194
72 139
32 72
145 191
86 212
9 181
9 179
127 201
127 182
7 233
26 50
92 149
121 149
89 205
40 89
169 240
135 240
75 196
131 195
107 195
78 131
25 235
25 178
75 188
119 239
26 222
7 119
