10.991491
43
26
106411
147205
26 54
102 115
6 24
108 127
23 95
46 119
72 94
31 62
13 90
102 119
13 44
84 136
5 58
92 96
3 83
94 139
34 85
64 73
17 57
7 57
35 84
4 119
4 65
53 57
65 134
37 65
80 108
43 57
58 73
13 73
73 78
29 102
87 114
16 48
16 50
62 119
84 89
43 102
36 48
100 135
6 85
66 100
118 119
13 18
28 83
31 94
59 85
8 114
17 23
26 41
48 75
20 59
100 129
23 92
32 92
0 64
0 22
22 111
5 49
3 108
10 58
58 110
67 137
92 110
101 137
60 92
50 97
76 105
97 102
24 61
65 109
73 104
82 104
49 130
45 46
38 133
38 64
4 120
47 134
85 106
64 106
26 91
47 105
70 114
70 115
91 109
22 40
40 84
9 94
2 107
2 68
2 53
2 124
51 65
113 116
107 113
25 55
55 100
43 81
25 39
39 134
20 117
117 126
74 100
74 137
57 69
69 125
21 124
114 121
15 121
35 88
56 125
27 88
48 63
12 93
93 114
77 108
60 77
86 122
22 86
33 98
4 33
112 128
112 129
11 19
4 11
30 52
52 132
52 138
79 138
79 114
24 99
99 123
14 98
14 42
103 131
1 12
1 71
27 103
