58.139515
106
99
46
41306
182 434
20 216
36 44
65 218
106 452
119 483
139 352
22 139
67 270
366 446
211 330
72 494
110 492
384 446
36 374
479 498
223 254
266 341
230 350
170 459
62 105
54 129
84 422
361 470
111 249
153 433
29 95
212 284
441 474
34 369
93 335
54 236
140 481
321 377
160 287
291 313
122 312
75 265
245 470
29 357
166 390
130 487
19 184
122 405
184 478
216 434
270 378
70 492
123 481
467 492
291 472
193 221
89 266
161 256
216 364
21 432
321 458
221 451
143 475
231 482
279 387
73 437
374 437
36 135
131 166
54 130
71 460
91 119
134 469
307 446
134 210
82 295
79 473
153 403
322 404
12 278
63 222
316 368
12 442
134 435
250 300
45 300
133 153
251 436
0 161
351 387
192 436
12 304
298 436
14 268
221 334
272 485
111 420
322 340
13 54
111 443
196 273
23 344
306 316
112 438
175 404
61 474
3 394
142 265
290 437
28 72
72 476
79 178
272 289
196 454
40 405
71 167
466 498
163 452
231 327
79 292
331 437
75 481
105 174
34 185
206 230
246 324
229 426
48 340
10 350
141 358
183 377
45 381
158 399
303 324
46 428
283 486
159 223
23 179
337 426
37 452
42 60
426 438
398 426
340 423
113 321
3 56
105 132
55 287
5 346
29 116
452 453
223 412
277 340
124 463
184 427
72 253
97 498
186 495
73 277
127 321
217 325
161 241
345 405
188 316
174 212
11 67
197 301
76 211
233 274
225 287
43 93
66 404
25 462
252 275
211 348
93 258
223 326
186 457
43 418
125 231
17 186
343 475
306 321
320 428
114 291
93 305
43 464
212 285
166 237
26 272
172 491
89 141
224 353
147 470
319 489
3 260
251 256
77 350
60 371
282 342
97 419
7 218
82 462
85 268
35 139
244 266
268 388
141 488
84 450
125 212
82 220
21 489
315 385
119 372
67 286
310 346
52 333
389 414
200 218
148 414
112 475
323 414
228 385
22 325
234 290
385 490
30 385
23 257
386 444
181 385
63 325
394 444
318 444
195 444
119 444
265 347
43 115
399 450
297 450
71 201
186 357
308 484
449 465
353 465
128 465
146 379
379 417
307 379
120 379
196 430
162 430
413 430
317 430
338 391
315 397
80 397
280 436
68 280
233 280
206 280
279 395
162 243
294 392
213 301
124 213
328 477
477 487
25 213
359 477
5 480
400 480
480 490
392 465
429 471
274 411
78 411
234 411
228 263
34 263
154 239
239 319
103 402
402 458
235 402
106 309
250 309
60 309
172 396
52 396
378 396
324 396
53 383
151 328
266 416
391 480
395 397
192 448
101 376
265 336
223 269
138 493
32 138
138 389
49 431
350 431
74 293
69 74
291 445
144 447
144 282
302 354
98 302
215 419
118 215
107 215
156 365
365 408
98 356
184 363
211 363
54 363
363 405
82 149
108 467
32 108
3 207
67 207
79 401
289 409
387 409
105 409
186 393
177 380
29 380
189 380
105 168
168 475
168 436
227 398
101 227
247 406
37 247
23 155
117 404
164 340
60 164
6 317
194 200
83 354
34 165
3 415
173 196
51 324
99 338
99 332
99 235
99 158
329 400
324 329
264 476
264 300
261 262
262 432
67 205
205 486
126 189
126 325
43 126
118 126
425 498
381 425
425 440
47 72
29 314
38 145
119 367
367 489
139 198
128 198
161 355
27 385
18 318
18 383
191 300
64 402
242 293
242 437
153 349
349 387
325 421
141 421
88 449
100 426
100 492
393 430
139 202
166 202
59 350
155 379
226 243
173 379
23 203
203 311
4 184
4 196
209 489
240 428
102 231
102 291
1 187
187 311
157 170
157 387
157 197
39 226
180 333
8 180
121 276
276 496
81 446
171 257
171 271
171 275
109 324
109 218
104 121
150 287
150 321
15 299
15 429
267 373
267 422
9 217
9 296
58 169
58 268
41 362
41 252
151 336
129 204
204 238
265 497
85 497
380 471
111 219
212 219
96 120
96 474
111 439
31 183
31 308
86 90
87 408
87 346
136 455
136 283
38 411
152 263
83 263
214 461
214 342
145 214
269 356
90 363
208 309
50 211
50 167
248 424
12 16
468 470
375 405
134 382
216 375
221 410
410 481
94 255
92 499
33 169
33 407
424 448
281 428
71 281
57 463
57 288
199 424
199 401
339 456
2 141
259 448
81 339
215 370
24 232
24 448
176 355
190 247
104 144
16 411
240 360
27 137
94 376
92 431
262 468
157 382
