26.550000
1
38
136709
535308
3 5
137 173
18 166
162 166
54 115
99 157
97 140
113 114
21 109
35 78
90 156
69 173
148 171
67 133
15 99
7 34
25 67
20 36
66 175
70 105
18 161
57 139
34 79
67 160
152 177
85 176
144 154
95 153
1 156
42 155
123 139
55 73
70 86
138 173
123 124
149 154
31 78
32 48
95 176
118 173
152 167
84 94
115 143
20 32
14 108
14 131
172 174
28 172
77 155
11 77
77 172
139 159
135 165
64 126
120 152
108 148
84 120
46 154
19 148
122 162
69 70
47 55
29 109
45 84
64 124
129 173
71 148
107 113
78 128
113 168
18 125
117 175
18 91
64 171
18 131
61 101
81 157
84 146
30 43
30 111
113 170
63 155
127 147
46 130
41 70
93 130
81 150
51 64
5 148
99 104
57 155
67 116
116 141
22 162
140 151
9 54
154 164
7 106
4 101
0 55
99 163
36 101
59 81
49 152
74 163
115 142
1 37
32 56
82 157
29 60
26 175
65 139
34 110
154 169
140 160
53 130
42 120
30 121
17 109
137 146
119 160
87 156
115 171
67 105
80 174
80 176
24 125
83 113
32 83
58 83
24 83
50 60
100 162
50 96
158 171
78 100
13 66
13 172
34 44
44 109
11 44
58 62
18 75
75 130
8 140
8 157
145 175
77 98
145 156
77 88
88 147
52 96
39 52
102 173
30 102
136 139
55 136
68 74
6 120
23 68
16 27
27 37
76 112
61 76
9 132
132 179
38 62
72 77
72 135
72 134
101 103
103 178
33 89
33 149
12 33
40 89
40 92
2 119
2 10
