58.628571
1
77
7
346851
4 145
5 88
58 65
6 110
157 243
7 78
58 121
100 261
130 233
1 265
2 142
3 190
19 126
110 256
20 110
174 288
215 278
49 273
213 247
212 283
258 294
8 171
9 232
253 298
10 251
10 285
114 123
230 288
119 273
248 273
12 155
12 269
12 291
118 182
115 236
102 206
250 297
10 274
11 22
11 238
219 222
218 244
16 59
17 126
112 221
18 298
23 66
192 222
25 240
111 268
27 215
26 63
34 253
28 130
212 240
212 232
23 35
23 46
47 166
110 237
49 266
51 282
199 232
198 259
111 203
193 200
31 214
32 179
211 283
39 193
40 238
182 209
181 224
179 255
43 259
44 171
45 112
111 191
100 196
184 283
38 250
69 113
190 242
232 264
190 205
70 71
201 238
168 234
36 214
47 148
111 165
47 152
102 253
157 289
157 268
75 288
132 151
58 163
53 112
172 250
171 226
99 130
57 142
57 168
73 288
82 140
58 127
76 168
170 236
60 181
61 164
61 194
61 244
169 253
62 282
166 291
240 277
69 75
114 213
174 179
69 158
87 265
71 124
67 204
67 292
167 214
68 236
54 132
63 176
86 189
69 117
63 216
86 242
168 270
71 159
110 173
71 295
72 82
151 229
81 190
82 121
146 241
82 188
126 246
149 265
132 271
107 146
153 259
151 299
151 287
139 168
7 50
102 272
102 186
7 249
142 227
52 283
147 215
146 286
88 109
145 220
97 220
93 288
94 222
129 223
141 282
129 290
88 263
89 100
89 185
90 181
91 132
143 213
142 235
86 217
96 260
139 240
96 162
129 252
95 225
63 242
145 154
95 104
95 116
130 208
110 208
7 208
262 284
215 284
171 202
111 177
93 254
0 254
100 202
129 197
142 177
71 197
102 197
280 293
42 280
185 280
120 293
120 236
120 259
92 212
96 183
108 297
12 14
14 265
74 224
74 133
23 74
69 74
136 179
96 136
59 138
80 138
132 136
150 250
15 257
76 84
77 103
22 105
210 279
121 279
64 84
257 294
131 161
105 228
161 237
84 97
85 88
279 281
21 121
18 161
133 257
103 267
47 150
78 103
123 279
242 245
245 263
61 245
13 173
13 227
13 16
13 101
29 288
10 29
67 296
10 195
129 195
250 275
0 275
153 296
79 213
8 79
79 146
79 253
160 214
145 160
231 267
193 231
30 231
280 284
83 112
48 262
83 193
24 48
122 168
122 273
95 122
187 193
175 210
41 107
178 182
106 126
137 278
135 137
137 182
178 222
30 33
33 56
125 135
125 276
55 282
156 207
156 218
55 157
55 238
134 208
239 272
245 284
98 120
144 183
21 37
29 180
92 128
106 138
