36.446108
630
41
37
183833
37 132
18 151
54 126
97 107
24 127
75 127
60 127
5 139
98 154
51 86
133 139
116 153
52 72
43 123
38 130
66 146
113 139
105 149
4 86
11 151
111 153
46 154
80 131
123 153
14 154
80 107
21 107
68 140
40 68
53 68
136 151
29 132
92 137
104 137
2 137
35 70
99 123
58 70
54 70
70 99
60 123
12 149
6 149
143 153
74 118
8 146
81 86
145 149
132 156
69 126
22 117
56 126
120 126
90 118
118 156
118 129
45 67
38 85
85 101
41 85
93 146
3 30
30 106
30 110
17 106
17 89
17 27
17 114
65 157
83 158
64 142
76 96
64 144
1 64
7 55
55 102
34 83
44 57
76 87
65 67
59 65
44 155
83 152
44 100
55 135
16 71
16 137
16 22
16 23
61 72
61 94
61 147
15 138
15 122
86 121
121 146
117 159
103 108
52 159
112 159
45 108
49 125
78 148
13 26
49 79
49 73
39 68
19 63
13 91
78 115
19 42
13 47
19 20
78 124
39 83
6 82
82 154
82 132
62 139
50 113
62 151
62 149
50 127
77 78
13 39
49 77
19 77
10 36
134 149
50 65
30 88
0 137
36 76
31 145
31 109
31 131
76 134
70 150
10 119
119 128
119 130
28 123
85 95
18 84
84 155
0 55
50 61
16 88
15 62
64 95
9 121
39 141
32 40
31 121
28 77
15 32
25 82
33 50
25 48
