12.146660
10
21
10
1045942
52 73
10 75
3 73
10 97
30 82
8 27
8 36
8 76
50 56
10 40
2 71
24 45
56 72
24 81
24 74
55 60
41 75
33 90
4 65
38 60
14 33
21 66
21 77
73 91
21 92
34 64
56 83
15 86
15 20
17 87
58 60
4 95
6 67
29 87
4 53
15 94
33 94
51 62
41 62
84 98
34 98
33 96
64 93
47 93
43 80
59 69
10 70
24 70
4 78
21 78
13 32
54 67
2 54
39 54
52 99
48 99
85 87
57 82
26 57
26 49
12 60
8 12
19 88
5 73
5 56
15 68
22 48
22 43
22 59
25 31
31 89
28 87
21 63
63 89
15 28
36 44
35 72
44 46
37 71
37 46
9 79
9 30
7 37
6 9
11 94
42 62
80 96
54 98
23 98
32 96
49 62
1 42
1 78
19 78
57 85
16 69
61 98
0 96
11 18
