4.914254
270732
14
444540
711318
39 55
14 55
10 49
71 72
64 91
88 98
7 10
70 87
10 15
6 48
28 71
18 58
5 50
42 66
14 82
54 92
2 82
10 13
42 59
7 79
28 34
82 92
31 41
12 21
21 75
21 38
81 90
42 81
58 81
12 73
31 79
30 31
31 66
42 89
50 61
6 20
33 71
65 91
82 88
6 52
86 91
55 80
3 94
41 54
5 92
43 49
69 82
42 78
87 92
8 76
54 71
52 92
56 71
42 76
43 67
51 62
11 17
1 77
10 11
12 67
81 93
47 91
61 62
12 35
0 32
0 16
77 93
32 35
26 96
8 26
25 38
25 47
44 99
12 44
17 19
53 72
23 85
1 23
37 81
24 81
55 84
21 68
29 90
4 24
22 75
6 57
3 95
34 95
9 89
40 98
31 83
81 97
36 73
63 97
66 74
60 99
45 81
27 46
4 27
