87.465282
12229
96
1048
76340
123 344
92 324
214 221
75 120
62 308
211 318
142 258
97 273
27 314
28 114
76 301
199 346
200 300
160 240
56 256
21 278
133 199
253 271
223 327
175 278
61 75
122 202
123 294
71 79
134 193
140 180
43 271
260 331
161 199
8 192
1 41
227 271
91 232
200 298
79 161
4 244
218 263
67 123
72 188
178 306
125 348
187 218
8 148
106 186
278 300
19 172
276 303
262 330
255 340
81 348
56 284
126 260
62 135
85 326
12 154
39 256
89 323
72 183
25 50
14 316
74 124
45 106
58 187
54 312
51 269
12 320
139 206
60 266
58 86
41 241
95 184
44 337
130 309
170 299
80 88
230 236
51 225
17 29
112 136
53 70
14 317
150 213
50 197
139 245
118 312
59 329
157 178
104 348
266 348
112 131
207 218
57 311
78 235
8 98
14 313
164 312
15 317
72 141
248 319
286 301
142 287
201 291
39 64
161 271
99 210
62 82
273 342
213 297
16 299
195 200
8 49
159 319
165 207
46 137
12 49
58 69
124 146
144 273
8 99
196 200
203 273
236 338
13 130
116 240
95 121
27 187
48 306
85 119
216 329
22 130
163 317
131 199
17 335
83 176
80 249
47 95
225 251
31 218
194 214
99 204
100 139
50 151
340 343
132 240
92 288
165 275
142 347
76 311
28 349
111 332
137 229
5 181
0 301
177 211
91 158
88 208
85 218
120 179
279 291
34 122
240 317
33 290
137 242
89 163
89 250
178 289
70 333
149 236
225 300
4 38
44 102
142 277
4 285
79 265
10 144
55 75
218 334
33 302
10 52
70 303
235 330
14 269
45 209
165 239
122 339
336 337
152 311
268 315
266 305
37 325
128 225
261 291
22 176
39 191
205 325
176 215
145 223
173 199
12 234
18 33
36 325
44 252
193 292
68 95
124 307
28 84
79 113
11 299
130 321
20 278
95 107
111 220
112 115
35 41
96 140
47 56
231 301
17 167
182 319
193 233
2 27
122 144
228 243
72 167
176 189
10 257
68 214
39 185
111 345
260 264
49 325
27 226
45 127
90 311
99 254
63 329
56 190
328 340
223 304
296 318
10 73
15 87
216 268
167 213
235 341
58 274
111 307
161 217
92 166
17 66
19 237
340 347
91 162
22 123
193 347
24 41
5 222
197 241
6 290
15 147
108 228
208 319
15 198
140 224
103 266
5 138
5 129
176 335
223 256
213 272
76 260
30 85
4 129
80 101
143 318
49 93
65 186
24 65
3 65
40 161
155 280
19 219
219 308
219 283
99 322
89 322
110 317
19 110
93 212
212 270
6 7
7 267
7 336
168 246
48 168
168 276
26 187
26 347
76 109
109 317
42 300
42 256
65 219
129 238
238 259
179 238
238 262
44 117
117 178
117 139
165 295
9 318
9 266
137 295
295 329
9 291
9 93
117 283
155 293
94 228
94 144
40 293
23 214
23 235
95 153
112 153
144 281
22 281
70 310
92 310
111 310
32 85
32 312
32 75
80 171
171 236
171 228
77 299
77 217
129 282
282 319
156 177
140 174
50 174
156 247
28 105
105 124
45 169
91 169
