76.736136
270
104
54
52239
123 265
332 388
29 140
127 246
214 402
3 80
86 439
265 394
323 437
260 408
4 408
5 149
78 228
173 386
3 228
58 136
304 404
1 321
85 396
186 438
170 247
129 186
6 411
181 245
245 424
112 401
330 433
22 424
134 351
80 297
11 368
181 235
129 309
139 431
77 89
80 363
362 420
99 365
72 434
221 243
19 391
35 250
41 228
31 73
145 397
57 341
228 322
170 250
20 140
91 129
50 134
267 350
47 180
110 325
219 365
239 405
216 350
353 430
55 424
150 227
12 405
14 170
83 332
289 364
153 318
92 405
180 426
44 115
60 281
53 431
373 411
10 146
10 384
66 331
102 426
44 335
345 426
43 232
75 142
142 409
77 174
142 447
31 68
298 352
10 70
60 445
373 434
331 439
76 300
330 373
44 309
44 104
60 137
66 106
66 182
334 398
17 398
369 398
265 421
309 310
30 354
69 292
77 185
66 275
371 435
7 310
174 236
189 233
35 358
252 300
352 356
258 265
30 269
69 278
69 161
148 408
111 117
95 286
43 166
111 327
111 231
23 435
310 347
174 253
174 262
243 272
238 300
35 118
325 430
31 175
350 378
70 175
114 258
293 401
241 379
49 58
136 388
385 434
246 287
37 71
18 167
344 386
261 427
285 321
5 320
59 302
321 337
192 387
229 264
144 350
39 350
268 330
114 278
200 402
13 30
119 374
13 38
43 97
42 279
302 324
132 276
98 290
108 434
77 291
157 330
224 444
240 325
17 228
25 370
25 204
181 237
222 310
321 419
201 376
255 368
154 396
133 144
144 244
257 265
213 441
48 289
114 412
79 401
128 207
228 382
55 135
271 386
131 276
187 320
305 415
54 392
30 251
178 376
79 270
102 140
134 199
317 409
71 124
71 96
19 120
153 437
177 317
78 98
62 392
65 305
51 207
162 302
207 226
311 437
170 296
164 424
81 224
229 341
196 246
230 286
242 411
334 418
425 439
158 439
346 374
320 448
129 288
40 397
241 286
141 227
390 411
13 360
42 184
233 305
362 368
19 30
87 332
121 392
177 225
18 19
376 443
228 442
36 404
98 249
208 431
15 26
13 215
25 46
167 393
177 312
144 294
125 341
9 435
318 422
58 176
276 295
289 361
26 224
167 406
377 422
243 263
42 446
389 422
212 227
114 313
375 422
421 436
429 436
171 436
213 326
63 326
267 413
256 413
100 413
308 329
52 329
202 357
342 357
147 315
234 315
191 315
224 315
380 410
52 410
252 333
327 333
333 397
32 282
282 366
149 152
107 282
88 152
56 380
0 56
152 387
129 428
98 206
294 400
24 400
32 355
64 355
151 285
8 105
28 331
194 202
339 373
101 279
197 321
197 361
197 386
197 408
100 197
340 348
309 348
160 402
14 160
33 80
10 33
234 316
316 321
23 449
140 449
47 283
264 283
283 372
283 349
114 266
30 266
326 348
142 343
343 367
341 399
43 223
399 401
207 399
144 399
223 422
223 265
223 302
205 375
179 274
179 379
179 367
338 396
126 181
126 140
27 171
27 424
90 203
203 238
203 442
64 203
143 437
143 398
174 254
170 254
37 254
352 432
69 432
190 309
190 370
43 407
299 402
60 299
165 332
156 418
61 156
156 192
165 392
156 168
165 286
218 366
218 431
58 218
218 246
254 436
13 109
2 191
138 177
138 243
111 440
365 440
67 300
67 325
183 353
183 277
134 417
289 417
113 414
113 352
19 163
163 404
103 211
15 103
193 320
144 359
243 383
42 423
286 423
105 410
101 357
155 378
155 405
21 305
21 127
280 350
306 319
130 188
217 270
248 427
188 284
172 227
217 261
306 349
31 172
188 416
248 328
151 428
45 168
45 210
276 307
25 307
93 337
93 331
116 376
116 341
77 122
122 396
303 374
303 368
74 189
74 381
395 400
105 400
303 413
94 374
94 416
169 344
198 336
198 395
34 242
25 34
301 403
314 355
28 301
16 420
16 195
159 273
159 209
159 339
197 259
82 259
82 220
84 314
