9.499736
71
17
1967
231071
38 74
74 75
0 86
48 70
56 58
8 99
56 89
76 79
14 41
61 77
42 66
24 93
1 42
42 80
47 72
36 92
39 56
1 68
73 94
13 86
68 76
43 76
27 98
69 93
42 97
70 78
63 76
23 68
20 27
25 73
34 74
8 32
88 96
8 30
49 76
9 81
52 57
16 42
7 27
37 87
6 37
37 92
8 91
86 91
8 82
31 82
82 95
5 45
45 53
24 45
45 46
51 86
59 65
65 69
61 65
15 65
35 64
35 83
14 35
19 84
19 46
49 50
18 50
26 95
26 59
26 47
26 49
25 26
15 55
55 64
11 36
8 11
57 65
62 86
9 62
17 49
10 17
28 79
28 96
21 88
54 84
40 70
22 51
3 29
3 23
22 40
3 7
12 27
12 74
2 34
2 44
4 27
4 67
60 68
56 71
60 90
18 71
33 67
33 85
