111.145238
1
131
4
209368
247 290
175 385
192 289
192 241
191 332
189 313
188 286
187 426
184 331
183 408
182 412
179 475
226 258
175 382
175 370
192 422
174 340
174 285
172 495
172 425
172 242
172 181
170 206
126 470
165 341
164 292
164 209
164 165
163 471
206 431
218 415
218 302
218 289
371 384
125 421
214 274
213 376
213 299
213 283
212 386
211 254
208 498
207 349
163 209
250 384
206 360
204 499
204 498
202 354
201 486
200 404
200 350
199 430
198 326
196 384
120 444
193 308
124 318
137 343
134 482
132 479
132 456
132 382
132 238
130 155
129 309
128 259
119 322
124 366
139 214
124 153
123 497
123 464
123 281
123 260
122 430
206 381
216 249
214 344
116 443
116 389
116 275
116 163
150 487
162 392
162 374
162 261
121 421
168 313
319 461
149 276
160 365
160 167
158 162
157 491
156 493
155 176
154 214
152 482
321 347
141 163
339 428
147 490
147 442
147 440
147 274
145 164
143 341
142 175
141 469
141 342
149 421
342 492
341 457
218 452
329 457
356 386
355 427
354 396
354 393
352 388
349 468
349 352
370 454
303 304
336 345
334 493
332 467
332 407
361 388
328 353
324 341
322 476
140 200
317 331
316 410
315 353
313 472
313 360
312 342
310 478
305 465
408 474
466 483
466 473
463 493
461 497
454 485
447 462
446 469
437 488
426 475
423 444
414 439
411 412
409 461
88 204
401 461
400 488
398 405
394 441
390 444
388 432
382 482
372 465
372 433
161 339
78 87
365 488
364 466
239 386
257 398
254 451
252 383
252 279
251 265
250 450
160 436
289 332
243 305
242 460
242 434
242 246
240 486
259 278
237 430
232 305
230 240
226 481
226 365
289 470
226 245
225 290
223 259
222 462
221 331
219 362
219 289
288 462
301 458
301 420
87 244
59 135
301 311
298 487
297 426
296 488
295 462
295 427
295 349
290 448
290 391
21 271
94 179
1 92
287 326
283 466
280 322
278 441
276 497
276 403
276 359
276 358
264 347
262 326
259 383
56 284
83 478
82 470
22 91
55 249
80 486
79 106
193 349
38 354
84 408
23 137
76 264
76 188
75 129
74 163
73 414
72 230
71 345
94 224
127 219
38 252
20 213
91 229
91 169
39 96
54 81
89 305
24 116
87 435
21 215
276 345
106 380
54 470
21 399
85 188
32 100
65 215
63 353
63 242
58 353
63 68
265 496
31 267
59 175
37 438
33 427
37 357
36 160
35 91
60 263
61 219
60 294
26 60
24 412
25 35
25 157
71 237
56 320
25 171
25 406
56 480
93 487
70 276
27 272
114 303
38 124
29 345
68 378
68 190
43 443
10 291
10 374
108 342
107 230
174 368
6 486
105 339
104 129
10 234
103 394
43 419
94 322
48 233
102 454
101 254
192 379
16 330
46 469
1 227
113 478
1 266
48 101
2 110
3 37
4 68
43 346
100 417
39 274
8 469
111 137
110 166
110 135
48 151
16 66
39 256
94 413
19 326
17 482
48 359
5 372
39 338
40 249
16 248
16 173
97 427
100 289
41 155
14 444
106 416
12 42
43 293
12 205
12 306
99 450
50 347
99 269
99 255
49 252
7 394
100 235
52 138
52 164
52 444
52 426
37 52
30 295
30 159
30 60
131 136
67 323
99 323
1 323
94 323
259 402
350 477
331 402
181 402
365 477
87 402
248 351
339 363
282 333
351 388
15 351
204 363
225 351
105 333
333 455
150 363
129 327
327 349
137 327
305 327
231 430
231 322
231 487
109 410
77 109
144 455
144 347
100 144
60 144
27 109
109 424
249 429
56 133
162 429
18 449
48 429
35 236
21 133
316 449
38 45
110 133
270 307
31 307
65 307
177 308
254 314
47 177
117 384
369 394
116 369
289 489
301 459
326 459
34 67
0 34
9 10
377 398
16 377
178 217
273 408
265 273
325 332
106 325
95 188
172 203
81 178
283 337
337 382
155 273
115 360
63 115
180 283
180 287
11 494
180 185
53 478
53 493
11 148
11 484
373 421
373 414
373 386
53 412
253 388
445 497
57 64
51 397
90 277
57 138
35 51
51 418
186 303
44 51
194 329
112 230
62 486
77 90
90 360
131 194
186 388
12 62
194 228
28 90
112 174
118 274
62 454
197 208
197 220
195 200
195 218
148 367
44 348
201 387
334 367
28 86
86 408
69 398
98 183
210 265
13 104
13 418
30 268
231 307
136 335
146 402
363 453
231 300
395 489
300 375
118 375
