27.837460
3
32
2
1387598
60 100
62 67
54 112
0 63
58 100
35 70
34 104
34 100
33 52
31 109
38 102
38 73
37 76
29 83
62 104
63 94
28 86
28 51
68 105
69 76
71 114
59 96
50 65
43 44
42 66
49 57
48 52
47 109
49 87
47 70
47 62
46 89
45 109
89 101
25 114
42 46
50 115
52 93
53 100
40 50
39 70
38 103
74 112
24 111
8 82
7 63
86 118
11 109
24 97
10 52
10 50
88 114
9 95
9 53
105 106
38 42
13 70
6 9
5 62
4 82
3 113
3 103
3 32
89 98
9 15
99 114
20 42
19 28
105 119
1 44
24 55
1 64
23 116
22 89
76 92
78 112
53 116
80 116
82 118
1 91
83 92
83 110
84 116
17 83
16 38
14 76
79 96
47 85
56 77
10 41
41 99
12 41
21 82
21 68
1 21
41 107
41 117
18 43
18 71
18 94
2 47
2 107
18 81
42 108
96 108
28 108
27 38
24 90
72 77
61 72
37 72
27 49
90 114
36 83
36 105
30 112
30 89
49 75
26 85
