31.882173
3
54
0
328091
49 150
136 140
42 248
43 51
135 226
45 158
47 80
128 152
49 103
137 225
124 204
49 232
52 80
120 191
54 74
54 148
54 195
120 175
40 229
39 152
37 140
35 54
34 137
142 228
143 228
31 45
29 100
149 152
27 147
27 129
27 105
26 240
156 230
97 146
69 100
70 118
100 107
70 154
72 110
99 219
97 174
77 97
68 226
95 229
80 151
80 239
80 243
83 198
84 89
88 93
0 135
100 215
100 229
107 203
63 140
110 229
61 230
113 120
59 116
58 185
58 150
55 221
119 198
55 160
120 135
55 57
6 18
18 197
177 203
228 240
226 233
223 248
179 248
17 106
5 30
17 75
17 36
182 185
5 180
5 210
17 180
185 187
186 211
7 211
14 73
7 223
192 228
208 211
195 227
8 145
8 159
206 226
207 238
8 222
19 70
24 70
24 53
23 203
0 161
164 198
0 169
21 51
20 51
1 45
0 109
237 248
230 246
18 218
19 71
19 85
88 91
94 230
244 245
97 126
108 183
105 214
104 199
89 183
101 162
90 140
190 217
100 205
100 202
96 238
91 117
91 132
92 193
96 124
92 247
98 132
212 219
99 171
214 248
143 173
135 176
135 196
178 200
137 235
138 167
173 227
138 224
172 236
171 216
141 201
133 229
144 201
170 220
168 229
144 241
149 202
160 212
156 249
157 166
188 249
112 155
203 235
114 249
201 217
199 243
117 212
194 205
193 209
157 237
189 228
111 239
188 231
122 211
123 199
123 245
184 189
126 152
130 162
131 137
131 166
48 74
28 44
28 65
32 64
32 80
32 198
33 212
36 82
38 81
38 176
41 130
45 153
46 48
27 241
48 146
49 189
50 115
50 200
51 214
53 249
54 242
55 65
55 202
56 62
12 125
2 93
2 125
2 181
3 32
3 81
4 121
5 122
8 94
9 25
10 111
11 112
11 127
44 234
14 44
15 91
17 153
18 133
18 196
19 153
19 163
21 213
25 204
26 121
76 183
66 67
66 167
64 200
66 184
84 199
76 165
81 170
79 157
62 216
79 90
78 139
62 116
72 172
78 207
60 96
16 90
13 98
92 220
16 102
22 189
87 165
86 131
12 41
134 168
127 163
78 202
