48.196266
115
58
175
94119
99 150
44 91
86 210
68 105
1 2
150 178
141 240
4 8
74 89
44 205
64 197
9 199
10 16
84 214
103 132
2 108
63 73
166 198
89 97
171 222
43 156
51 166
207 235
106 144
235 247
153 240
75 86
16 245
110 206
32 150
28 227
105 242
40 89
53 211
69 240
61 246
4 29
236 247
121 249
0 163
56 208
126 226
25 113
3 115
11 109
14 59
65 75
169 211
218 246
162 229
225 237
92 113
189 225
18 86
209 227
16 119
79 136
126 200
151 160
66 160
95 215
44 179
3 67
83 146
190 193
55 215
102 163
12 225
128 163
139 246
103 117
162 196
122 204
35 247
123 135
150 248
73 181
199 201
120 190
185 249
125 131
67 199
33 111
48 59
150 168
103 179
142 244
20 127
20 222
159 234
96 190
10 126
233 244
123 172
36 191
65 215
104 244
37 110
59 202
11 90
197 213
31 106
79 85
113 224
7 174
105 126
21 174
145 214
56 143
47 249
110 118
17 235
3 221
186 217
3 15
17 212
11 228
195 247
122 137
157 162
73 238
50 174
83 194
173 199
155 214
170 204
24 247
2 171
83 147
20 87
159 186
44 70
13 105
152 227
30 160
160 187
23 122
235 239
22 159
93 126
56 125
110 114
7 114
36 124
35 124
46 124
124 133
76 176
176 212
81 176
154 219
41 154
67 165
82 230
82 112
76 82
82 184
82 194
216 232
187 216
105 216
38 159
110 203
54 63
101 248
58 228
126 220
122 220
149 246
149 163
56 149
149 190
78 182
78 106
203 231
54 231
188 211
103 188
123 188
160 164
164 197
164 184
73 164
148 168
148 218
43 148
148 161
101 140
114 188
140 188
104 107
107 112
116 134
134 156
216 241
38 77
27 235
27 86
20 130
83 130
177 214
33 62
62 158
60 113
62 183
60 244
34 249
34 44
165 216
57 79
39 57
57 162
94 98
98 232
98 166
100 240
100 166
6 39
6 94
58 167
180 243
180 183
180 211
223 241
72 74
4 72
175 247
4 175
52 67
52 106
79 80
80 227
19 182
19 138
5 131
5 42
167 223
129 192
129 217
129 191
2 88
59 88
49 163
49 225
26 118
26 71
45 197
45 219
176 177
