61.038652
9
102
31070
193722
75 188
197 307
242 402
85 121
240 269
19 434
55 422
365 406
148 281
244 264
161 290
139 366
164 264
44 420
386 436
36 286
35 304
268 303
313 351
54 447
101 249
39 120
233 410
227 367
18 56
67 417
212 338
79 167
142 306
168 332
18 49
112 237
160 251
53 329
199 329
44 255
196 310
210 289
310 420
167 448
197 368
161 207
23 392
162 289
3 249
171 188
20 444
277 414
64 322
366 370
300 378
260 326
101 111
89 373
239 365
42 366
89 136
115 376
373 430
152 332
2 297
134 179
326 435
240 433
87 188
26 402
50 368
16 364
392 427
193 227
95 445
21 141
66 250
105 163
362 364
79 330
318 411
382 446
85 173
275 380
121 425
152 426
93 163
407 434
160 295
193 257
226 388
2 92
114 248
193 202
44 115
222 364
108 307
15 355
181 445
116 141
112 325
5 261
199 211
245 262
245 283
24 160
18 186
176 332
300 305
273 355
184 284
296 425
31 369
430 432
15 432
211 432
26 432
200 296
284 375
375 402
46 375
105 375
70 375
375 397
0 112
284 431
284 308
42 284
75 284
77 168
147 193
156 369
89 200
69 427
342 364
246 377
47 427
78 225
220 311
220 349
299 364
233 299
25 220
149 276
143 314
143 331
84 381
163 381
103 143
12 78
132 276
65 79
132 376
78 294
310 432
261 432
132 307
31 394
0 188
296 352
0 153
107 296
294 432
48 193
25 59
303 434
272 424
351 413
20 225
326 363
64 312
34 230
29 170
325 447
36 99
2 358
286 423
231 249
53 217
51 405
25 169
233 238
172 316
85 128
157 262
117 261
300 370
153 178
67 337
134 324
204 404
244 261
264 384
151 272
34 151
278 390
366 419
80 248
62 351
288 311
34 409
231 302
114 310
208 240
5 168
94 306
349 414
120 126
146 405
248 400
79 283
1 25
98 311
246 437
23 429
12 88
35 371
80 275
2 421
91 172
12 337
123 366
203 258
113 300
23 243
92 397
101 398
187 422
331 394
71 141
311 360
145 307
211 336
219 307
361 368
112 323
3 399
314 402
211 427
34 214
153 287
141 162
174 289
338 422
89 147
7 440
150 376
212 390
160 449
141 345
17 204
271 388
141 441
266 275
250 420
337 388
379 415
195 349
12 263
3 391
309 405
53 131
423 448
236 289
128 390
148 335
46 411
68 264
64 185
67 203
101 439
191 349
231 401
233 293
4 233
389 427
256 397
124 250
175 231
38 388
129 158
36 96
117 157
315 348
168 183
89 177
89 274
348 418
12 357
57 161
45 101
356 365
346 397
8 176
176 295
44 412
64 218
229 430
20 372
326 410
60 134
193 340
185 272
58 445
163 190
122 318
152 441
350 394
7 399
61 145
291 312
130 261
60 448
45 86
29 390
52 448
73 355
19 47
20 319
161 444
176 339
205 446
23 253
120 262
250 428
14 388
228 447
240 449
267 272
100 225
192 365
3 11
281 288
369 442
85 327
20 192
37 64
177 205
291 436
35 320
16 430
3 438
198 211
209 256
235 310
246 322
394 416
67 254
133 148
158 172
86 97
344 348
180 204
328 447
152 374
232 370
169 351
72 376
7 82
234 376
129 394
81 407
152 249
182 318
64 370
155 326
40 381
63 149
78 224
110 149
216 368
70 301
216 306
40 405
21 104
18 265
265 448
41 332
127 216
308 387
206 387
30 259
30 110
43 78
43 292
22 106
22 275
155 359
137 292
144 289
144 148
138 143
168 343
353 381
85 298
241 388
111 279
202 347
247 347
347 403
36 102
165 277
13 353
74 165
298 348
395 428
343 383
10 50
256 280
32 306
109 180
109 258
119 120
213 220
151 341
33 35
33 232
159 428
31 201
201 285
83 317
83 106
149 333
149 223
143 396
17 140
140 408
162 166
166 282
189 385
189 247
11 321
321 334
81 125
125 252
6 367
6 194
221 334
221 393
76 268
28 118
28 174
76 354
135 154
215 400
9 151
27 248
27 415
215 443
9 270
135 383
90 204
90 445
