21.332276
211
26
8838
209826
7 57
22 91
48 72
53 86
47 99
28 31
74 87
83 92
60 109
2 30
12 110
97 117
49 95
110 114
37 45
42 110
15 54
53 71
24 53
26 66
61 110
8 109
59 97
55 98
1 13
5 22
11 27
27 32
27 70
27 110
27 72
27 101
45 55
47 66
13 90
64 87
9 25
107 111
84 98
64 76
4 93
6 13
3 13
5 114
1 22
86 101
31 44
9 87
38 111
85 98
36 39
57 69
43 75
56 77
26 68
16 21
93 119
4 80
14 115
40 45
10 93
81 83
34 53
57 63
50 111
47 105
106 114
25 59
39 80
20 39
17 109
18 114
39 67
6 54
54 113
4 94
41 97
29 31
12 62
77 98
23 49
46 48
4 32
67 83
82 93
77 116
49 51
76 114
54 102
68 73
24 115
19 75
35 48
30 68
4 49
45 58
88 89
78 88
39 88
2 88
13 65
11 118
45 118
53 108
75 108
33 62
21 33
4 103
103 112
0 29
0 75
52 107
52 70
22 96
57 96
79 109
79 114
87 104
47 100
