15.070549
16
37
336198
428778
112 133
14 76
48 105
1 199
0 133
142 175
122 197
10 137
34 121
151 164
84 130
52 163
20 68
188 190
63 81
27 175
141 194
16 53
34 37
89 163
65 170
79 106
88 195
67 158
90 114
167 177
27 89
37 130
50 189
90 183
38 193
92 181
55 138
164 184
77 164
44 151
21 106
34 143
143 154
80 148
43 135
82 151
50 95
55 102
38 187
82 155
40 179
163 182
58 81
3 92
11 192
158 173
1 128
76 161
111 175
81 166
113 141
18 38
147 151
116 184
21 66
54 190
39 170
73 90
68 91
106 130
50 90
16 92
58 130
0 78
61 99
129 167
61 101
61 178
96 169
38 194
11 106
122 177
96 156
17 158
50 124
2 195
74 195
31 102
90 137
99 185
12 160
81 125
1 152
83 194
133 155
41 107
80 137
83 170
35 160
102 127
150 177
87 111
2 11
1 41
34 45
100 195
34 116
25 141
133 138
19 156
59 163
19 102
1 19
165 176
66 165
165 197
119 165
138 148
109 138
6 138
23 138
149 177
67 94
19 170
96 115
11 62
141 185
172 190
127 173
103 160
53 100
64 137
34 59
51 161
49 51
51 93
40 51
90 123
8 95
8 56
7 137
86 98
140 174
140 175
131 151
158 198
42 76
76 104
42 52
26 185
60 160
20 131
15 19
75 123
69 104
26 98
28 39
28 180
136 179
47 136
144 186
30 61
77 159
87 186
134 160
137 171
94 117
117 190
117 135
73 134
118 171
56 132
132 139
33 59
32 47
32 46
120 180
120 126
71 125
71 97
5 19
13 72
72 84
11 168
143 153
57 177
29 190
22 29
128 146
4 195
4 105
162 191
107 162
24 103
24 108
9 22
9 196
36 129
36 157
105 110
70 91
110 145
70 85
