12.982361
393527
31
411782
416100
82 168
125 176
32 91
142 153
122 177
46 153
52 138
104 112
11 130
20 71
24 130
99 176
46 163
46 72
37 159
129 136
44 46
35 166
5 82
45 160
87 158
112 155
61 140
111 153
30 169
81 101
21 82
12 91
148 169
58 101
94 177
20 177
22 120
103 114
103 160
1 103
57 176
57 166
127 163
127 164
36 116
116 153
37 116
162 175
37 77
110 146
136 167
43 177
15 23
8 166
120 169
46 130
48 136
47 62
123 160
46 145
76 171
47 140
160 170
35 79
90 91
140 177
144 171
62 145
29 176
38 130
139 175
27 136
39 166
52 70
78 173
83 173
102 137
135 175
42 171
47 113
91 178
74 136
101 140
48 52
91 146
52 98
107 155
1 99
46 121
3 47
129 155
37 100
52 165
102 171
53 175
53 167
53 130
53 173
18 161
56 103
57 156
2 57
34 153
2 144
117 169
14 109
46 156
161 171
131 171
119 131
143 160
91 143
40 82
14 53
6 59
6 22
0 6
117 131
66 173
26 71
126 165
15 126
17 103
17 19
16 73
16 77
97 133
106 110
4 89
69 105
105 178
150 165
94 149
133 158
5 133
55 149
68 175
88 150
133 167
36 84
53 89
25 56
41 60
60 157
60 61
108 169
31 108
28 167
19 65
65 124
63 118
23 63
63 93
10 118
66 134
39 51
51 154
9 59
13 64
13 162
106 152
96 119
64 80
85 96
49 87
49 147
72 95
75 165
67 125
54 174
54 165
50 151
50 103
132 179
75 132
86 107
86 115
33 42
57 128
33 92
128 172
7 141
7 179
