67.644634
44
89
52
73787
50 181
121 159
123 230
125 218
9 26
58 114
104 229
159 257
137 311
50 209
68 73
268 335
21 169
85 265
29 174
159 221
145 294
60 256
135 339
3 161
120 239
337 340
128 239
163 202
125 328
19 60
174 272
267 349
316 329
65 349
38 88
157 295
20 55
238 244
68 107
86 178
84 176
20 78
216 255
190 262
57 325
43 77
38 183
271 327
30 245
4 145
70 86
119 167
50 65
113 248
175 295
144 265
62 100
66 71
25 250
9 105
152 180
9 194
152 287
62 317
123 186
103 305
62 188
123 308
45 276
135 313
66 207
65 103
103 222
42 270
152 196
66 206
45 166
45 266
2 250
103 138
135 193
126 250
19 44
213 336
0 341
117 139
42 124
149 312
0 80
95 260
6 245
6 210
6 278
68 330
8 337
49 129
145 214
132 274
42 346
161 248
94 192
183 265
239 241
241 337
117 200
19 67
117 169
66 183
99 243
281 336
265 332
285 289
57 107
109 158
102 335
284 295
40 53
164 179
95 137
154 295
40 104
296 337
190 302
20 61
212 316
104 324
13 137
160 314
32 38
75 290
72 273
184 246
46 319
56 293
108 314
20 233
37 248
189 239
151 214
142 211
97 129
170 246
168 243
255 331
176 258
99 228
81 223
174 259
215 285
10 177
38 59
295 307
49 155
147 290
115 243
290 310
111 289
7 314
52 336
146 335
89 316
246 283
240 347
22 238
47 56
49 232
86 338
38 112
167 201
16 325
192 235
287 315
334 349
282 306
45 165
344 347
185 190
12 125
5 327
65 301
72 81
162 289
27 50
38 173
5 41
87 306
202 321
14 77
195 211
182 238
79 132
208 349
72 269
177 263
64 325
98 312
51 347
56 224
5 133
77 118
238 276
1 176
116 192
31 177
52 178
227 319
319 333
58 255
82 318
202 253
28 179
220 280
198 280
158 280
118 264
198 264
11 225
154 225
59 225
21 148
109 148
148 318
106 345
276 292
228 292
90 292
30 292
172 276
227 277
231 261
56 261
15 217
122 217
217 284
2 197
147 197
76 252
252 275
110 252
141 241
183 199
65 320
5 291
145 279
275 326
132 326
191 205
191 247
191 223
102 191
203 248
203 343
203 336
179 309
122 251
251 312
76 309
247 251
69 74
69 343
197 345
134 234
234 295
127 219
219 231
23 114
23 151
1 23
17 23
34 167
42 143
143 289
10 237
237 306
18 91
322 325
91 301
140 246
9 236
153 348
86 140
202 322
153 256
56 140
91 97
306 322
153 271
171 236
236 319
152 236
91 202
72 323
20 323
54 295
54 177
54 329
54 159
243 304
280 304
130 290
130 255
143 225
34 148
137 303
77 303
83 190
83 312
48 82
39 48
48 78
32 96
35 335
96 242
35 347
117 286
135 286
101 127
101 300
53 101
6 187
187 314
261 291
36 62
0 36
49 342
211 342
176 342
277 279
204 211
192 204
68 131
131 174
132 297
19 297
250 297
123 150
150 192
136 288
136 241
92 298
92 171
136 315
179 249
125 249
33 106
0 33
172 226
93 226
63 299
143 299
141 254
24 237
63 156
