13.833182
55829
39
192781
393178
28 150
21 38
56 193
61 162
60 182
136 184
7 23
115 157
88 145
119 120
42 56
27 193
11 188
81 171
37 172
51 104
17 184
150 169
38 83
111 199
77 180
117 172
30 176
1 126
60 149
21 98
29 114
99 101
100 115
30 167
49 156
115 158
87 158
30 53
124 126
27 121
66 132
162 184
46 132
88 113
113 160
47 166
110 113
60 141
59 176
37 138
101 156
159 197
105 136
91 105
105 198
162 197
47 132
11 138
159 191
101 129
70 101
96 101
49 94
49 81
61 99
20 150
58 159
71 137
61 67
79 187
15 49
51 61
158 197
113 123
152 166
24 128
117 152
50 127
31 118
154 188
125 134
19 142
115 142
50 121
125 131
102 104
89 111
78 98
31 169
31 33
45 71
26 116
151 174
3 180
62 152
22 30
90 142
31 69
88 170
119 146
94 151
80 143
22 107
80 174
71 191
71 75
91 126
86 125
121 152
26 126
30 175
56 73
95 128
133 190
88 153
142 168
128 153
71 121
50 68
123 176
50 144
71 181
174 178
56 92
16 198
1 23
78 160
14 119
31 104
60 148
8 49
140 142
57 61
7 44
44 72
55 153
140 180
48 167
82 107
13 115
106 111
31 106
13 119
82 118
59 147
44 190
48 79
79 185
6 79
141 185
73 108
32 132
12 180
12 186
34 150
97 171
64 97
135 194
36 135
114 135
8 135
65 125
65 105
10 119
39 128
40 132
74 197
43 138
20 41
98 183
177 186
88 103
36 76
93 177
139 187
122 163
25 159
173 188
14 196
103 163
17 85
85 112
84 137
44 109
52 96
9 162
54 115
161 189
105 161
63 168
63 192
4 143
4 155
18 153
18 165
5 176
5 179
2 86
2 130
0 130
0 195
35 133
35 164
