30.857731
667
36
389
214156
80 119
42 106
43 109
120 122
29 93
137 138
132 135
75 77
71 112
116 128
26 61
116 133
59 135
28 35
24 107
70 112
65 125
54 115
42 43
72 96
37 45
58 110
94 110
60 121
80 110
94 125
7 55
25 69
8 52
8 86
8 63
25 44
25 57
61 92
17 49
7 107
48 126
17 105
23 98
54 74
17 123
96 131
113 135
108 114
28 102
29 85
4 116
2 88
9 84
3 121
28 124
13 137
38 98
67 110
19 78
84 101
40 53
76 96
39 114
42 129
32 127
32 48
16 108
45 88
85 137
46 112
53 134
5 84
109 118
73 122
66 118
92 104
0 122
100 132
25 130
24 27
32 82
98 130
88 130
108 111
91 125
24 99
62 121
89 118
14 48
48 79
29 68
10 53
7 139
30 32
1 75
1 37
1 103
22 29
87 98
41 88
18 54
61 136
24 119
3 79
12 130
64 120
1 20
6 118
6 102
6 32
20 95
12 36
81 127
19 81
81 90
34 61
17 34
29 34
34 112
31 100
31 50
11 108
31 83
11 53
11 83
42 56
56 122
36 64
17 97
7 97
84 97
21 104
15 21
21 39
34 95
33 135
33 116
24 51
51 96
28 47
47 54
8 117
48 117
