46.209355
53390
94
10
153067
194 218
49 173
213 249
216 329
84 274
84 385
310 424
87 334
302 364
95 182
49 152
330 444
99 200
99 211
99 357
100 126
102 311
84 106
108 137
115 168
185 402
247 359
120 207
120 297
190 256
121 129
112 126
114 281
115 141
184 340
115 398
120 173
108 249
247 291
120 315
287 364
62 162
49 68
311 412
9 222
331 399
312 317
147 184
72 115
55 95
323 364
59 190
61 126
60 218
123 436
79 405
79 395
312 407
75 263
64 436
6 191
16 432
65 79
312 360
188 267
390 436
311 338
56 267
83 129
240 263
184 286
144 156
144 250
144 343
67 341
136 177
136 179
192 367
192 419
196 271
217 338
218 326
222 242
222 308
227 266
227 300
230 281
231 374
249 393
216 366
166 384
350 432
166 448
40 374
173 317
11 31
175 432
28 409
236 263
439 448
10 129
43 295
341 361
6 244
142 389
142 401
142 423
143 183
84 173
126 267
128 257
128 285
135 281
263 413
261 271
162 169
162 420
38 209
195 338
338 417
208 428
32 218
181 349
11 372
238 321
26 271
42 87
9 292
49 239
338 435
95 445
416 448
53 55
3 298
296 341
20 386
18 43
143 406
20 211
127 227
128 265
129 290
105 428
19 238
27 87
28 306
28 313
11 378
20 39
20 226
6 370
43 74
374 411
261 262
176 262
60 262
52 379
131 379
46 379
101 379
327 394
349 394
368 394
310 394
335 428
116 237
228 237
265 345
178 333
292 333
46 345
150 345
236 345
267 397
117 397
54 91
54 373
23 440
288 440
113 440
48 440
13 303
75 303
184 277
20 251
136 277
202 404
125 283
23 251
130 404
273 283
227 277
209 253
134 253
324 442
427 442
4 442
275 434
85 275
184 275
5 275
249 275
85 347
128 347
267 307
143 449
325 356
271 307
355 437
22 272
181 272
260 355
272 273
298 319
36 272
94 319
126 293
142 294
28 369
137 201
4 30
28 443
115 443
38 441
148 441
377 441
206 233
195 233
233 424
161 233
3 354
35 281
35 304
35 341
81 433
142 299
70 71
414 437
222 414
136 414
129 414
219 425
82 91
238 421
238 352
152 396
284 322
313 322
176 214
117 430
11 431
248 352
428 447
225 289
128 172
184 268
22 431
113 138
144 352
28 403
324 447
341 429
64 268
143 430
226 279
80 172
247 429
210 430
170 420
170 304
73 146
284 387
107 170
96 118
118 368
146 375
342 387
52 118
107 118
118 422
87 328
6 270
15 99
81 269
90 132
269 320
109 128
263 332
132 288
332 432
95 365
43 353
255 311
89 249
7 8
111 173
7 417
348 358
358 388
51 311
115 198
198 302
190 198
235 371
20 318
318 436
66 446
11 220
220 364
190 362
362 374
363 384
293 333
136 383
37 426
232 316
316 444
74 336
140 336
336 408
157 171
10 157
17 219
17 399
17 301
185 197
197 327
197 278
24 197
86 312
86 218
299 379
314 410
79 88
204 248
204 426
88 338
88 205
98 131
98 159
93 335
192 245
245 411
54 441
335 425
41 410
29 41
328 394
214 237
237 289
212 335
237 365
187 330
187 382
319 443
35 253
51 335
229 311
202 229
54 146
54 400
124 381
77 124
2 192
2 144
358 440
307 433
391 434
199 249
154 432
221 325
174 228
259 438
135 221
155 247
110 234
189 278
264 348
309 344
58 161
216 259
276 377
57 216
31 47
119 145
44 53
44 167
0 163
57 448
140 252
145 402
69 205
252 392
0 342
69 258
252 438
47 415
34 173
50 375
45 66
1 331
45 76
45 210
50 153
1 235
50 344
14 305
14 139
63 80
63 234
14 103
63 160
180 351
180 223
254 381
337 351
164 449
92 223
35 246
25 93
293 353
97 267
97 305
187 335
149 387
12 139
243 354
33 293
124 335
299 418
133 294
82 270
54 380
21 25
193 318
346 363
104 220
186 212
151 157
303 337
339 356
165 294
30 215
201 376
314 446
280 441
71 380
241 421
111 282
158 358
186 224
122 336
122 203
78 122
