24.020477
43
30
80
241192
31 93
8 20
78 93
2 88
46 116
11 50
5 111
3 6
24 80
23 59
45 118
10 37
27 47
15 74
42 62
22 118
7 9
50 64
38 52
75 111
37 96
83 91
0 57
6 82
13 71
6 72
13 99
71 109
47 106
41 57
40 44
52 90
37 60
10 40
52 117
16 25
16 22
54 74
42 69
42 65
51 91
6 54
19 93
20 110
48 104
2 113
24 79
16 100
61 74
59 95
37 114
2 53
99 103
21 110
101 111
59 84
28 71
71 107
34 118
40 94
54 59
98 99
17 46
31 46
9 39
49 91
35 74
108 110
47 58
12 24
40 68
29 42
24 76
33 99
50 115
77 105
9 97
11 12
46 81
57 104
39 78
79 102
10 102
66 102
73 102
18 43
8 43
13 43
63 85
85 112
13 56
9 14
36 67
36 52
36 77
36 46
24 89
9 89
2 119
66 119
32 118
32 91
32 57
14 43
4 50
16 70
47 70
54 87
10 87
92 111
42 92
1 30
1 48
1 29
26 86
26 56
32 86
54 55
55 63
