133.506567
86
145
213
53712
120 461
254 353
67 334
86 102
125 388
222 372
160 497
143 216
139 233
41 103
69 409
4 7
100 144
213 415
242 342
204 460
41 192
27 466
31 461
99 476
325 453
21 457
285 320
212 420
41 470
269 489
303 387
211 297
95 296
263 389
193 312
145 365
312 498
138 382
119 451
16 326
28 116
100 475
239 495
214 369
171 283
126 246
258 492
76 483
13 210
101 451
267 337
8 369
33 161
13 244
46 308
212 385
187 194
383 395
182 440
183 296
476 487
71 222
11 186
387 419
282 343
96 308
380 444
9 490
184 404
368 394
301 394
88 179
129 176
357 476
117 173
65 489
85 131
115 148
286 440
448 489
236 374
75 389
86 408
298 482
69 349
141 155
175 326
179 440
218 416
360 434
203 266
136 174
100 230
6 126
124 142
114 148
45 152
220 251
45 270
180 214
43 425
57 247
236 460
10 449
196 262
13 341
220 402
78 333
105 174
124 393
316 443
268 354
194 202
134 278
47 289
168 434
358 457
35 351
82 436
296 344
220 371
116 314
305 315
128 194
41 397
213 318
125 431
155 480
205 317
130 239
74 89
347 475
319 428
333 397
262 329
209 217
356 489
350 407
116 199
312 324
76 452
66 266
135 316
104 374
17 95
62 132
138 196
124 362
89 295
17 435
70 164
266 402
289 387
254 321
47 391
35 165
174 418
213 307
138 228
106 208
62 89
395 439
61 196
171 273
321 350
100 227
365 399
139 293
142 326
5 403
15 98
134 377
70 367
139 452
253 262
133 433
58 275
418 451
195 359
124 348
68 305
44 374
275 359
17 168
127 449
113 365
107 212
85 94
57 309
340 444
61 154
7 401
143 219
235 436
464 483
36 277
367 416
17 23
133 397
51 167
260 274
30 138
133 302
244 258
113 469
222 312
261 449
18 205
2 116
13 338
48 291
1 36
320 454
281 343
291 335
72 444
33 200
52 326
374 405
50 125
167 287
254 327
48 49
156 166
249 457
83 225
32 178
207 387
406 479
100 352
21 483
36 488
40 258
85 91
266 456
121 222
316 345
424 491
36 340
436 471
114 219
209 345
180 189
77 347
159 424
205 422
139 444
312 379
314 320
176 300
20 343
112 493
123 254
483 499
42 48
257 260
34 342
158 472
155 477
458 461
279 333
262 421
11 238
126 442
26 221
110 209
7 467
147 470
298 497
41 378
159 388
118 221
223 337
148 412
304 460
90 482
127 342
335 496
316 332
333 381
137 325
167 214
297 468
424 437
350 366
386 479
166 465
373 466
252 335
84 147
178 460
87 158
93 497
392 416
225 259
221 294
92 180
295 367
158 234
206 209
268 308
225 231
25 33
144 476
325 390
260 288
297 441
117 151
38 451
147 484
24 404
117 462
131 234
143 264
54 229
265 394
363 482
7 379
180 361
166 427
414 493
305 481
330 416
365 418
133 376
67 410
284 449
35 473
127 482
245 342
423 479
280 296
11 248
169 404
0 395
74 157
109 434
70 170
63 162
5 430
57 355
402 493
176 417
95 297
57 471
289 404
191 239
43 255
5 471
69 300
198 444
106 336
15 413
47 55
39 347
19 29
153 167
62 478
19 243
54 434
61 226
14 369
35 379
61 79
174 310
150 424
74 188
142 260
194 367
337 450
62 446
74 438
356 369
275 445
45 290
70 172
100 108
150 325
9 422
469 482
185 335
63 227
166 236
33 321
150 461
81 493
155 314
190 320
205 241
323 389
47 146
197 350
111 466
340 343
227 394
5 455
9 215
63 201
53 176
89 239
43 384
220 463
106 322
63 411
15 22
9 12
19 163
134 272
32 331
331 422
237 331
319 331
295 396
67 313
185 313
307 426
171 426
246 426
429 450
224 375
224 229
224 357
224 338
250 373
250 375
339 432
213 339
339 347
418 486
340 486
122 150
59 397
88 292
292 346
292 432
236 447
321 485
142 364
196 459
181 345
181 402
221 474
125 474
232 436
155 232
227 256
256 379
256 471
149 479
67 149
148 149
177 289
86 240
177 422
177 314
69 240
240 308
250 396
345 398
398 428
398 494
195 398
48 311
106 311
140 275
43 140
222 299
11 299
117 299
276 497
276 295
225 276
85 276
15 370
13 370
214 306
95 306
86 97
11 97
3 395
3 483
328 489
212 328
37 158
37 305
73 171
60 440
45 60
80 476
19 80
56 434
73 134
73 335
56 389
80 337
60 147
122 429
250 271
400 447
59 64
64 364
400 459
271 485
