7.104172
45
20
51685
170105
23 42
37 49
2 5
7 96
18 47
67 116
6 17
29 118
37 91
20 47
23 108
64 69
56 100
44 116
21 99
11 108
46 51
112 115
109 111
80 104
2 8
44 65
65 70
82 84
101 118
13 65
20 84
27 84
8 70
8 42
64 113
8 53
16 115
7 14
52 60
6 114
7 12
73 74
43 109
5 99
62 109
1 113
1 81
37 87
50 104
66 108
34 79
108 117
102 114
52 79
60 104
73 113
76 113
1 83
15 118
59 99
75 108
48 65
1 48
55 75
28 55
77 84
0 104
0 8
77 109
84 103
10 56
10 53
4 10
10 57
28 94
94 103
31 45
45 84
36 41
41 90
22 41
41 66
62 71
58 72
58 87
58 97
58 74
26 54
26 97
19 51
19 54
82 89
89 92
89 95
72 106
93 116
17 119
92 119
21 61
32 106
63 65
16 63
24 57
3 87
3 105
40 115
33 40
86 110
68 90
46 110
25 112
4 38
85 113
47 107
107 118
7 9
9 118
78 98
47 78
35 88
31 35
30 39
30 116
