88.816667
1
98
3
347867
53 186
47 282
26 248
48 213
48 276
49 247
50 136
51 236
7 82
53 113
55 312
56 282
48 190
28 30
30 326
31 157
32 150
45 209
8 170
10 178
4 53
5 214
6 117
6 152
6 190
6 207
15 266
33 281
9 151
4 35
41 346
42 52
42 92
98 237
43 48
33 189
208 322
199 202
199 347
200 309
201 323
116 322
203 255
205 209
39 260
197 328
209 266
211 298
212 232
212 287
213 299
201 339
161 313
196 269
39 265
33 320
34 112
40 264
37 67
37 180
37 198
38 294
208 279
3 287
40 52
40 215
40 240
36 154
190 254
193 254
196 203
3 147
71 147
78 247
78 266
76 170
76 85
75 302
73 265
80 238
58 336
76 321
70 294
69 293
98 233
66 232
65 260
82 194
82 262
77 238
61 313
86 208
87 259
63 84
98 177
62 306
97 249
96 214
88 236
64 139
89 236
95 285
90 254
93 259
59 302
91 151
57 321
82 322
26 229
19 139
20 341
21 259
22 214
24 336
25 274
26 135
85 192
42 263
18 102
1 27
1 94
1 108
1 290
2 240
3 98
17 137
68 147
63 309
83 322
84 119
84 261
85 133
85 174
63 178
26 173
142 199
11 62
12 121
13 137
14 62
14 108
16 143
72 84
143 337
150 301
115 265
0 30
107 126
109 203
110 298
111 226
112 169
112 269
126 188
103 287
116 210
116 273
106 285
146 267
147 217
148 247
149 199
127 179
123 296
124 154
124 214
124 304
125 161
125 225
125 250
125 332
114 150
151 308
99 103
99 293
100 260
101 105
101 251
101 342
102 179
136 228
137 226
129 266
130 208
130 264
131 346
132 312
136 168
144 346
158 184
128 304
137 335
139 248
139 297
140 226
141 195
141 268
136 286
102 230
158 246
153 339
154 206
154 270
126 243
157 191
157 290
157 303
123 330
163 216
158 249
160 204
160 283
160 290
160 305
156 264
127 143
316 319
290 302
185 339
170 220
267 328
267 331
267 342
275 287
285 299
168 274
183 319
292 293
294 345
216 238
309 327
310 321
311 319
312 349
46 76
238 248
187 201
162 287
164 178
165 266
165 339
166 274
168 236
123 159
161 203
170 244
171 338
171 346
172 338
176 313
178 329
181 338
260 272
221 264
116 334
242 309
245 321
247 253
254 317
256 341
259 347
241 265
123 282
328 333
118 208
120 141
121 252
121 340
122 209
122 239
239 298
288 302
242 295
318 333
328 348
336 347
304 318
218 341
219 336
182 201
226 344
231 304
232 314
234 313
235 282
267 291
222 274
54 248
54 168
126 134
54 131
134 143
134 340
54 347
145 247
145 219
40 145
134 158
163 307
62 300
137 289
39 307
201 257
102 325
285 325
63 277
121 289
226 300
227 307
298 325
30 257
37 289
33 300
124 277
3 271
76 280
232 278
29 290
190 284
46 224
224 295
223 267
157 223
278 319
266 278
74 224
53 79
79 141
79 338
39 104
104 161
44 97
101 315
44 138
42 81
81 151
258 312
258 328
315 341
60 346
60 282
60 294
23 293
23 150
134 175
145 324
167 271
284 343
155 167
