27.566667
1
42
0
26439
48 171
72 151
71 122
68 106
67 106
64 128
58 176
58 75
58 66
55 152
54 57
53 77
52 172
50 152
49 144
76 116
48 97
47 54
45 81
41 121
40 128
37 79
34 145
32 170
29 73
29 69
28 141
28 105
28 65
28 63
100 163
170 175
152 167
151 157
149 172
131 135
129 161
127 147
126 162
124 135
109 124
108 170
107 163
106 158
105 142
1 11
99 172
98 163
96 162
94 124
92 165
90 128
81 178
81 156
80 174
80 140
80 103
78 105
0 41
4 114
4 143
4 179
5 82
5 154
5 159
7 54
7 118
8 37
10 41
13 93
14 162
17 151
18 161
1 101
1 85
22 71
24 37
25 127
26 105
27 54
59 111
81 155
81 120
9 146
9 164
80 83
11 102
76 119
117 177
118 119
74 132
71 164
120 124
70 117
12 71
13 43
64 104
33 61
123 166
60 172
60 162
59 150
93 138
165 173
104 170
104 106
4 84
28 89
5 160
6 30
6 35
95 152
95 106
6 77
28 166
91 138
23 173
112 130
88 156
112 169
87 133
87 104
86 119
86 88
84 92
136 153
132 138
19 36
44 175
44 123
44 113
133 144
43 177
43 115
42 161
42 158
134 146
41 125
58 83
39 111
139 163
37 150
142 148
37 38
145 153
148 174
36 53
35 56
1 125
34 84
33 128
46 170
29 95
14 168
56 161
4 46
125 127
4 38
15 134
3 16
51 116
51 110
2 84
2 31
46 151
49 51
16 70
48 166
31 169
48 160
31 127
12 43
117 153
125 137
139 168
138 139
21 60
20 27
21 62
