4.545430
19
17
226005
656763
44 69
41 48
37 69
42 69
9 47
7 105
12 94
20 74
3 88
56 89
38 63
73 107
9 40
46 89
9 64
67 89
18 51
6 75
34 70
77 109
31 112
31 81
16 38
31 97
9 104
33 74
60 102
106 115
48 115
45 75
50 75
69 75
51 98
72 86
65 92
65 85
53 65
51 62
62 92
28 52
52 64
75 91
27 91
91 101
91 113
34 91
39 91
41 76
22 76
76 103
76 82
0 76
45 80
24 80
80 108
80 86
29 80
55 80
85 100
57 100
49 102
37 49
49 64
49 110
48 49
12 49
4 113
28 99
54 63
17 74
17 69
110 117
74 84
114 117
54 72
0 79
44 61
61 83
26 35
16 35
6 68
68 73
15 89
15 75
95 114
57 96
96 103
108 118
109 118
71 111
25 89
98 111
14 64
90 107
21 90
11 55
11 59
13 42
13 88
3 23
23 43
23 105
8 43
8 31
1 87
1 89
36 94
36 93
19 66
66 87
66 116
32 78
32 77
2 30
2 57
10 116
10 58
5 119
5 58
