18.202045
33
34
10
126451
2 58
114 139
21 62
41 116
30 57
18 32
13 129
58 128
58 72
39 58
29 117
18 143
50 143
111 143
105 157
41 105
44 105
74 112
27 74
0 74
74 138
64 171
38 64
64 168
64 82
97 103
42 103
103 129
126 144
46 144
35 144
92 102
56 92
5 92
163 166
91 166
164 166
90 121
121 174
121 148
121 145
10 58
10 78
10 84
24 115
110 115
115 122
94 169
12 94
65 94
38 133
133 170
1 133
99 177
99 139
22 99
124 152
6 124
9 124
76 107
91 107
51 107
96 155
96 150
96 174
103 124
124 144
20 118
20 67
20 54
68 77
8 178
106 109
73 106
106 176
115 124
154 173
52 63
29 158
17 158
141 173
136 173
119 169
126 179
167 179
49 120
32 120
36 120
74 178
61 149
61 146
61 86
0 70
70 132
70 152
21 88
6 88
88 172
87 88
26 93
26 58
14 85
85 101
25 26
26 30
23 136
23 155
69 142
69 167
69 176
69 148
23 135
23 117
11 127
11 53
45 151
116 151
151 156
25 134
24 134
89 98
47 98
58 81
3 51
83 114
60 131
9 83
34 60
10 77
3 64
16 74
66 87
40 66
105 160
79 103
85 92
130 140
162 175
68 130
77 133
123 143
19 43
19 62
37 52
37 39
59 166
101 153
5 113
81 94
92 123
108 124
54 159
58 159
15 45
57 125
31 49
125 161
48 135
55 143
4 53
71 89
71 105
4 64
95 141
95 131
80 96
61 179
63 104
20 75
119 151
63 100
85 147
134 147
33 104
124 165
28 179
120 137
7 108
28 162
