23.133333
1
26
405
1754796
14 38
80 93
32 52
7 90
49 69
53 69
38 74
74 85
78 79
52 95
4 48
28 40
39 90
37 44
20 65
75 83
23 44
52 56
1 65
46 63
17 61
0 66
11 31
31 41
16 86
15 25
25 43
25 48
25 44
93 99
44 85
47 99
36 94
0 69
38 99
22 36
79 91
40 51
15 39
1 16
46 59
40 80
19 47
11 88
34 43
21 97
11 24
72 94
17 80
0 90
35 38
30 94
54 79
4 78
50 90
43 73
58 86
22 57
48 64
77 79
0 95
50 92
69 82
10 41
46 71
40 45
65 68
5 22
81 83
6 47
2 41
83 96
95 97
3 41
29 97
55 86
22 89
94 98
48 87
46 80
12 48
12 89
17 62
27 97
52 67
11 42
8 17
83 99
47 84
25 26
26 31
18 95
47 60
60 76
33 45
9 70
9 94
13 65
13 79
