40.917241
79247
81
3
152259
28 198
174 307
175 293
179 274
180 356
183 224
184 283
184 398
204 345
187 219
188 318
191 279
195 310
196 225
0 164
205 208
207 220
225 313
321 372
276 289
289 329
230 294
292 301
315 358
315 379
317 389
321 351
225 378
322 351
322 365
322 397
356 399
363 366
366 371
377 387
387 390
24 44
139 181
6 274
22 236
19 195
18 44
44 165
14 289
12 227
45 112
2 224
1 387
1 292
1 220
0 226
0 9
7 294
266 354
109 181
212 252
217 274
219 239
219 384
220 326
222 294
224 362
23 258
273 321
227 359
16 385
38 380
38 45
33 143
30 46
166 315
236 263
143 229
143 357
145 352
148 236
150 310
153 321
158 206
162 293
141 286
169 340
172 345
81 121
45 290
46 186
48 121
49 266
52 317
125 182
211 227
110 252
115 292
116 352
119 246
121 199
122 141
123 258
143 252
126 220
129 292
131 340
134 285
136 366
106 345
140 317
235 340
62 285
91 257
94 141
95 236
100 225
103 232
291 302
232 299
264 387
174 242
246 388
250 356
254 266
256 352
258 343
73 233
266 320
72 232
185 242
91 219
64 345
65 310
69 184
73 156
73 218
56 295
174 234
82 285
83 294
84 244
84 248
84 272
86 181
90 266
225 287
133 287
33 68
280 345
54 261
54 141
280 334
68 281
317 325
193 325
88 325
68 330
151 369
176 369
318 369
170 295
120 170
198 386
144 337
60 386
19 170
8 170
12 192
84 192
118 161
118 184
97 118
111 118
294 300
117 193
200 300
4 160
43 117
117 312
130 284
300 323
300 340
130 219
11 160
117 157
44 130
160 281
16 308
149 364
132 324
173 364
227 367
322 346
291 308
113 298
143 346
263 298
240 308
47 324
129 364
111 171
1 105
257 339
10 20
41 188
20 177
245 266
184 245
28 31
17 41
302 368
22 41
339 396
31 206
333 368
127 368
101 178
181 374
189 274
36 228
74 144
138 218
74 166
128 366
10 75
215 258
189 321
53 75
49 75
155 312
48 104
168 269
168 241
168 383
168 334
104 142
104 320
104 255
27 133
27 328
27 89
231 394
46 370
239 361
236 305
310 370
331 382
286 348
87 247
285 348
223 253
80 336
185 336
45 342
108 382
246 305
191 221
194 348
158 247
222 382
261 361
201 253
341 361
125 253
202 296
77 221
142 360
241 296
284 336
108 303
15 314
61 230
63 393
335 385
8 63
332 347
0 306
57 353
56 163
314 330
153 335
96 335
79 328
66 157
25 345
176 332
163 182
29 121
267 314
51 152
152 205
114 293
306 317
135 249
85 102
3 285
39 375
319 380
58 214
214 231
64 85
146 289
42 356
42 174
37 139
85 194
39 313
67 355
37 333
3 232
146 340
209 338
71 293
93 208
107 279
209 270
209 237
13 321
13 315
13 73
71 352
98 224
98 294
107 316
54 386
237 391
274 288
164 311
200 282
14 210
143 395
246 373
285 373
173 381
227 265
252 376
322 350
252 349
315 381
72 210
6 216
202 260
120 203
46 243
15 243
116 271
287 368
92 160
92 300
34 84
213 269
106 124
21 58
197 255
124 132
40 219
50 285
159 338
137 252
5 227
97 137
92 251
238 325
154 371
154 258
178 369
325 374
280 304
54 277
26 280
298 367
35 386
59 192
118 128
36 160
287 319
280 353
54 55
35 78
54 214
93 280
68 107
297 337
171 268
147 192
167 238
262 304
249 277
67 215
32 287
138 209
71 155
70 325
92 344
262 392
327 337
118 259
178 275
75 309
78 190
99 303
147 278
76 93
