9.853612
19539
35
18407
363554
61 165
115 148
90 104
41 196
23 112
26 170
40 196
171 199
96 97
73 171
85 157
3 75
135 145
80 113
34 105
21 172
104 165
98 151
21 92
15 126
23 114
118 181
116 181
62 183
6 155
105 153
105 193
91 176
61 177
81 142
83 147
21 198
6 195
167 169
128 171
105 124
41 42
125 133
35 179
150 183
59 85
29 104
46 131
131 144
131 171
71 181
113 160
138 160
110 160
59 159
71 134
59 199
99 161
79 161
51 163
51 174
44 49
40 49
29 59
29 161
6 45
97 126
6 136
50 104
26 177
74 75
45 171
21 117
117 148
62 117
118 144
157 178
54 177
54 183
117 138
100 178
39 178
36 160
19 160
60 180
14 134
109 150
28 96
31 135
74 111
145 171
111 126
95 113
18 101
12 31
5 118
134 180
89 109
24 109
17 96
9 181
103 159
115 176
15 172
75 87
23 32
23 185
64 118
33 75
41 121
108 134
86 118
77 142
24 143
21 149
142 172
0 56
38 116
38 76
76 164
16 132
13 16
16 174
79 130
94 109
98 168
4 161
27 161
84 181
27 169
11 49
146 168
11 37
117 158
49 158
141 163
95 123
123 173
66 198
82 193
82 87
25 82
56 82
162 164
16 66
162 168
65 89
65 192
58 107
58 96
153 190
179 190
0 48
67 137
177 187
105 191
166 183
18 166
46 127
23 70
13 102
55 126
131 137
29 88
143 197
130 139
47 131
47 114
5 175
176 194
53 194
71 120
120 133
56 156
68 72
35 68
43 161
80 129
22 172
19 52
32 57
8 127
129 186
78 107
151 182
37 122
152 188
54 152
20 167
20 83
51 93
93 189
2 147
2 119
1 53
1 140
10 125
10 63
7 69
7 181
30 69
30 184
106 154
106 161
