58.517787
49854
84
82
57286
6 286
79 100
222 331
380 383
85 226
53 92
263 362
72 136
167 387
140 373
96 126
72 269
329 342
200 255
132 209
239 369
120 381
343 386
303 373
137 355
108 255
87 225
4 161
47 311
263 282
106 140
113 128
4 299
86 122
81 371
176 397
350 386
73 258
236 311
252 339
4 328
269 278
73 349
135 383
133 355
168 327
183 230
135 343
220 233
211 317
87 392
84 271
87 363
264 301
234 283
90 311
196 345
175 366
280 374
69 320
339 396
27 270
277 339
122 309
58 276
73 179
222 388
329 387
234 286
125 206
11 145
342 359
44 359
353 389
122 131
58 110
2 182
264 393
159 385
17 233
170 215
139 248
45 267
174 226
154 332
196 238
69 287
66 330
264 327
134 211
146 175
378 382
5 246
125 310
48 100
170 198
146 158
246 399
56 128
326 330
126 232
13 230
119 179
248 312
100 122
35 383
187 230
292 355
191 332
207 211
128 164
72 347
99 385
142 323
65 382
125 242
325 332
291 298
52 112
114 295
9 46
163 231
3 179
110 387
37 45
57 255
315 353
311 359
2 171
374 382
76 247
247 355
248 360
24 53
0 385
104 397
38 271
94 203
181 231
296 361
70 327
271 285
76 305
92 180
203 245
146 340
381 394
36 302
11 288
196 227
111 337
63 371
173 226
56 146
270 372
202 226
140 240
16 115
197 336
352 353
69 204
45 219
18 245
58 322
46 294
25 100
16 327
241 246
108 235
52 153
222 284
92 367
286 319
2 390
4 334
15 165
83 330
77 386
264 281
61 371
75 323
4 256
179 297
76 121
15 313
42 397
124 233
111 364
286 308
69 178
111 370
17 72
24 283
76 107
213 323
293 359
126 366
49 313
52 221
12 387
69 148
210 283
46 148
94 313
80 344
19 384
114 151
36 151
151 268
165 321
321 376
272 395
195 272
185 279
115 272
162 185
159 185
95 341
138 346
88 346
89 274
11 289
218 289
317 351
298 304
167 243
211 243
109 283
274 346
143 277
162 314
275 314
314 381
101 247
29 205
149 205
205 395
7 381
55 327
304 341
253 260
116 260
4 260
23 188
188 324
188 388
62 188
160 251
239 251
251 295
31 123
30 149
123 389
14 117
169 375
375 392
286 379
42 307
231 307
307 371
307 312
128 307
52 141
169 357
357 383
311 357
125 357
344 375
316 326
79 316
273 313
12 273
273 356
255 273
358 386
255 365
375 384
155 264
59 266
249 328
93 249
102 353
316 384
259 385
241 259
205 243
105 275
105 173
97 105
105 336
151 155
64 290
270 290
20 231
4 20
58 71
71 246
46 333
333 385
78 100
78 92
91 218
91 369
39 91
93 129
129 338
95 129
129 172
87 166
197 237
237 306
127 230
127 263
127 359
126 127
103 157
103 280
29 103
103 266
122 184
2 184
2 43
46 300
45 300
150 248
156 260
1 251
1 51
245 335
170 335
170 217
217 324
257 359
274 365
26 296
26 256
89 212
212 278
102 346
34 290
130 271
223 368
130 233
223 356
82 214
31 82
34 129
73 194
72 194
22 179
177 244
177 235
177 247
73 254
254 261
8 186
8 19
52 74
74 111
32 88
32 132
2 147
147 189
265 379
265 318
68 140
68 226
41 112
7 14
118 192
188 208
233 348
339 348
150 192
54 332
4 54
50 323
28 33
67 204
28 209
67 229
144 196
50 146
98 224
98 302
60 303
60 201
351 398
10 199
10 377
21 152
21 62
354 377
262 358
228 262
59 391
40 216
250 259
40 228
105 141
190 318
190 193
188 354
144 216
