33.566672
8
74
211612
223068
294 319
38 265
283 309
251 263
188 328
60 116
1 208
208 228
189 222
103 199
57 82
74 122
38 260
82 225
60 230
144 241
40 93
5 108
210 293
31 321
206 268
60 105
70 155
46 128
271 326
149 289
113 291
58 165
74 106
68 208
9 72
128 298
33 88
215 218
15 300
92 326
9 87
13 64
84 302
49 91
44 234
34 90
14 294
261 325
70 317
222 280
49 153
74 170
36 98
9 342
73 208
129 270
129 336
64 326
113 241
202 347
113 211
108 203
19 20
19 311
184 266
9 64
105 179
56 248
234 237
237 307
137 224
90 137
23 72
88 259
80 137
108 259
199 229
23 40
70 229
137 311
259 347
162 259
248 257
84 255
38 248
113 175
127 276
175 245
175 332
110 127
127 258
248 333
244 248
19 101
101 250
127 162
162 248
6 173
175 255
181 204
92 297
46 95
92 232
88 253
166 268
185 329
19 239
25 204
89 199
48 287
16 18
121 288
173 175
170 256
31 181
201 263
60 181
173 237
6 178
256 287
35 256
126 323
91 256
1 178
164 256
127 175
175 229
255 289
255 262
255 268
21 292
264 298
191 294
120 182
219 234
288 335
74 314
115 218
227 326
15 313
70 303
63 203
26 58
45 283
51 283
22 293
111 204
112 234
48 347
157 186
124 345
27 115
40 224
225 245
69 184
35 290
198 219
144 281
275 289
234 331
107 263
20 312
144 249
27 219
274 295
50 295
98 110
116 133
151 158
157 267
53 130
158 174
130 338
130 185
11 66
10 31
293 308
74 338
252 298
46 187
102 325
38 279
70 327
234 269
16 288
109 226
84 231
40 286
247 305
40 278
156 226
94 105
223 288
45 246
129 296
108 315
153 344
157 284
31 240
200 222
19 322
49 272
174 283
25 203
158 300
116 278
41 347
245 301
66 326
116 320
49 196
216 303
88 213
129 174
148 191
92 197
58 148
60 146
88 139
32 171
62 219
143 335
84 141
158 337
183 298
150 325
157 174
182 245
199 282
258 325
263 333
113 140
47 204
46 96
163 305
61 303
117 246
99 117
61 171
28 304
167 181
4 181
167 205
295 304
135 167
207 248
217 255
127 134
101 242
131 329
152 159
258 334
159 265
235 334
242 305
179 277
159 184
77 131
167 304
42 201
32 78
78 313
180 219
65 259
212 283
132 228
132 154
38 340
288 340
273 343
229 273
37 117
29 268
29 119
28 76
194 297
295 330
58 330
168 194
194 328
290 349
17 349
161 349
43 268
43 348
43 280
30 162
44 85
83 85
193 238
143 233
237 238
36 81
173 236
160 343
176 253
0 8
8 112
101 145
55 81
144 243
190 254
84 190
114 327
123 154
214 252
202 214
136 277
3 222
71 94
67 161
67 323
21 67
24 244
24 226
118 289
118 220
104 226
104 299
221 298
86 324
122 324
324 345
324 346
0 318
100 142
56 100
86 147
147 172
7 254
7 169
39 316
39 42
54 183
54 306
59 293
59 333
2 316
2 79
138 163
138 192
75 161
285 310
75 195
105 285
101 125
125 341
12 229
12 177
52 97
52 120
209 339
209 223
