32.090077
179
44
1871
134659
87 189
103 161
91 115
87 145
75 100
32 149
51 140
47 124
108 194
19 116
17 42
168 179
87 193
143 172
78 126
104 155
10 64
117 166
23 44
71 169
71 90
28 194
68 87
83 177
68 81
20 108
49 132
61 124
2 138
73 109
148 151
41 182
153 171
164 172
95 132
9 95
2 112
38 43
32 134
159 168
94 165
6 128
128 188
9 128
156 163
16 108
75 183
21 152
163 188
44 167
80 155
2 88
166 197
64 195
79 120
122 169
89 192
83 196
4 33
85 132
89 190
35 44
98 140
50 142
60 141
39 116
79 171
52 68
99 116
11 122
96 152
83 110
65 155
93 102
50 114
94 101
59 78
4 37
84 146
8 43
103 172
115 198
64 173
78 133
148 152
75 94
97 122
168 185
107 142
43 114
34 178
74 120
84 176
34 160
141 147
57 171
56 120
76 141
71 199
161 171
46 94
24 115
42 140
53 68
40 86
142 175
158 193
167 186
166 187
182 186
71 102
32 191
109 159
84 127
152 154
45 182
1 89
0 54
54 118
30 70
70 184
26 115
73 170
108 170
127 170
77 137
123 143
36 170
36 77
15 155
15 43
15 141
15 84
69 72
17 72
72 83
72 136
72 93
181 186
152 181
47 181
64 181
5 181
22 45
22 75
135 151
48 135
135 136
70 123
63 197
34 63
162 180
43 162
96 162
25 158
25 40
7 25
27 65
27 184
67 182
62 67
94 130
130 166
71 174
128 174
87 121
34 121
105 172
68 131
28 31
31 113
15 26
83 119
119 139
4 13
13 82
10 13
58 92
58 139
12 32
4 12
78 111
111 155
78 157
14 18
5 150
14 156
116 150
120 125
2 125
55 118
55 144
54 157
66 129
66 82
3 92
3 29
106 155
89 106
