3.021933
34
18
256359
621976
94 116
20 62
92 108
20 56
32 70
104 108
82 86
86 105
19 119
37 59
59 96
54 56
109 115
60 109
55 115
12 99
4 76
4 54
4 32
4 55
73 83
83 101
10 83
63 83
15 114
100 114
69 114
13 117
64 117
26 86
35 36
37 63
23 108
62 63
37 61
69 102
7 10
89 119
43 62
1 108
28 99
93 119
14 37
80 86
23 43
42 95
56 113
5 116
74 116
74 83
78 106
2 68
62 78
68 87
52 76
64 72
7 72
111 119
8 72
72 114
4 111
65 111
12 50
50 77
70 79
3 95
3 108
44 117
45 65
22 117
0 22
38 119
33 117
53 94
55 91
62 118
28 118
52 103
40 79
39 92
39 87
91 98
107 113
11 109
17 114
88 119
6 44
9 45
57 66
57 77
48 49
48 60
4 85
85 110
75 96
36 75
38 46
24 45
31 66
13 29
29 71
81 119
81 112
21 35
21 27
16 39
84 116
84 86
15 34
34 58
18 71
30 102
41 109
51 67
51 98
25 108
25 97
47 90
47 67
