48.292564
65
91
45
45480
202 419
220 255
87 440
150 273
147 436
202 238
74 366
286 397
125 318
139 383
57 122
180 202
229 380
17 353
62 381
81 104
62 181
113 343
10 101
16 62
172 210
104 305
324 339
64 125
153 171
83 152
119 171
79 146
72 262
226 430
117 396
78 100
48 118
13 172
110 390
339 355
73 275
258 268
17 66
46 167
246 421
171 290
179 224
336 447
159 173
212 418
221 405
80 173
139 376
218 275
226 384
299 372
326 413
269 273
226 255
275 415
122 312
117 134
123 447
367 416
50 416
251 416
182 416
48 424
141 214
98 358
14 158
8 156
69 275
67 148
71 214
17 330
53 265
202 341
67 240
133 440
82 111
74 335
113 151
205 447
117 435
65 413
51 79
46 261
113 300
10 208
7 157
69 166
224 302
98 164
2 418
143 313
69 132
322 390
3 79
172 235
65 368
274 426
155 193
92 367
102 106
156 332
22 143
20 215
265 429
131 406
29 367
76 139
30 172
309 390
157 388
238 293
4 131
293 394
169 339
97 120
284 418
327 372
385 442
142 442
372 382
158 427
69 102
88 143
120 121
193 321
268 441
124 274
78 264
54 414
224 248
46 271
109 443
46 361
98 257
171 237
294 440
157 199
215 409
274 401
90 436
171 248
70 131
40 273
172 360
279 296
83 414
74 285
400 414
62 162
156 344
215 423
48 347
198 265
206 367
158 234
158 348
78 128
61 104
369 443
24 293
22 158
169 357
114 193
127 229
26 443
172 364
10 403
181 404
368 404
259 404
23 408
40 408
426 449
23 393
251 393
297 393
331 363
182 363
5 340
340 377
28 433
35 375
288 375
75 317
155 281
379 439
365 420
159 420
420 448
18 410
136 200
200 217
94 200
183 362
210 362
47 82
30 47
177 184
44 184
103 184
1 283
211 216
212 216
56 314
63 354
131 354
1 354
354 408
246 398
86 398
243 371
75 371
7 333
188 378
79 378
170 244
244 296
109 434
140 253
72 140
283 433
99 407
19 407
213 323
316 389
407 449
139 223
46 349
89 436
55 115
106 115
115 227
33 227
131 337
165 337
98 315
5 352
172 352
26 68
68 228
190 202
51 154
154 383
10 292
157 338
314 362
56 145
19 145
398 410
226 241
48 241
241 299
241 268
202 241
43 213
352 393
34 129
129 391
201 362
33 363
202 298
298 405
242 336
221 242
4 242
242 370
12 273
111 272
272 282
272 290
184 325
186 339
245 436
11 329
162 329
45 274
194 214
48 276
219 447
194 404
107 177
222 350
350 397
206 231
231 374
231 348
156 373
224 373
204 265
69 204
175 229
203 393
25 339
25 416
171 239
62 239
309 438
62 438
77 439
144 301
138 144
263 390
135 263
36 156
319 442
191 306
46 356
139 356
249 279
85 249
84 123
44 84
84 122
195 230
32 268
333 371
129 317
116 196
116 152
80 116
95 125
95 413
333 378
176 282
176 243
175 363
157 192
371 434
122 137
0 135
0 445
125 386
386 444
149 360
149 437
27 412
27 391
15 446
15 271
21 151
236 241
37 310
37 379
18 37
105 422
160 334
160 358
34 252
252 417
252 289
308 345
308 328
38 443
59 288
59 143
325 411
161 216
236 245
12 247
41 62
77 201
115 320
193 277
216 292
319 375
144 281
126 217
126 418
303 418
303 442
42 94
42 98
338 422
78 91
91 113
92 266
120 197
100 197
197 211
52 365
52 122
280 434
140 280
67 207
58 387
256 431
256 291
89 187
187 359
277 363
260 334
74 185
214 232
232 345
93 209
93 273
178 342
178 421
49 163
60 220
31 346
60 233
96 432
96 357
108 117
39 286
39 130
31 267
9 58
17 174
98 174
9 105
189 417
189 428
189 316
120 168
168 440
6 228
6 307
17 270
104 395
67 395
215 287
287 414
399 402
337 399
329 392
329 425
45 351
145 278
43 68
244 356
112 311
190 350
107 254
311 402
295 356
207 314
125 225
225 291
241 304
250 297
250 267
195 276
108 407
49 389
266 306
185 304
