23.616667
1
35
12892
585075
38 74
9 115
99 116
38 60
37 141
78 135
10 86
30 59
1 6
29 77
59 96
3 128
11 44
0 122
36 132
71 127
89 153
31 143
4 147
85 146
78 85
73 145
13 78
26 58
24 155
6 113
68 84
88 109
21 123
70 138
101 145
22 105
42 44
10 96
16 86
78 147
133 155
6 114
48 123
42 118
98 126
123 154
10 50
100 101
112 144
5 108
103 133
20 127
140 144
49 140
51 140
11 47
62 88
95 126
83 88
91 106
11 106
89 149
10 22
16 94
130 154
56 128
81 144
97 144
126 138
55 146
79 141
57 93
22 137
42 111
8 89
2 56
84 149
4 126
41 146
15 20
130 144
5 12
9 109
9 98
81 143
46 119
11 61
46 122
30 121
53 155
76 78
148 155
34 88
12 29
35 38
15 58
42 90
28 38
127 147
5 69
68 102
27 58
39 93
64 143
77 101
16 110
30 136
44 66
58 154
123 129
6 149
65 128
9 158
24 30
141 150
16 36
17 127
14 89
68 92
10 82
86 123
22 125
88 156
51 101
33 86
25 148
33 44
25 128
23 107
2 23
131 140
122 131
7 49
7 149
32 140
72 157
119 157
68 120
13 19
1 104
104 159
75 143
38 75
124 152
66 124
139 151
139 159
54 139
40 156
40 63
45 134
45 99
35 45
87 107
87 93
43 103
43 141
80 91
18 122
18 52
80 117
67 116
67 142
