85.695278
92
118
24
46623
129 462
140 400
135 147
258 296
387 444
146 358
28 135
41 110
325 466
12 110
42 444
121 483
391 413
65 405
356 458
62 228
6 239
229 274
78 346
119 193
4 194
182 479
316 465
66 407
60 110
147 359
52 223
43 359
75 291
40 299
445 474
200 444
446 477
332 362
360 465
203 400
309 420
220 479
219 422
222 318
193 405
136 476
136 208
349 445
87 260
27 135
452 466
299 482
58 407
299 479
136 180
73 81
286 405
260 383
260 303
81 491
260 392
209 480
102 209
154 155
155 211
336 368
402 420
163 253
18 163
277 394
348 472
126 471
348 407
280 381
305 388
351 491
289 307
281 493
308 391
258 299
397 465
35 391
183 223
223 234
32 114
114 283
54 81
394 421
334 367
136 449
98 362
91 372
71 291
282 393
61 291
36 486
294 456
182 342
278 372
63 174
236 356
280 356
64 358
36 309
21 36
4 36
56 493
365 487
125 366
63 493
395 400
262 266
145 311
79 445
149 460
391 398
290 473
368 485
198 368
265 290
37 420
166 290
217 463
245 394
67 460
126 434
164 419
128 367
39 192
187 479
15 235
340 362
400 441
106 419
323 372
157 466
379 393
358 460
350 367
108 235
362 463
235 408
274 330
306 320
330 357
257 330
218 306
117 358
71 443
109 246
436 495
74 419
333 477
310 397
261 345
87 345
110 156
24 359
338 365
366 381
49 365
170 179
76 179
345 418
179 206
120 366
145 403
305 306
0 145
371 434
100 436
169 460
432 434
347 479
20 499
20 297
20 227
68 144
68 202
68 77
68 459
176 422
90 176
176 213
201 427
201 355
23 201
10 353
152 423
82 252
6 152
10 229
7 10
62 82
82 417
152 197
396 496
204 254
46 494
46 140
238 317
375 396
46 313
271 378
271 406
396 404
14 45
317 497
317 490
14 264
204 231
92 271
14 188
16 204
243 298
243 451
314 380
314 409
314 346
47 294
47 461
47 315
113 483
113 453
113 324
153 296
153 161
153 484
22 376
22 210
22 187
382 414
178 414
307 414
202 414
131 289
131 467
131 196
364 412
364 401
455 464
408 464
399 464
382 464
276 424
276 471
276 447
141 143
141 438
141 344
109 386
123 386
85 386
121 343
186 498
78 498
194 259
129 343
31 259
240 498
293 343
34 352
86 133
30 285
29 329
86 354
69 83
30 442
29 450
112 160
86 373
30 385
112 428
69 339
105 321
69 158
112 326
132 268
34 319
29 167
34 322
105 284
105 165
132 454
132 304
86 463
337 374
246 374
230 256
192 256
433 437
212 437
104 437
44 263
189 263
263 300
94 205
205 415
205 247
95 205
136 205
275 443
44 275
181 275
199 370
93 199
99 199
79 199
199 266
123 426
367 426
249 365
1 138
138 345
420 429
429 466
228 475
50 475
475 488
358 475
475 476
215 341
341 351
119 341
3 369
369 415
369 479
222 369
188 369
242 489
60 242
361 438
300 328
115 255
99 440
212 440
89 463
198 269
331 435
122 456
1 122
38 122
355 469
132 221
112 221
130 214
111 405
82 137
39 57
57 195
57 444
20 288
173 400
173 186
159 306
159 368
55 420
55 489
335 455
232 384
312 384
384 463
384 403
384 472
175 262
175 488
88 175
267 479
248 372
248 387
225 493
225 232
173 176
209 481
272 481
337 481
116 444
152 335
111 396
53 117
135 273
155 430
251 430
390 478
95 287
114 287
136 457
110 457
356 389
350 389
47 288
225 314
124 368
209 270
270 358
131 468
227 492
135 492
138 276
113 335
53 243
14 273
70 359
70 407
148 460
237 411
237 390
130 237
177 219
33 177
48 356
48 291
191 462
171 299
9 103
168 310
191 327
80 107
25 168
107 250
9 302
2 190
8 465
410 448
93 191
8 179
168 342
107 174
2 388
20 216
216 405
292 477
5 470
13 185
5 331
292 366
13 115
13 139
292 394
5 142
11 223
11 434
224 393
155 224
150 436
150 445
163 226
364 435
101 260
101 391
59 330
59 466
96 251
96 217
114 233
233 419
290 295
235 295
114 301
49 416
97 104
51 223
184 185
241 394
416 470
244 477
80 184
118 439
118 239
148 317
10 151
59 201
162 221
22 116
150 271
204 226
55 141
124 153
175 221
69 288
105 335
17 290
17 163
295 364
377 426
172 302
172 190
429 431
328 425
72 249
29 171
279 361
30 151
34 101
55 363
19 335
19 134
134 207
26 267
26 84
84 127
53 214
410 469
