8.999413
510930
28
332672
535737
51 106
25 124
32 89
122 130
5 68
74 147
36 144
26 27
15 102
119 159
62 102
41 155
110 155
77 78
35 97
138 155
31 156
37 48
2 61
38 145
102 149
72 144
84 117
0 29
49 98
0 20
34 77
117 143
15 158
69 93
1 69
69 127
56 69
69 85
21 32
97 151
21 127
22 80
65 80
48 158
98 158
91 158
24 155
70 158
80 131
116 145
73 124
94 105
25 152
101 115
76 87
76 144
118 151
87 154
23 106
60 144
65 113
115 145
123 129
56 110
0 128
77 83
37 134
58 146
57 119
25 142
61 141
72 97
32 45
106 141
114 149
9 106
77 125
0 140
96 98
90 154
65 136
119 150
83 147
61 86
20 156
10 145
109 154
28 65
5 39
86 102
32 108
39 143
10 134
68 156
39 122
0 86
19 61
127 136
4 39
21 156
1 33
106 120
42 156
99 106
18 155
27 64
7 147
53 99
59 64
42 77
120 135
13 64
51 64
64 75
44 125
14 106
14 126
52 112
52 87
145 157
124 157
8 32
11 154
11 147
104 118
104 105
26 67
119 121
32 111
67 129
6 144
100 130
80 139
54 75
30 100
33 121
131 137
107 137
92 146
21 92
79 90
79 133
50 86
86 148
25 63
63 66
103 133
12 103
3 73
22 46
46 47
39 55
81 126
71 127
71 153
88 103
40 49
16 101
16 82
95 132
95 112
17 123
17 43
