11.145454
62
22
70
191389
32 100
61 91
42 96
51 72
42 65
72 85
50 53
33 52
72 75
45 56
98 104
38 95
8 95
55 91
46 112
47 102
71 100
55 76
35 100
52 117
25 31
10 119
90 119
15 42
37 104
41 88
25 106
41 56
26 50
28 52
17 50
107 112
74 112
41 60
59 71
114 118
17 81
61 81
91 108
39 108
93 119
25 64
20 100
18 119
79 109
46 109
47 109
57 66
2 66
36 44
25 44
29 44
100 116
5 116
49 67
21 49
69 110
1 81
7 14
0 7
42 68
24 102
24 104
92 112
48 92
8 92
16 42
4 45
4 48
41 113
85 113
7 81
50 80
80 112
52 89
0 89
19 109
77 82
77 117
77 99
77 111
3 94
3 95
66 73
44 115
22 39
22 29
22 57
18 66
115 116
84 93
63 118
62 86
36 62
11 72
11 83
58 119
58 97
69 116
6 40
13 78
13 59
12 105
105 109
43 111
43 54
12 27
34 82
34 101
27 70
16 66
23 67
23 65
9 87
9 83
6 19
30 103
30 114
63 69
