75.395134
74324
82
658
83936
130 144
185 227
121 197
162 256
107 214
80 141
6 96
177 214
238 255
4 221
117 251
57 109
131 285
109 143
6 49
73 96
213 274
158 198
60 144
160 222
62 270
109 189
63 192
5 43
194 222
71 124
10 198
185 289
197 293
92 244
65 119
52 274
90 238
163 203
42 282
51 103
220 274
142 274
45 223
169 242
204 234
19 174
41 177
138 217
103 235
115 276
92 145
87 125
27 187
18 76
27 166
37 297
36 201
103 249
190 286
30 65
139 250
48 229
66 70
75 142
11 84
37 61
135 246
24 119
31 218
24 40
27 236
98 264
74 180
24 161
62 116
131 140
43 233
31 105
283 295
234 269
135 257
68 112
19 250
156 282
193 217
92 127
7 19
68 149
92 117
62 241
119 185
23 231
79 171
141 207
217 245
122 195
76 232
9 143
147 242
6 281
27 209
87 167
6 219
47 250
75 296
185 291
134 229
68 118
69 183
63 215
88 97
66 175
74 86
29 104
32 108
236 287
111 114
64 263
128 223
44 229
31 165
5 128
159 265
236 264
164 171
46 284
137 272
251 288
21 203
197 266
79 249
157 195
111 267
14 102
99 198
29 200
177 210
253 264
76 148
37 266
113 280
154 197
0 225
36 202
59 96
179 286
26 287
158 283
32 82
63 240
100 221
141 260
194 264
77 225
85 183
223 252
4 190
107 133
83 195
120 251
3 198
12 250
81 171
38 256
195 252
19 191
115 299
8 238
74 196
111 259
1 124
58 268
50 221
199 283
66 258
15 43
78 265
115 137
181 234
67 132
34 96
65 212
56 242
170 287
135 254
11 16
132 178
141 252
142 234
32 272
23 153
225 273
35 252
177 208
66 121
65 89
196 273
131 151
13 264
155 286
119 248
17 183
275 284
49 232
136 284
107 144
107 278
54 203
97 146
205 248
14 23
95 97
2 282
173 280
182 205
31 117
35 124
20 265
64 102
22 222
9 251
176 287
58 224
64 230
75 237
75 129
24 294
29 106
37 262
11 184
144 150
182 245
168 223
121 203
188 205
132 211
28 280
29 147
239 256
101 252
119 292
39 277
119 126
28 298
121 298
265 298
29 33
87 290
225 290
131 290
11 290
33 183
33 198
33 132
72 290
91 236
91 117
94 280
6 94
93 142
39 292
64 206
58 206
115 206
123 205
123 177
247 286
76 247
109 247
123 250
25 206
33 277
144 243
171 243
63 243
25 243
101 123
72 247
279 284
222 279
103 172
23 279
97 172
25 216
228 267
197 228
53 124
53 68
110 256
110 285
37 226
238 261
19 261
186 242
36 186
107 152
55 229
62 271
152 282
55 283
32 271
135 226
93 126
