12.480186
65
17
169
256675
63 92
79 89
92 98
54 82
39 88
25 30
55 89
76 78
37 56
67 86
24 40
26 36
5 65
35 74
43 74
30 44
1 67
54 94
4 67
38 51
24 70
6 27
53 92
17 27
47 76
39 91
68 76
59 72
57 72
27 29
51 84
15 37
30 59
8 24
9 54
23 66
38 73
38 80
36 99
7 27
16 92
39 96
30 77
42 43
41 89
2 52
5 43
14 72
54 76
29 36
50 98
48 50
19 50
22 23
2 22
46 97
31 97
56 83
83 97
32 75
12 77
33 65
33 52
43 61
61 92
62 64
39 64
10 50
12 87
28 93
28 84
19 28
18 20
10 87
0 24
0 93
3 46
3 47
11 72
11 39
72 95
76 95
21 88
18 83
49 66
49 60
45 62
45 85
38 58
36 58
54 71
69 85
67 71
69 90
21 32
34 81
34 35
13 39
13 89
