16.675565
49
46
43
78107
59 207
56 69
10 74
10 72
147 216
101 183
87 172
86 213
46 111
148 238
38 110
109 202
173 235
138 170
159 241
52 207
48 98
127 176
141 166
24 109
109 164
76 248
107 249
206 237
56 223
19 221
165 177
4 13
107 182
170 182
182 209
124 216
110 142
98 231
40 66
50 221
25 225
132 241
20 86
79 248
216 238
31 229
31 126
165 215
133 248
80 235
27 144
87 153
27 129
141 234
114 191
149 242
98 227
165 244
68 110
2 249
27 179
56 65
86 149
151 191
141 201
10 152
29 191
88 162
42 162
40 167
46 167
47 232
157 232
37 232
174 197
120 197
93 197
81 239
37 81
54 81
137 204
152 158
35 58
3 58
144 160
51 160
22 119
134 187
66 224
23 224
82 240
120 218
187 218
241 243
94 224
168 216
73 180
2 73
55 188
64 204
186 237
143 186
85 235
22 156
156 211
58 245
224 243
87 184
88 105
105 139
102 143
100 113
113 193
62 218
111 189
70 189
96 219
92 96
27 246
8 25
1 8
87 112
17 51
128 140
99 128
33 194
29 154
154 247
118 197
0 125
26 221
60 240
15 214
150 175
23 150
9 248
55 195
4 18
16 18
18 99
18 241
67 119
11 208
97 233
184 218
145 161
82 145
145 176
52 145
128 158
178 200
44 64
136 188
195 197
45 247
0 44
155 186
117 221
165 196
154 160
102 168
44 73
193 210
109 210
182 210
45 232
146 162
75 138
91 225
163 248
163 241
17 134
57 93
139 163
118 224
6 60
155 156
6 44
63 164
9 58
185 216
87 185
17 71
0 105
104 127
5 220
81 196
10 84
84 236
49 135
49 139
63 222
21 70
21 31
14 31
14 39
71 103
89 239
36 192
36 42
171 192
171 212
5 210
28 141
28 137
56 123
123 131
83 223
83 201
115 220
67 85
86 121
121 165
96 105
7 41
7 249
116 235
95 242
95 226
90 135
90 233
106 151
106 228
97 217
32 41
61 198
61 207
130 228
101 130
34 150
91 217
30 199
86 203
203 205
8 199
30 194
169 208
169 190
34 178
12 13
8 26
11 53
122 183
122 190
98 230
191 230
78 110
78 216
15 195
43 77
43 231
108 181
108 214
