21.851295
74
50
31
85678
16 47
25 102
184 247
126 198
137 238
128 231
87 149
47 204
172 201
168 173
17 90
133 191
13 15
29 36
213 239
78 146
115 165
16 190
90 117
12 206
75 154
36 160
81 230
32 209
173 209
204 209
115 116
110 218
75 174
161 217
102 230
15 81
143 242
10 247
5 247
96 121
36 39
62 242
102 119
171 237
136 248
96 98
165 177
46 90
84 126
97 193
162 218
68 152
57 152
2 238
1 191
150 222
96 113
35 94
129 238
94 140
90 227
146 228
12 123
20 152
18 97
44 171
95 248
74 242
9 122
215 222
92 213
16 118
97 200
27 191
38 213
15 144
166 238
23 165
54 146
120 234
93 234
29 50
111 222
217 234
73 171
201 221
22 221
37 221
48 223
78 223
9 194
180 194
48 205
168 205
86 205
111 179
176 179
109 214
132 214
22 104
53 170
87 139
116 139
240 241
37 243
93 148
114 148
178 181
181 229
108 181
24 187
157 187
32 127
5 127
126 127
108 203
134 203
16 65
33 213
132 175
24 138
49 100
179 243
50 196
137 196
196 197
41 219
16 220
17 31
31 36
26 31
51 126
12 195
26 207
45 153
2 153
53 151
85 90
139 203
43 96
43 82
43 147
149 169
169 211
209 232
68 232
14 96
70 141
90 244
63 184
6 163
6 126
6 145
6 82
94 249
83 98
52 238
72 88
72 133
185 218
96 156
107 183
8 122
100 138
207 241
60 218
106 141
106 147
61 106
135 176
106 224
135 186
135 192
182 205
11 233
36 101
101 165
31 175
76 236
76 231
76 150
66 125
131 172
124 131
131 159
130 167
130 161
56 245
56 216
142 221
21 191
21 211
43 170
34 180
104 169
3 222
3 163
94 164
145 164
164 246
91 94
34 223
11 194
107 214
148 232
4 90
51 195
148 208
55 247
55 75
125 196
212 238
187 208
210 225
210 234
79 155
155 183
7 80
7 49
189 213
189 234
60 139
0 227
171 226
0 69
152 226
89 97
89 248
19 188
19 41
12 58
58 216
67 94
15 67
28 192
28 158
112 245
112 248
42 233
42 199
59 128
59 99
30 242
30 102
40 142
71 153
156 219
151 202
105 153
77 105
103 207
64 235
64 83
