35.550000
1
44
746
585506
82 92
115 123
65 108
82 134
19 82
78 81
147 153
4 158
74 122
93 149
14 29
123 136
124 144
49 94
118 130
39 95
5 28
1 7
54 150
34 74
2 41
40 46
70 118
7 119
27 45
59 149
33 131
50 84
86 141
29 157
7 12
25 105
67 73
50 64
53 110
61 118
47 74
11 76
72 132
82 121
81 159
51 90
83 129
27 58
47 127
10 73
80 113
45 138
24 148
49 152
8 37
37 150
37 69
37 152
29 107
96 142
31 113
99 129
54 154
50 149
137 153
25 126
104 108
81 88
39 46
6 110
72 102
2 11
11 109
38 40
51 100
56 112
90 153
47 117
123 155
56 104
138 149
52 79
85 108
129 140
0 39
5 114
116 125
78 123
60 94
40 97
81 119
42 52
51 89
90 155
72 158
23 156
30 40
4 113
71 149
108 123
32 124
26 153
5 58
73 111
33 47
39 92
9 35
135 148
43 51
16 54
36 112
34 98
69 144
25 44
86 97
29 155
54 62
5 92
13 23
128 158
34 142
9 125
64 155
34 75
86 91
45 68
112 131
40 57
23 35
20 52
41 122
66 122
11 150
50 146
124 145
129 138
7 63
3 122
45 120
23 119
86 101
103 125
133 148
92 139
48 139
21 48
15 74
52 77
72 77
77 118
77 101
55 94
73 87
138 151
87 94
96 106
106 143
18 20
18 110
17 148
17 124
22 125
22 25
