29.444858
73
60
41
65544
98 208
6 90
41 112
7 78
98 262
26 76
1 6
33 143
56 177
30 235
93 113
120 203
74 182
182 284
56 223
172 272
111 239
111 245
169 222
16 137
185 235
108 120
2 259
102 124
31 111
26 109
44 48
120 268
204 249
44 252
15 84
42 183
0 135
102 261
9 214
173 214
6 141
50 65
143 195
222 265
235 269
65 205
15 191
4 56
20 167
102 218
160 172
77 214
113 248
27 200
27 168
113 257
111 182
22 57
155 290
69 78
19 196
149 210
104 236
108 173
6 294
90 194
49 65
226 253
78 197
0 228
58 142
175 186
152 183
41 251
111 114
77 123
21 228
117 277
26 296
182 189
2 230
44 82
89 210
0 278
22 282
183 209
14 253
27 171
143 170
15 126
155 237
101 155
172 241
2 68
25 231
117 231
45 231
4 216
97 137
100 231
0 136
56 215
85 196
45 73
29 58
154 187
95 187
196 213
26 213
212 213
134 264
202 264
225 229
34 166
12 254
71 254
130 263
259 263
38 157
125 157
157 217
140 258
75 150
147 298
260 298
87 219
21 87
60 234
94 234
123 139
19 139
139 179
159 181
181 277
20 181
39 66
0 70
201 218
18 283
7 18
13 62
46 62
62 217
214 256
24 111
129 248
244 255
184 246
143 288
17 27
120 148
148 183
41 148
13 148
102 148
55 56
137 188
41 247
65 247
155 174
6 242
51 111
250 299
249 250
206 210
23 231
8 254
26 163
237 267
222 267
106 264
43 164
166 255
44 274
271 274
224 235
182 224
128 180
180 186
73 180
180 185
40 64
64 178
234 258
119 177
81 119
75 110
110 165
192 270
115 192
111 221
193 263
10 137
150 181
122 210
60 122
229 274
78 88
116 225
116 239
52 253
166 221
59 172
22 59
70 298
106 157
92 100
22 92
129 150
172 297
0 83
83 176
133 146
66 133
133 159
172 233
222 233
37 88
198 202
198 211
95 198
198 199
39 87
118 132
157 274
105 167
86 105
27 291
155 291
220 260
58 220
32 58
32 78
5 34
5 275
227 276
36 253
36 78
280 293
41 280
26 156
156 285
242 298
79 278
243 245
80 153
0 121
121 143
119 298
72 279
72 130
103 184
8 201
96 164
96 175
51 80
54 170
54 162
2 53
53 56
3 71
3 158
127 199
98 127
91 98
107 270
107 178
23 234
242 281
51 190
129 131
63 273
12 63
63 236
103 254
47 246
266 294
266 289
24 144
61 144
23 292
129 238
28 240
18 192
62 138
138 295
10 139
11 281
238 250
99 140
151 287
151 207
15 161
28 64
286 287
187 286
61 227
55 118
35 52
35 232
131 145
67 145
67 161
