86.816667
1
97
12725
352745
188 333
23 322
63 324
100 133
41 250
88 153
127 165
47 119
197 346
108 172
111 206
73 139
11 250
161 293
122 241
148 277
207 273
117 261
67 92
302 346
149 330
215 293
292 304
62 89
129 310
100 296
5 290
14 285
80 233
164 316
62 191
102 278
69 346
67 308
298 327
168 266
13 276
106 119
56 318
53 87
146 277
217 281
288 332
120 306
19 135
191 290
218 335
104 195
98 144
7 309
172 334
178 286
17 221
192 320
248 315
76 291
210 248
117 328
270 299
6 318
89 170
93 219
301 309
65 315
208 234
183 334
33 99
29 336
172 270
52 227
308 322
228 309
99 213
46 102
166 291
230 346
160 296
96 243
35 97
120 220
205 273
42 129
24 80
278 337
51 135
63 187
184 191
42 242
157 204
166 287
25 42
76 126
155 186
82 231
95 316
82 237
190 330
250 301
86 272
59 62
298 304
64 270
210 283
124 307
85 128
175 184
135 248
39 178
339 349
134 217
92 171
122 123
2 339
65 73
78 208
9 338
299 339
184 269
257 276
86 218
17 159
60 146
27 200
297 326
36 330
108 340
179 292
40 156
286 329
153 185
81 196
33 326
208 336
165 204
76 131
63 105
119 248
235 335
90 307
10 60
27 116
30 122
222 276
113 322
15 120
196 299
136 236
86 202
21 292
198 320
17 152
62 201
193 329
252 266
147 333
13 168
290 294
211 326
14 230
40 263
259 322
177 275
158 343
140 266
246 335
60 325
13 153
99 109
121 178
136 146
0 166
58 122
144 282
125 298
208 239
13 270
84 96
57 108
173 329
136 152
102 212
157 332
214 227
178 194
86 251
119 123
16 76
4 108
265 307
114 179
100 101
186 331
94 312
43 227
275 303
96 218
31 104
13 318
167 320
17 181
134 320
87 327
111 271
278 321
80 142
180 275
267 298
42 169
100 344
137 292
22 318
186 296
14 112
230 330
87 169
70 119
174 277
273 296
169 293
85 347
93 217
30 158
1 321
172 316
291 332
249 315
83 92
103 158
111 189
199 309
60 232
151 166
14 258
44 122
24 258
176 273
40 311
74 253
305 334
27 242
224 339
26 32
107 293
138 333
35 44
196 295
186 225
28 338
94 162
82 308
144 345
77 97
238 329
40 159
144 250
61 87
217 342
290 314
107 268
71 97
244 300
226 266
37 165
134 275
82 216
102 163
1 261
45 96
316 323
33 227
104 319
48 63
210 229
276 284
34 210
250 317
132 196
17 262
29 115
123 333
279 326
170 277
143 334
42 348
182 332
117 274
87 260
136 145
94 203
97 308
26 338
150 246
55 315
80 336
158 324
99 223
85 254
165 226
29 74
153 289
130 184
27 299
104 301
111 286
49 135
29 240
92 159
85 141
247 307
117 247
110 130
110 307
110 335
191 313
291 313
226 245
38 245
256 313
79 308
79 230
91 218
91 134
68 268
209 278
120 209
226 341
33 341
32 68
54 253
154 264
64 154
20 66
20 262
50 139
50 244
12 50
280 296
264 280
8 159
8 128
8 301
72 300
72 118
18 144
18 94
75 169
75 286
3 310
3 255
