20.833333
1
23
2858
1341762
21 82
12 77
32 60
75 95
28 53
68 93
10 44
54 82
4 50
49 70
37 66
48 72
36 77
1 8
74 77
0 11
19 71
7 76
72 99
25 52
46 91
10 34
6 22
76 89
69 94
66 98
66 83
54 66
33 70
11 96
10 39
20 46
43 64
56 68
47 75
75 88
9 11
29 35
81 98
8 61
64 73
6 16
83 88
40 50
26 28
77 78
29 92
13 32
10 80
70 85
50 63
67 71
8 57
32 92
34 95
23 35
55 80
76 80
30 94
72 86
93 97
35 71
6 56
52 84
67 90
2 75
17 94
1 48
27 52
8 11
11 26
35 84
41 64
10 69
11 88
45 71
52 65
42 93
88 93
82 87
35 79
62 76
28 31
5 46
5 94
46 78
51 71
51 72
38 90
15 38
3 88
3 18
6 24
24 50
14 18
59 80
59 70
58 64
58 77
