8.972945
27
39
10
96015
64 161
137 161
78 161
24 27
169 191
97 191
49 57
9 57
57 113
29 157
146 157
87 107
106 107
20 63
54 63
86 157
117 140
117 165
117 144
66 132
2 66
53 148
53 123
53 62
0 100
48 100
68 100
167 168
110 167
112 188
77 190
77 80
112 196
73 112
46 112
1 77
27 194
52 194
170 194
24 136
129 136
80 150
110 150
64 163
85 160
142 160
10 139
98 139
94 151
151 191
140 151
85 178
7 108
8 141
121 181
82 121
22 84
47 84
16 188
33 176
69 118
56 125
56 164
30 191
57 173
173 185
147 161
135 198
37 111
111 127
10 162
4 162
41 122
177 187
57 193
98 193
39 175
26 60
127 197
31 33
7 31
117 147
42 44
14 70
23 154
12 42
11 42
93 142
8 70
73 93
70 119
5 68
5 170
17 99
17 120
72 172
128 189
51 135
12 101
186 192
122 186
83 109
18 109
109 180
59 157
59 63
0 59
52 183
18 55
48 92
44 74
107 155
43 47
22 90
66 89
15 28
28 39
102 107
46 102
1 3
182 191
14 182
3 161
126 185
104 130
126 128
75 138
75 172
104 114
166 181
166 168
65 66
21 63
50 125
61 99
45 120
153 180
156 184
19 161
34 156
105 130
121 139
21 117
112 198
35 167
147 178
133 192
133 191
41 108
167 199
58 167
141 177
76 194
53 189
77 152
100 101
6 112
143 163
118 177
121 131
60 173
38 147
13 41
41 111
16 25
40 114
40 49
56 131
13 79
17 30
56 72
109 176
65 167
35 81
79 175
71 84
76 149
30 195
43 118
38 145
154 195
77 158
179 194
136 171
150 159
88 163
95 163
160 174
124 151
134 151
108 115
34 84
56 67
103 198
36 162
5 91
116 152
32 143
90 96
