34.728060
91
66
34
59130
76 136
85 245
299 340
63 299
245 280
156 291
104 244
178 267
46 281
2 184
57 238
152 301
20 232
245 311
2 186
2 121
162 299
71 314
94 214
232 343
72 158
5 24
257 269
16 77
209 314
136 315
104 142
120 188
41 120
48 189
86 104
134 280
28 136
82 274
143 313
133 317
6 40
45 264
40 229
94 293
83 109
116 120
69 82
117 349
1 137
223 313
215 232
228 295
163 324
245 314
175 296
35 313
120 141
256 260
135 175
24 256
144 324
29 41
175 329
293 337
218 280
30 232
293 310
4 336
241 280
140 330
31 206
23 206
246 314
117 197
231 342
119 335
81 83
83 319
233 278
22 226
78 341
56 313
32 117
146 238
77 133
3 280
77 191
152 206
92 133
157 295
213 289
148 257
240 252
133 166
130 339
48 292
48 233
48 298
242 280
10 77
314 333
119 203
130 275
256 277
82 344
136 166
58 330
130 306
89 278
151 257
180 245
278 303
226 290
80 248
80 214
122 262
80 338
122 129
122 145
226 272
283 330
297 327
210 327
78 326
102 326
271 326
73 234
216 234
192 234
270 285
4 285
187 285
285 299
59 239
101 288
16 221
149 240
111 149
167 251
17 65
46 65
65 334
64 267
70 255
43 202
47 64
50 255
202 341
125 304
99 304
14 299
165 236
187 236
241 273
1 273
284 346
230 346
40 249
102 249
73 249
107 124
124 204
101 183
183 305
59 183
181 235
96 235
142 268
273 327
0 112
62 312
111 172
123 170
20 123
61 123
239 251
80 106
106 256
41 106
97 293
54 313
42 47
238 265
35 265
68 118
18 245
28 207
158 171
154 171
171 178
171 213
41 276
107 276
201 278
5 131
131 316
131 323
131 169
79 283
81 217
173 347
110 133
115 334
115 314
119 153
26 266
266 314
128 237
128 311
39 297
39 100
39 175
66 332
66 210
133 196
77 132
3 309
33 61
52 324
182 237
309 340
150 218
91 271
194 197
113 328
170 328
77 328
106 288
321 324
53 70
199 295
168 175
168 184
104 161
77 227
263 330
2 263
255 346
51 77
51 83
13 238
34 156
34 126
34 289
254 264
8 254
108 232
2 108
84 96
75 177
82 88
167 224
224 243
114 206
114 256
40 286
279 308
130 222
222 330
236 320
247 302
154 247
99 300
280 282
122 282
55 216
176 256
74 287
36 345
176 190
74 133
93 176
36 308
74 112
176 212
36 231
15 313
15 243
15 83
225 226
48 225
37 223
37 259
136 164
164 257
67 347
67 165
67 250
161 326
183 249
95 306
172 320
239 253
88 234
172 235
12 291
12 301
18 147
42 155
18 304
97 220
195 205
72 195
90 117
90 226
211 217
149 321
19 93
19 119
87 175
87 295
60 325
21 139
44 325
138 322
127 318
60 100
11 348
105 342
44 219
11 45
138 230
105 193
9 26
9 49
115 255
201 273
98 175
27 284
27 258
159 207
200 312
103 217
304 307
25 38
185 261
198 235
106 174
159 279
75 268
79 200
38 261
110 185
171 331
7 118
118 227
294 328
160 307
179 286
208 300
160 254
127 153
13 21
