5.972859
99891
19
4422
155859
45 87
32 88
51 76
50 73
56 83
20 117
84 110
8 117
14 74
46 74
14 43
3 43
43 94
34 43
43 92
16 105
66 107
72 107
79 83
23 112
88 107
76 115
96 115
14 115
15 115
22 70
55 107
56 84
66 106
63 112
63 106
34 87
20 88
87 108
77 104
39 117
18 73
6 67
73 95
52 69
16 115
26 100
70 112
14 114
80 104
69 96
83 93
14 117
6 91
14 64
12 56
6 98
7 96
75 106
15 100
32 56
42 106
101 117
21 115
56 103
49 103
6 30
47 104
19 90
19 107
14 60
1 70
17 37
83 102
1 77
37 112
99 102
57 115
9 26
9 25
7 86
86 109
36 56
0 11
70 111
38 89
89 93
14 61
0 30
25 48
11 48
60 85
33 116
33 106
97 113
17 97
44 74
29 44
4 80
4 41
73 81
8 81
24 53
24 52
35 43
35 59
6 78
5 112
68 115
59 62
62 119
37 54
10 22
28 85
27 72
27 31
14 71
71 82
40 118
40 74
2 65
13 58
2 46
13 76
