33.261831
28
42
213955
453915
5 47
39 177
137 155
8 92
95 159
160 174
51 89
102 171
3 169
17 76
98 107
12 101
73 143
60 161
49 99
61 167
136 151
39 112
116 149
39 145
124 130
9 116
34 61
39 172
84 121
61 144
32 107
112 155
107 157
105 136
87 99
60 140
134 163
72 88
31 51
114 161
24 97
159 178
9 109
148 165
92 168
92 100
94 114
57 151
58 156
81 98
124 140
160 178
7 25
126 150
61 155
123 124
82 102
37 102
99 109
13 131
62 127
76 81
39 170
16 72
80 104
4 158
48 106
75 116
13 128
113 117
117 134
117 144
117 125
74 90
90 115
90 103
126 172
50 103
152 173
13 50
0 124
79 166
58 81
86 107
100 166
132 169
118 177
72 75
78 92
101 171
78 175
32 105
141 151
97 102
44 101
21 92
58 159
151 154
20 177
26 88
160 162
28 145
71 166
7 55
68 104
58 108
26 148
76 179
47 52
72 107
140 152
2 145
96 169
58 59
36 37
27 114
54 170
15 48
11 143
83 177
70 126
22 170
23 64
1 159
63 105
40 80
35 51
7 75
34 140
121 139
78 102
101 126
67 155
142 159
120 160
48 65
61 147
78 93
48 138
108 140
38 47
2 73
101 153
51 152
38 44
7 66
135 142
93 122
30 145
4 53
6 170
46 148
69 72
104 176
56 121
4 23
143 164
78 119
45 116
65 78
39 146
13 56
42 105
62 146
24 111
18 115
18 76
110 114
127 129
75 85
77 104
47 77
10 91
81 133
13 91
33 40
29 33
43 90
4 14
14 152
14 169
19 116
19 41
