2.173754
17
14
66137
201884
12 79
42 65
28 34
42 62
7 32
16 79
49 56
0 32
37 43
10 75
69 94
42 55
1 99
1 3
79 84
30 90
12 40
81 94
39 50
40 80
60 90
1 46
13 95
76 86
14 92
13 90
29 61
61 76
57 92
34 90
45 92
16 89
74 94
69 84
53 80
88 94
45 90
5 92
5 63
0 63
11 67
78 95
52 85
32 52
37 95
39 63
4 80
11 59
22 92
4 63
27 85
42 83
33 63
61 64
9 57
9 76
1 27
59 94
33 54
58 64
25 26
26 43
26 51
8 94
2 95
7 18
18 93
63 98
10 48
48 86
17 94
6 68
61 66
51 68
66 82
6 91
72 90
13 87
65 87
31 73
47 77
24 30
77 89
21 44
44 67
38 58
15 50
54 97
13 20
41 75
13 35
23 41
35 49
73 98
61 70
36 79
19 32
71 96
56 71
