27.482193
185
35
194
162835
33 116
80 154
40 127
127 137
13 122
46 76
85 135
16 130
68 117
0 22
57 94
33 47
46 66
30 130
10 21
117 126
21 25
33 129
5 33
134 136
19 84
36 51
81 159
43 119
16 111
65 80
87 136
39 136
2 28
75 102
101 119
63 132
139 140
33 94
19 106
44 140
59 63
4 131
55 124
36 150
21 97
71 124
6 153
40 121
157 159
128 130
93 114
16 104
85 123
14 147
102 129
67 85
63 109
8 63
73 124
2 83
89 119
92 122
3 35
23 127
70 102
69 112
93 151
27 130
113 119
98 122
9 121
24 121
14 37
14 34
6 159
68 148
90 112
18 60
58 151
36 121
11 151
2 38
100 122
54 130
16 17
20 117
112 155
0 61
0 12
127 128
35 80
133 140
48 131
18 79
42 138
10 108
39 144
105 144
31 144
56 133
46 141
78 141
141 153
57 141
46 152
143 147
49 53
108 152
125 132
89 125
125 131
95 125
50 119
50 136
50 102
50 53
96 118
118 134
63 110
36 110
107 110
41 107
33 103
41 138
62 113
149 156
32 149
120 149
21 149
143 144
86 116
88 131
88 145
1 72
1 120
1 99
1 148
3 64
64 145
64 82
151 158
130 158
74 127
74 124
18 142
121 142
29 122
29 36
26 122
26 112
115 140
19 115
18 52
2 52
15 42
15 45
56 86
85 91
19 91
7 77
7 98
16 146
0 146
