22.800000
1
35
19941
498444
126 146
12 56
11 22
59 122
62 129
108 121
15 83
24 112
122 156
3 13
96 117
129 134
30 130
80 110
107 117
14 85
58 158
24 91
79 130
39 57
93 131
64 122
90 150
45 146
27 103
13 94
10 70
147 154
120 129
2 145
50 70
99 105
28 152
108 109
5 103
52 85
9 44
56 116
27 91
65 115
110 150
60 67
54 139
67 137
23 125
119 136
40 68
83 157
68 106
44 125
75 141
106 134
54 93
84 104
23 25
113 155
53 136
98 117
22 81
24 122
82 88
70 159
85 109
18 90
4 136
20 23
34 105
9 35
22 157
95 130
22 149
68 80
10 63
19 88
148 155
35 78
8 44
29 67
89 150
46 67
15 56
76 78
13 92
31 85
24 111
84 141
105 135
24 101
41 145
0 57
129 135
29 155
58 133
43 157
4 30
86 158
104 115
54 123
73 130
64 132
36 103
32 108
6 65
58 138
24 104
103 140
65 102
40 66
44 147
136 154
82 137
58 127
130 149
92 116
28 63
57 124
104 146
13 37
142 150
36 138
42 85
28 143
5 78
13 110
28 149
34 67
23 69
18 108
61 145
55 68
51 110
48 51
26 100
100 125
47 132
47 87
70 114
77 125
65 118
92 151
74 151
97 129
57 97
48 72
38 77
122 144
49 58
49 145
33 112
33 71
33 107
17 71
17 153
7 26
7 54
16 131
16 128
1 86
1 21
