50.915191
36
77
3495
69759
120 189
15 84
224 346
8 105
182 261
281 315
78 207
139 272
137 201
149 293
282 311
23 99
183 221
11 310
36 64
235 250
45 183
217 244
13 156
43 290
193 327
147 273
120 123
70 246
35 97
14 198
19 312
238 248
303 309
184 338
257 280
124 209
307 333
14 278
160 311
89 288
99 243
18 104
82 122
233 269
143 149
2 11
94 290
127 335
89 337
164 244
0 287
55 298
87 127
39 287
105 138
12 17
7 147
86 102
224 333
92 318
290 314
33 82
232 267
76 214
176 187
78 329
35 124
97 153
206 301
17 196
34 105
14 150
17 343
139 237
72 235
261 347
41 60
174 201
45 284
119 171
79 171
114 307
9 10
165 178
144 162
182 218
51 149
261 266
168 349
78 181
195 333
286 330
281 295
213 225
58 300
182 274
60 253
196 286
78 230
134 300
113 258
172 300
111 122
59 261
264 320
258 336
6 206
91 281
26 147
96 175
110 248
86 283
228 327
13 38
55 114
303 324
10 36
42 92
39 71
91 201
272 300
35 163
81 260
36 191
86 313
7 69
60 252
302 349
0 28
68 70
223 344
178 214
13 75
62 187
125 146
67 330
131 247
40 260
66 110
270 338
206 339
27 272
184 208
55 256
86 275
120 299
67 327
94 315
99 308
80 175
31 149
132 169
71 231
184 322
129 329
48 261
108 144
223 229
125 140
18 235
3 261
11 83
200 286
11 268
209 267
0 74
71 276
132 161
127 291
188 272
171 190
219 343
84 129
190 311
17 348
185 311
16 255
217 236
250 285
84 227
37 258
125 204
69 324
35 297
222 260
54 144
95 281
182 251
16 82
61 303
175 270
30 70
13 268
244 319
56 92
132 332
215 312
89 202
187 199
117 214
19 121
71 121
271 296
43 328
102 145
145 325
165 205
205 241
177 205
48 342
331 342
42 203
120 203
203 314
211 326
240 281
69 240
205 342
152 195
25 152
184 186
186 290
120 159
159 261
182 265
265 277
107 135
107 245
104 107
29 184
29 245
179 263
263 346
263 317
63 317
63 241
49 63
286 289
235 289
130 277
100 219
24 100
214 262
262 306
300 305
92 305
53 216
216 225
216 292
101 303
101 260
22 131
4 22
316 341
333 341
78 341
294 300
197 260
197 349
53 197
210 232
98 210
210 213
306 323
25 57
0 57
20 349
20 187
296 323
126 187
1 126
223 259
145 294
77 279
136 301
136 172
116 206
116 127
82 194
194 291
149 194
119 194
171 321
70 321
157 340
130 157
46 90
46 111
154 268
154 328
192 211
142 271
142 326
115 304
65 285
5 65
65 88
249 258
49 141
141 247
141 345
109 151
109 158
109 320
109 304
86 254
244 254
166 272
125 166
100 259
112 180
180 236
180 320
234 311
183 234
132 226
85 264
85 155
77 126
52 275
52 248
66 133
144 148
93 212
133 167
21 334
14 173
21 331
55 173
99 128
133 269
105 242
242 248
106 237
106 220
44 293
44 280
44 118
73 103
73 279
9 73
32 36
32 60
47 239
47 257
50 89
50 71
170 340
192 249
22 226
93 342
148 170
115 128
