9.036165
32
27
83906
128194
72 118
4 64
13 78
83 113
4 80
16 130
94 112
9 57
9 113
31 127
8 32
70 144
110 128
27 97
78 115
94 129
85 113
56 124
72 87
31 42
23 36
98 128
11 111
74 80
65 70
16 140
9 71
71 139
71 153
36 71
15 71
55 141
55 70
22 55
17 55
111 140
140 145
44 140
25 159
141 154
148 152
136 152
28 141
27 152
7 141
39 141
144 152
70 96
33 135
80 131
66 107
28 64
29 44
46 49
79 121
114 159
5 111
103 159
32 135
114 133
58 78
58 133
66 154
111 116
18 128
8 59
66 146
59 77
31 122
66 89
131 139
42 136
63 125
3 44
38 49
16 54
16 156
59 138
26 80
31 61
72 75
115 135
46 56
10 133
44 84
0 159
94 151
10 74
73 84
49 73
34 141
43 135
34 134
18 123
67 159
49 123
108 153
45 133
82 117
15 104
41 98
108 128
82 113
38 76
41 87
140 150
2 70
95 126
45 91
30 91
30 47
94 147
59 147
126 155
66 143
143 158
60 123
24 62
17 24
24 155
20 129
0 119
15 109
72 105
55 81
57 137
63 81
86 119
40 157
35 109
88 92
36 92
43 102
123 157
47 53
93 152
21 78
37 97
100 152
100 149
14 128
90 117
69 90
19 83
23 101
101 142
48 55
48 99
106 110
12 51
51 113
1 12
1 79
6 121
6 132
50 120
50 150
52 68
52 120
