50.523139
37
101
67
38467
315 469
251 254
273 378
165 446
293 453
60 434
299 318
159 322
353 389
212 314
13 138
314 384
285 475
100 103
178 429
75 404
34 132
126 443
91 463
423 443
21 438
305 408
37 458
245 358
106 397
293 335
443 450
182 429
181 368
95 290
192 322
220 387
150 373
103 154
44 284
284 492
10 86
161 207
332 404
359 440
143 462
54 86
196 462
135 223
283 322
186 478
175 293
209 287
161 334
316 434
129 341
35 135
120 170
114 347
147 245
79 323
125 332
93 279
185 361
73 95
88 321
106 228
213 239
121 323
4 476
41 76
352 438
309 382
389 477
200 279
181 235
189 221
13 372
53 321
179 279
218 382
33 382
86 484
128 239
351 411
233 491
25 36
219 321
128 185
185 280
148 347
332 482
19 183
137 347
51 72
319 403
82 367
19 234
39 89
103 164
331 389
11 135
229 340
193 337
20 323
31 76
19 180
155 362
106 336
152 462
142 367
305 448
309 458
232 363
150 485
32 395
163 429
47 463
420 492
5 111
200 497
2 322
112 337
416 475
434 493
47 478
52 336
207 231
119 379
80 89
254 407
355 393
84 468
153 401
94 355
172 318
284 402
226 479
90 212
88 193
79 114
342 476
31 205
40 337
28 371
340 391
209 446
215 481
12 367
294 389
300 430
90 494
156 458
344 438
118 463
111 378
17 340
191 366
35 82
276 498
132 451
205 216
132 480
121 211
254 353
314 487
150 288
241 378
180 363
25 187
12 136
428 468
374 476
119 369
363 472
343 380
54 289
312 481
151 498
45 72
317 363
462 473
102 161
315 434
72 217
304 318
209 301
8 205
391 488
96 488
398 498
166 478
119 400
257 463
178 314
270 479
247 481
95 349
32 306
123 432
176 209
32 427
181 376
177 303
197 303
141 472
187 220
466 494
116 215
96 472
439 494
332 445
122 488
75 343
165 343
155 281
157 187
14 458
205 271
189 449
436 449
211 474
430 474
289 474
389 474
231 297
222 297
73 297
297 496
261 302
162 442
174 308
52 174
131 174
136 272
265 486
219 370
162 345
246 345
30 303
245 435
53 435
375 473
371 456
456 491
359 456
381 420
146 381
243 266
87 243
120 243
116 208
41 208
447 467
277 385
66 277
255 277
197 465
76 85
190 344
171 190
69 167
274 488
249 466
249 458
249 498
164 249
77 249
218 388
328 385
161 169
155 236
340 417
5 130
130 454
72 419
168 419
48 298
347 489
383 488
201 245
133 245
313 496
18 49
365 415
415 468
170 394
394 440
6 87
185 396
204 382
145 194
240 355
104 137
332 399
115 294
243 249
23 453
99 249
204 302
345 489
0 209
127 208
370 394
214 345
390 441
438 441
65 144
150 250
250 478
64 311
64 480
410 412
101 192
214 435
127 274
327 411
159 327
327 421
143 327
327 386
236 249
30 115
184 494
184 205
282 438
36 282
202 208
332 348
150 348
50 343
375 399
145 381
29 76
29 401
187 252
252 429
124 203
124 444
77 124
63 292
292 424
239 292
292 296
99 415
169 328
22 272
321 490
284 490
269 366
233 269
269 325
71 269
98 314
98 462
27 153
46 389
46 350
9 318
9 245
383 495
103 455
64 474
61 322
61 161
133 464
7 224
58 71
0 405
16 91
16 263
16 275
16 330
426 463
83 405
85 240
38 303
278 283
55 263
55 470
227 406
191 227
225 411
225 295
144 225
65 272
253 377
149 425
149 475
105 149
22 244
259 324
396 495
78 481
78 475
7 58
63 97
97 360
50 357
324 465
158 238
49 388
278 449
130 419
253 449
230 377
230 413
89 92
92 173
329 350
329 469
108 329
93 107
95 107
107 479
139 424
72 139
293 392
338 351
267 338
262 338
338 471
62 89
62 494
113 311
113 129
279 499
248 260
248 445
291 414
291 341
42 452
42 308
42 412
167 268
286 443
86 286
134 330
134 319
198 450
28 320
320 409
320 333
388 459
209 364
364 437
103 422
305 422
326 483
305 483
356 457
326 356
195 258
195 437
24 135
24 354
199 246
199 206
67 221
13 67
297 392
13 43
43 476
432 460
190 410
298 459
15 238
15 81
74 171
74 81
483 486
202 268
160 356
1 168
1 210
345 460
392 447
3 32
188 467
188 310
307 433
242 287
26 68
242 418
36 264
109 119
26 141
109 323
264 461
57 140
56 300
56 339
135 431
181 431
59 237
59 123
70 497
70 346
256 489
57 486
110 117
110 256
3 201
117 307
