7.955846
114146
25
61161
122177
105 132
13 155
25 107
32 66
129 133
40 158
82 134
114 133
42 82
9 142
17 140
82 90
52 132
12 45
69 99
84 146
55 101
55 100
39 107
40 49
82 140
36 40
119 142
23 43
140 144
22 56
80 93
150 155
68 94
115 157
7 58
94 127
40 154
45 141
72 128
57 142
89 105
63 155
3 140
42 153
4 7
34 120
16 101
93 128
142 149
37 82
8 101
81 94
6 155
40 55
80 100
14 26
23 117
122 157
41 99
3 55
59 157
46 100
133 142
26 50
88 101
60 155
5 119
40 107
38 83
10 143
5 78
5 66
21 127
7 143
101 142
56 83
19 83
26 100
101 132
94 96
96 155
44 155
44 99
54 123
54 60
108 143
108 140
95 99
18 47
95 105
63 104
75 157
58 152
136 152
104 115
116 128
28 68
47 133
75 138
124 153
121 124
33 50
41 112
85 158
23 112
4 73
9 48
103 111
15 139
10 30
126 135
135 159
97 135
15 143
92 126
21 111
97 125
30 137
21 135
31 38
64 73
31 110
85 109
8 147
5 29
130 132
35 83
45 130
35 128
2 110
51 138
86 137
86 145
102 159
24 82
113 157
53 145
22 118
69 131
65 120
65 100
0 98
0 5
77 87
77 98
74 89
74 79
20 62
20 131
1 32
1 91
61 62
61 106
67 156
67 139
27 36
27 146
70 84
70 71
11 34
11 148
76 87
76 151
