39.040720
29
63
42
76029
173 200
151 164
232 259
2 231
96 133
116 238
15 250
283 284
65 216
174 242
69 160
70 155
111 249
5 20
223 230
86 148
212 234
14 63
12 220
7 180
94 135
35 42
171 219
61 249
5 31
31 89
196 268
130 180
68 98
174 204
218 284
279 291
45 91
231 289
29 160
3 216
50 65
294 297
35 108
12 296
12 215
65 189
249 254
58 207
45 234
153 297
64 86
44 79
86 245
38 201
48 188
0 40
8 297
86 210
31 53
28 161
80 94
14 280
198 209
1 160
242 275
35 127
77 234
38 85
58 270
221 257
180 288
231 267
180 299
162 221
104 234
152 263
170 237
28 260
54 145
20 96
170 238
119 294
46 264
56 64
64 222
83 268
37 242
98 224
66 209
17 257
115 206
95 113
113 228
14 126
4 284
88 94
118 266
103 115
73 180
125 257
115 239
147 170
57 139
138 256
40 43
43 120
48 165
82 109
44 166
91 268
155 209
46 204
15 58
21 38
239 274
57 285
48 184
44 248
29 180
46 225
36 226
57 292
180 220
163 260
258 268
98 286
99 152
43 281
138 197
209 282
182 219
19 88
121 155
60 235
168 265
229 235
118 159
161 235
178 259
36 59
25 96
118 205
138 271
152 265
231 262
155 195
54 186
157 260
54 179
11 74
74 278
3 74
26 74
19 213
134 213
0 213
142 194
34 194
6 194
143 150
58 71
130 252
84 252
217 261
77 261
223 261
261 286
109 192
192 274
82 92
92 167
34 92
64 190
113 190
16 255
255 298
136 257
6 246
11 246
60 293
212 293
94 102
87 183
183 218
199 230
117 199
79 243
96 243
93 141
36 141
160 172
24 219
31 144
81 235
18 114
33 202
33 123
23 105
75 132
132 259
64 106
123 208
208 279
31 211
110 211
150 293
96 154
12 154
149 190
16 146
118 146
46 146
187 269
157 187
73 177
177 284
36 177
90 124
75 90
90 217
152 276
72 153
115 276
72 151
72 112
54 276
138 244
244 257
47 170
47 297
233 285
233 268
42 233
13 110
13 39
13 114
214 260
155 214
247 272
137 209
31 137
213 244
65 175
175 268
51 278
41 51
51 164
48 240
240 259
92 203
107 113
31 107
101 107
62 101
136 203
18 97
149 287
97 290
52 119
52 173
102 255
128 269
128 250
128 251
122 251
32 49
49 196
49 202
158 176
87 158
27 194
55 160
55 231
76 262
76 191
38 100
67 219
169 295
86 100
43 67
22 257
14 22
14 253
249 253
140 277
140 168
190 241
190 193
9 156
129 241
27 131
246 247
131 185
156 185
132 227
81 181
193 273
78 105
10 93
10 30
78 106
181 236
169 236
