22.962063
74001
50
13
86259
20 25
101 180
105 128
40 154
49 211
54 161
213 240
27 54
54 106
54 176
34 63
63 168
63 81
25 64
13 128
64 243
20 133
16 20
64 136
20 115
164 197
197 212
200 223
60 200
50 94
94 201
94 102
89 154
190 195
150 208
150 167
55 150
97 115
38 146
33 146
146 165
140 154
19 146
6 154
58 173
84 145
14 145
61 126
145 207
140 142
18 109
22 167
15 128
34 118
129 225
72 173
169 239
0 79
80 216
67 216
90 139
90 248
90 188
90 162
75 174
75 173
75 152
12 126
12 44
1 12
11 42
11 74
3 11
124 134
124 163
124 193
124 245
119 153
119 158
31 217
31 151
56 220
56 100
169 238
101 238
111 238
7 122
7 203
7 246
112 235
41 235
204 235
77 189
64 189
53 137
61 137
37 232
38 232
179 237
21 237
23 28
234 239
29 87
76 87
45 63
45 165
45 171
93 170
196 229
190 229
23 186
107 114
45 90
128 205
5 113
5 51
5 21
46 194
109 194
139 194
93 138
48 138
0 184
116 184
95 123
49 123
2 210
59 73
130 166
221 244
85 248
107 221
131 228
42 85
110 178
97 131
73 213
118 221
8 210
57 73
50 209
209 244
181 219
181 211
181 182
6 222
129 222
92 175
175 226
135 195
132 135
11 148
32 226
192 225
121 192
182 192
22 141
134 141
141 240
17 224
10 17
17 18
10 183
46 191
111 198
41 241
8 198
15 241
4 30
30 77
30 185
127 200
127 150
65 86
65 91
82 145
125 216
51 125
214 231
37 231
228 247
2 247
200 233
116 233
185 233
112 144
86 108
75 125
113 147
173 187
176 187
98 154
98 146
12 120
75 144
94 177
173 177
52 160
52 161
52 79
20 206
197 206
82 124
43 171
64 143
43 227
35 142
35 236
99 178
99 214
57 159
119 172
83 216
63 157
26 245
24 119
68 84
9 31
31 147
117 237
186 230
69 76
7 125
194 229
78 119
56 143
69 90
32 234
39 229
120 232
28 218
166 205
45 218
96 148
56 215
47 221
87 104
127 170
62 123
184 242
62 149
66 155
24 230
36 138
156 189
108 138
36 155
103 170
70 114
47 249
123 199
71 210
88 117
202 209
