27.499595
8100
32
70
62565
44 95
60 75
87 100
78 93
5 99
84 113
42 100
78 105
24 57
54 64
45 80
52 71
30 83
56 109
29 114
47 119
93 119
45 67
13 107
73 97
23 39
38 116
45 85
29 39
38 44
79 107
50 71
81 116
30 98
22 108
33 54
66 107
51 97
61 102
44 53
16 44
100 103
96 113
94 97
51 119
19 90
57 106
72 89
74 97
68 111
54 82
61 104
59 117
29 91
20 76
22 88
17 96
68 115
18 119
10 113
71 93
43 81
48 56
14 25
25 46
7 81
17 89
93 118
25 37
55 59
46 57
77 99
34 76
30 49
15 75
61 70
11 71
61 112
19 32
70 75
76 110
22 40
8 19
28 78
0 89
30 88
31 78
25 27
27 100
27 88
62 100
41 62
23 35
35 94
35 63
2 35
86 101
86 95
69 86
22 36
36 75
36 56
29 92
92 107
92 113
41 92
4 56
4 54
3 99
3 101
21 54
21 45
65 68
65 81
1 68
1 98
12 36
26 85
9 89
9 19
6 59
6 44
58 76
58 99
