11.924975
3
21
3845
1536842
61 88
65 89
69 97
4 41
4 91
4 30
6 85
19 81
50 59
45 79
13 50
43 97
62 97
14 26
57 94
0 57
11 84
42 88
49 57
79 95
4 36
61 82
34 48
65 90
29 74
11 34
11 33
78 81
65 72
73 85
12 32
71 94
86 88
32 54
65 91
31 43
38 65
32 46
64 80
50 76
11 83
77 79
14 64
52 81
15 29
71 82
3 57
31 64
20 71
29 87
29 91
23 71
16 86
35 84
25 35
5 91
11 99
16 99
63 81
63 91
63 88
26 92
35 92
39 44
44 90
7 60
47 94
58 81
58 79
18 63
55 64
55 85
21 40
21 60
21 28
10 32
10 42
51 89
51 96
70 93
0 70
17 37
37 56
37 68
22 66
22 24
7 70
1 53
1 93
2 24
2 17
27 68
27 65
67 98
9 94
8 50
9 75
8 88
21 67
