71.768839
3
90
10
269161
113 232
113 115
18 58
112 293
58 228
110 267
58 284
78 195
106 283
162 219
110 151
117 265
116 182
115 248
75 280
258 308
74 219
253 349
68 307
245 327
110 147
94 149
164 306
105 236
105 153
104 299
103 268
101 244
84 180
83 328
81 329
132 311
81 186
101 191
127 301
127 246
127 201
124 222
123 289
122 307
120 345
120 206
128 269
133 271
133 138
132 315
130 286
81 108
79 334
78 265
86 306
77 235
77 121
76 307
75 331
75 296
92 232
307 339
228 283
91 209
245 281
206 212
97 343
95 298
95 177
95 126
94 172
94 159
135 279
92 318
247 334
148 323
220 345
210 241
101 109
228 240
229 310
234 240
237 264
242 287
206 230
90 174
89 92
316 345
275 279
174 200
33 148
299 312
293 333
293 300
290 328
203 349
202 310
199 233
198 337
198 319
198 224
197 266
51 225
91 321
223 241
87 128
53 285
285 295
99 115
288 309
91 100
190 264
274 345
263 349
262 347
259 264
11 286
144 286
11 75
142 170
140 197
139 231
160 242
158 182
157 347
157 303
157 276
155 231
166 240
146 286
145 293
31 231
56 346
23 240
47 270
138 166
180 185
187 328
187 226
187 199
182 252
182 246
181 206
180 340
180 197
22 297
133 217
15 197
132 346
148 254
13 56
131 306
22 54
81 120
54 115
173 245
172 249
171 258
169 262
28 98
1 243
24 161
14 65
176 323
4 299
175 196
64 238
174 256
22 69
22 107
51 80
54 310
55 65
47 145
36 283
119 309
47 211
48 119
48 137
35 132
34 334
19 279
41 123
39 310
38 51
45 196
37 242
25 262
111 283
56 221
65 152
58 314
105 277
0 128
118 343
48 174
48 305
48 317
49 196
50 231
66 309
2 348
8 258
59 324
65 114
28 207
27 285
29 243
65 224
11 47
24 178
24 306
3 46
2 282
2 103
59 344
8 291
9 222
64 93
24 62
26 142
7 243
6 123
60 77
30 265
64 213
10 44
63 142
105 136
127 136
24 136
192 250
176 250
101 304
264 304
27 304
110 304
216 330
135 330
249 330
10 336
55 336
255 336
4 227
77 294
198 294
15 214
157 214
133 214
216 251
57 251
251 291
12 251
11 320
123 193
43 73
73 147
193 197
115 193
136 330
54 278
12 156
28 335
208 239
299 335
157 165
328 338
59 96
191 338
46 273
272 299
48 168
168 307
44 273
273 332
120 189
56 168
132 302
72 228
180 188
24 272
188 243
279 302
285 325
42 242
67 268
42 65
67 195
42 148
67 215
45 167
64 163
163 174
28 125
125 142
155 183
183 257
59 134
134 148
194 313
204 326
82 194
326 342
143 326
88 219
88 161
88 128
222 260
260 317
17 343
17 187
85 208
85 184
3 85
2 16
16 182
231 341
165 304
278 294
129 304
325 330
179 349
179 231
52 265
52 293
91 218
218 309
141 261
167 227
32 92
32 241
21 51
21 95
20 261
20 68
205 245
21 196
205 334
20 70
205 306
102 241
294 326
320 322
154 343
71 204
214 341
150 156
292 302
189 272
5 42
61 219
61 313
40 322
