93.046246
205
119
31
46590
20 434
28 459
165 468
334 426
176 404
161 432
96 323
147 195
224 373
249 347
1 186
340 359
85 157
380 400
14 460
227 452
134 404
124 131
21 452
91 133
0 339
444 471
226 455
141 170
96 122
250 414
52 409
222 494
49 409
213 427
407 427
248 424
288 424
373 424
177 444
160 357
297 459
141 217
78 357
10 347
165 452
327 427
133 304
238 499
149 157
33 96
152 188
54 90
139 347
456 474
191 218
293 302
201 296
157 349
277 339
42 157
314 337
296 428
86 120
189 309
59 189
333 455
152 461
95 152
189 408
145 403
145 412
19 141
145 465
184 380
86 167
232 494
67 193
260 392
216 359
194 210
190 313
17 287
35 133
15 490
15 435
15 451
15 270
17 203
83 153
210 466
121 210
357 401
36 239
90 306
27 131
254 459
301 474
109 444
443 460
81 86
217 392
480 499
190 381
40 92
92 265
387 420
129 420
40 97
187 434
68 193
344 404
215 380
445 459
302 384
218 477
96 253
294 378
71 344
326 409
87 239
70 90
174 338
37 363
50 462
193 458
147 250
223 314
240 275
424 433
193 311
158 409
186 314
113 420
385 462
125 474
22 141
239 289
188 297
250 274
314 483
56 382
117 240
4 382
24 318
51 300
143 392
43 262
241 295
404 449
303 378
44 131
37 285
322 462
105 459
83 235
39 83
92 391
154 240
112 409
425 493
52 359
256 356
12 256
460 497
49 261
128 493
2 17
101 427
245 261
163 261
167 237
199 436
32 37
3 316
278 494
350 489
176 350
37 83
82 392
6 151
350 498
379 399
379 481
378 491
338 463
312 354
242 493
148 183
316 422
316 412
151 271
156 394
263 379
354 495
271 291
271 402
23 65
65 441
65 484
269 499
111 190
338 386
300 305
100 437
164 325
164 446
110 148
89 342
132 143
79 286
9 24
94 164
41 252
300 418
29 100
24 396
276 434
233 380
132 283
57 89
89 137
252 440
252 416
100 476
148 365
132 146
24 297
79 273
178 369
178 266
178 439
7 319
7 418
7 231
7 205
58 270
58 381
58 469
58 281
72 197
72 319
72 206
72 470
221 492
221 317
221 432
114 478
114 208
114 222
114 310
162 371
162 330
162 339
162 473
264 290
264 282
69 159
69 321
69 126
46 343
46 349
46 138
229 464
329 464
332 464
308 464
123 225
123 388
123 127
77 180
77 140
77 430
34 196
34 361
34 395
448 453
195 453
219 453
122 475
295 475
328 475
84 106
45 335
5 485
257 259
84 450
60 364
45 99
84 390
5 66
257 488
60 297
60 366
25 171
45 320
60 324
38 438
25 64
257 360
38 234
25 351
5 487
38 468
185 307
92 307
88 307
88 267
251 267
267 315
429 467
352 467
398 413
55 413
115 294
48 115
115 142
75 334
71 75
26 75
133 447
358 447
190 447
31 130
211 236
43 211
156 211
430 482
23 482
66 244
89 442
442 499
208 442
14 442
30 462
62 250
1 298
212 298
297 393
166 358
166 429
107 166
86 272
53 148
53 424
98 394
98 254
118 336
193 284
118 389
284 436
284 377
92 118
6 118
13 284
189 406
193 383
152 383
159 258
172 243
172 223
172 494
172 400
271 454
178 454
104 252
104 256
59 108
108 145
65 108
48 61
61 96
61 79
207 426
135 207
207 219
292 410
410 435
239 376
141 376
200 330
37 345
200 210
200 455
196 341
145 341
178 345
239 370
30 77
367 427
355 499
354 375
55 355
308 375
80 132
61 114
7 80
108 162
72 367
221 370
258 264
380 431
296 431
73 332
73 97
68 73
53 69
218 419
192 316
268 382
174 268
264 345
102 251
102 296
323 372
90 372
302 479
368 452
250 479
280 357
280 339
300 348
406 464
17 144
96 136
182 289
279 420
18 382
76 246
76 327
76 433
63 415
63 241
8 214
8 199
397 424
397 434
299 434
261 299
46 345
16 17
16 409
103 314
103 474
240 423
423 493
181 354
92 230
230 444
90 421
119 326
155 229
155 302
100 116
173 262
173 237
173 202
116 131
116 347
74 455
74 486
350 405
164 405
198 379
157 198
15 198
18 58
247 480
27 247
93 481
38 200
123 419
179 256
179 347
11 336
11 218
257 348
25 368
30 228
5 299
45 181
84 421
47 190
47 117
30 362
331 442
130 255
467 472
53 353
272 457
175 496
374 410
175 457
168 204
204 255
130 192
209 220
169 411
393 411
209 353
346 417
362 417
150 298
279 298
