75.616667
1
84
10509
274115
73 277
74 149
56 111
35 235
5 240
59 186
54 263
114 189
25 291
24 173
276 282
196 229
149 286
20 215
95 144
58 283
218 242
35 230
52 224
140 186
61 251
82 106
148 248
256 275
50 117
78 79
142 259
8 248
211 246
124 251
14 22
112 171
47 180
103 236
35 226
244 281
164 208
156 182
125 195
93 138
225 259
52 292
147 270
149 160
188 271
62 218
153 189
19 262
37 65
101 288
210 245
5 154
5 119
265 272
20 45
164 177
11 150
185 254
71 236
219 271
123 236
98 111
20 120
40 271
150 260
214 259
157 168
200 281
152 181
31 50
46 58
35 183
63 147
217 242
118 248
48 141
4 291
92 121
108 193
177 227
218 220
5 39
135 272
21 77
166 249
108 165
9 246
64 132
94 293
60 293
87 189
179 240
147 296
221 261
172 285
0 162
261 297
6 127
22 297
121 230
229 291
1 64
177 211
122 261
199 297
51 251
163 210
13 262
89 235
112 155
28 262
219 274
55 129
145 181
125 137
79 274
93 242
2 85
181 287
127 237
173 205
44 101
186 290
66 217
166 232
127 295
129 143
78 149
166 278
117 205
0 293
129 198
27 109
224 272
81 128
116 208
69 243
111 119
34 82
76 299
17 277
34 169
158 177
16 269
141 160
52 252
131 156
160 173
166 187
89 267
217 238
7 281
77 82
16 67
15 199
161 260
3 112
101 184
38 274
70 275
71 121
134 141
85 241
174 276
70 106
47 130
12 161
95 99
179 204
159 262
147 190
36 217
236 295
106 116
161 294
203 271
22 216
162 279
85 233
201 223
96 293
97 108
54 167
115 236
181 196
89 280
175 199
110 161
42 69
93 289
182 213
64 295
108 159
38 107
84 276
172 215
5 37
114 254
194 261
72 246
64 146
196 253
128 170
22 209
173 273
34 264
212 272
106 250
230 256
109 255
136 277
179 234
101 196
30 274
101 277
179 249
10 16
23 189
47 298
296 297
26 162
150 258
140 161
20 202
53 162
0 111
125 228
227 284
98 148
35 268
33 50
95 257
206 254
223 256
176 256
210 222
77 104
141 201
284 299
105 109
77 239
43 58
139 186
41 182
128 247
88 150
159 299
52 131
196 281
16 211
34 75
20 224
112 114
125 140
47 88
54 65
88 182
85 219
107 168
121 178
76 88
0 151
151 211
95 174
29 93
91 259
69 225
168 191
66 105
68 218
86 172
49 246
254 266
54 57
127 197
102 224
57 95
102 113
113 253
231 291
126 133
58 231
100 160
100 133
192 242
192 295
80 109
80 129
90 114
82 90
18 296
18 88
207 248
207 210
69 207
32 276
32 128
83 172
83 251
