40.365749
3
75
5042
245568
114 237
245 318
165 167
212 324
185 293
317 319
3 174
58 267
144 160
101 251
120 348
70 114
174 299
226 284
150 253
60 319
174 239
258 277
333 340
153 293
246 265
199 340
154 162
157 222
39 255
135 228
158 196
12 190
133 245
180 293
99 162
58 175
37 259
213 291
272 277
228 313
51 106
79 336
65 302
227 259
59 284
104 336
184 273
224 316
250 261
146 162
65 121
192 228
166 209
147 263
112 275
272 278
67 266
32 58
221 340
23 292
329 345
167 183
220 248
40 319
33 233
103 147
41 292
292 341
30 65
53 71
23 247
23 329
23 294
121 188
56 147
56 241
110 349
110 272
110 345
174 346
206 303
98 321
98 293
40 335
254 346
58 98
323 335
134 184
139 162
67 213
222 336
114 170
41 150
155 259
148 245
15 147
109 251
158 270
117 295
68 116
217 283
169 321
84 264
6 151
149 216
233 304
90 232
283 321
327 339
10 316
74 158
105 124
12 140
100 182
247 286
128 285
229 312
174 186
62 244
27 214
171 261
141 246
176 284
93 117
51 257
31 117
311 344
118 264
25 349
209 229
95 244
90 337
105 193
157 279
151 225
116 311
294 348
32 265
208 244
290 324
271 293
21 339
245 343
49 246
85 144
167 281
125 128
28 345
42 182
215 272
90 289
167 300
144 273
261 320
51 63
61 220
240 248
272 305
29 213
245 337
64 258
0 207
47 332
119 311
243 255
218 349
217 258
207 314
87 348
13 279
105 275
250 296
12 88
2 349
314 316
88 162
209 337
76 154
101 105
189 222
172 324
76 286
150 269
1 286
197 233
10 240
19 279
178 215
228 287
107 233
36 208
182 185
149 251
244 310
44 345
80 220
12 342
75 259
196 264
90 185
151 349
220 310
57 321
209 235
174 223
114 241
241 246
297 336
228 241
254 339
161 258
54 281
54 317
268 311
36 89
89 113
173 194
89 103
151 268
78 82
78 243
159 323
14 118
9 293
9 65
330 345
308 330
274 337
288 303
65 288
92 122
92 159
92 274
187 298
187 210
187 255
4 27
4 229
130 151
130 210
17 324
17 319
77 97
77 263
20 77
69 348
51 69
69 213
110 198
173 198
137 299
48 137
15 131
24 131
131 219
8 158
8 20
164 340
58 164
200 346
56 338
182 236
236 339
142 203
153 211
203 265
150 309
94 326
325 347
82 325
14 94
181 233
181 255
45 216
45 147
108 117
108 279
11 188
11 334
89 108
115 187
132 150
132 168
43 316
43 259
111 135
111 126
7 56
7 144
256 295
143 256
24 73
73 249
127 287
127 242
105 315
98 230
191 345
204 310
222 307
238 307
75 86
86 306
102 168
72 102
102 252
129 195
129 242
123 195
123 128
282 331
205 261
205 292
137 282
81 303
81 201
83 240
47 83
83 328
52 189
52 179
38 53
38 158
38 46
72 145
145 284
34 321
34 276
56 96
96 152
16 331
16 262
35 301
26 35
35 239
18 202
18 182
55 238
55 234
50 178
50 138
22 163
22 202
71 260
91 346
110 136
156 280
5 68
91 231
5 66
156 301
260 322
136 177
