97.020519
107
115
2529
55660
59 91
0 73
220 342
231 303
49 241
171 315
154 396
392 397
212 365
116 411
67 339
185 366
206 396
174 412
288 340
165 355
87 143
212 290
278 320
235 359
89 343
7 51
71 423
105 375
127 270
221 432
337 412
39 137
148 199
56 282
229 330
300 399
327 397
227 373
183 282
64 234
349 420
5 290
44 170
301 329
308 318
0 411
258 300
304 402
170 410
402 428
24 251
86 148
7 168
164 340
61 394
100 201
172 425
264 282
217 387
112 272
30 85
25 376
253 366
27 313
286 360
172 438
312 332
266 412
142 262
41 53
197 259
17 263
142 162
101 233
269 272
97 142
53 103
383 396
48 54
165 228
262 335
50 105
64 203
285 434
91 377
140 257
359 413
6 122
118 380
242 426
396 448
46 334
148 401
104 188
153 430
363 390
173 298
49 209
288 434
33 151
416 431
119 222
186 226
249 252
71 342
392 441
364 410
23 366
393 435
254 290
60 208
136 151
275 301
75 415
239 426
258 301
127 385
134 153
308 314
36 347
105 114
101 424
265 362
325 332
320 445
42 353
129 327
161 308
141 221
13 82
217 449
251 322
136 426
271 343
13 132
56 100
193 240
92 157
107 213
368 418
210 321
140 166
46 72
181 371
163 378
279 290
20 107
21 28
410 422
157 315
348 434
39 108
216 332
362 369
175 420
326 418
49 56
167 407
68 300
280 361
186 260
61 211
90 194
130 433
133 231
26 293
48 341
61 448
14 85
128 308
222 439
106 207
227 231
0 427
35 266
127 253
49 316
179 240
80 389
178 201
197 405
18 143
187 221
158 340
150 330
58 441
260 388
320 331
145 237
104 165
33 346
17 317
152 327
106 333
210 328
11 260
127 155
192 384
249 335
103 200
34 415
57 335
343 425
4 222
176 301
122 338
33 413
8 145
188 339
69 410
56 298
223 402
256 365
131 441
61 277
342 440
389 413
79 238
149 226
111 163
26 138
273 310
172 296
142 144
99 116
225 359
91 190
269 444
7 212
356 406
295 330
314 415
351 389
313 435
286 409
132 197
85 253
172 319
95 169
299 334
203 251
191 365
208 306
205 339
53 374
201 398
196 370
36 435
118 215
38 384
252 298
110 169
121 130
81 116
217 345
63 226
101 400
372 401
66 194
107 121
29 167
251 379
48 177
82 297
347 362
62 389
0 248
92 238
408 434
310 371
363 422
106 373
182 368
292 420
28 230
197 203
255 356
146 446
74 122
3 28
289 334
204 210
32 240
33 382
363 391
42 113
85 447
147 335
238 244
163 247
311 370
64 305
307 359
26 281
1 82
208 425
194 301
101 448
238 443
208 294
43 286
145 443
93 366
47 153
25 261
267 431
17 350
268 443
15 343
189 361
202 418
194 336
48 262
282 386
431 442
70 272
39 358
143 433
210 444
42 429
89 230
7 243
16 384
324 361
64 156
140 403
65 226
126 419
27 126
45 118
19 315
35 291
218 291
291 384
381 417
44 381
245 425
135 413
169 302
66 302
1 78
78 371
9 53
9 167
9 332
9 65
9 106
78 354
9 354
395 436
395 435
334 395
200 395
102 395
262 404
335 352
352 372
182 352
83 352
250 387
240 250
250 410
250 434
205 250
76 250
56 98
98 203
357 404
96 133
96 291
302 381
125 370
125 300
94 332
94 370
274 334
246 412
184 365
184 439
180 253
180 262
42 123
123 260
301 421
222 421
421 431
6 421
309 421
159 167
143 159
40 153
40 340
167 283
0 283
195 362
22 309
22 219
287 448
212 287
159 214
139 436
52 297
52 361
84 140
84 429
124 400
124 330
117 160
160 219
198 371
37 55
55 446
198 286
2 402
2 418
55 72
10 308
10 221
236 344
146 236
236 423
195 245
109 331
25 109
77 267
77 441
120 356
120 320
224 342
224 320
88 272
25 88
116 367
17 367
232 384
91 232
323 415
39 323
323 435
232 315
105 414
327 414
135 139
276 328
276 284
420 437
217 437
12 426
12 118
26 31
31 443
115 441
115 163
