18.370797
82
29
66940
139153
71 109
51 109
27 56
13 14
80 109
50 81
5 103
8 24
64 142
29 36
68 142
55 59
59 83
42 87
5 86
77 81
72 87
28 87
47 102
120 130
96 158
113 146
45 150
12 149
81 83
61 85
102 125
37 151
79 158
85 110
55 118
11 115
104 158
20 87
99 159
74 159
148 153
126 148
44 106
10 26
54 159
10 129
13 159
103 138
62 148
80 159
20 106
20 64
20 115
45 127
93 99
93 130
60 93
64 93
8 93
102 108
108 158
33 46
157 159
148 159
52 64
87 147
29 65
8 32
35 90
42 145
11 134
94 158
42 136
34 115
40 95
104 115
30 45
146 149
56 87
91 102
12 28
58 115
76 158
105 130
33 48
90 119
35 79
8 114
16 106
2 61
3 65
37 116
78 120
42 137
21 103
8 26
67 149
55 75
90 107
8 152
1 117
19 61
121 156
122 137
97 103
23 106
4 96
22 33
64 133
86 130
139 149
37 88
31 117
40 82
124 138
65 112
33 57
134 143
143 156
7 14
9 43
43 78
41 113
17 102
49 135
134 135
17 61
41 46
38 90
38 40
8 144
37 144
6 140
6 37
44 92
53 123
123 157
90 131
117 131
123 127
25 110
15 25
33 73
66 73
40 70
39 70
18 155
18 74
89 117
81 89
58 141
111 141
69 128
27 69
124 154
65 154
101 154
98 140
84 155
84 100
0 49
63 66
63 132
