55.040589
67
76
12508
69704
78 181
23 216
165 304
1 40
237 315
285 334
48 290
41 262
30 184
118 294
47 223
198 277
78 342
40 194
21 164
117 178
82 91
6 215
269 325
34 54
8 330
217 310
106 217
161 268
305 337
155 183
10 189
83 115
103 293
35 224
9 31
108 269
322 326
227 283
217 252
176 275
41 92
141 332
68 177
17 21
40 200
82 168
16 224
70 246
82 263
344 348
80 83
100 181
109 246
60 240
77 239
108 253
61 88
235 280
184 336
221 312
169 251
167 238
66 271
47 99
207 346
47 50
103 197
85 283
49 287
199 207
337 339
23 40
237 241
230 302
134 169
112 146
96 105
207 257
3 275
143 234
214 328
64 283
111 116
119 332
108 233
96 275
129 183
157 348
291 348
213 331
37 324
60 226
254 304
87 347
69 347
175 214
60 334
86 206
1 184
42 83
180 277
86 341
21 271
89 109
103 248
225 292
153 224
6 75
178 318
196 325
84 139
232 322
325 347
203 263
181 210
113 254
99 318
67 289
136 178
49 306
93 211
217 236
135 169
34 188
163 252
187 277
41 170
202 211
9 323
235 307
283 321
267 324
6 29
45 235
249 324
237 316
10 274
11 107
9 20
67 304
2 89
260 332
42 98
52 84
44 163
43 143
42 46
23 182
229 290
225 327
116 170
151 156
55 111
113 151
36 151
11 247
120 211
89 195
143 205
28 54
97 111
89 320
183 289
57 221
23 260
331 333
169 174
65 83
131 294
60 247
10 278
53 177
65 124
341 346
214 314
144 211
86 166
224 227
225 282
11 122
162 294
186 344
219 331
34 313
53 273
94 119
145 337
19 268
4 314
40 171
138 221
123 246
281 322
49 274
163 303
23 124
63 177
28 74
74 245
42 154
311 349
12 311
83 299
158 265
301 335
4 179
130 179
179 272
13 132
290 329
250 335
127 185
10 244
18 214
18 268
81 268
23 26
266 282
201 266
228 266
71 266
61 62
62 142
125 309
290 309
302 309
0 227
146 284
9 284
135 284
41 284
88 284
185 284
62 335
26 250
127 329
225 308
12 22
22 220
22 185
94 102
102 133
83 95
95 105
101 152
24 152
152 176
154 218
71 218
11 343
47 279
279 333
21 279
184 279
279 339
42 242
296 299
27 340
203 340
143 340
32 59
32 294
32 125
32 265
179 242
256 340
22 132
132 343
81 244
108 212
212 228
9 255
86 255
243 255
191 222
222 276
222 273
120 222
82 298
298 337
39 49
39 147
193 317
77 90
90 121
90 301
72 331
72 84
111 261
261 348
159 319
147 159
73 207
73 211
76 142
38 76
110 237
40 110
235 286
38 286
33 288
33 186
104 150
150 239
150 330
204 235
204 300
7 275
7 103
41 56
56 324
34 192
192 331
192 304
183 264
264 317
246 258
60 160
160 217
74 258
34 128
128 140
114 338
114 243
14 300
15 101
15 126
14 209
79 194
79 172
149 277
23 149
0 308
137 297
8 137
137 238
51 167
51 342
148 208
148 196
231 295
25 345
25 276
163 173
173 322
221 270
89 270
5 227
5 58
6 190
231 256
193 259
190 259
