59.818604
76
103
21
41585
109 353
201 328
174 264
58 424
178 498
199 254
125 281
353 481
384 498
103 386
299 328
116 384
66 429
6 341
86 254
237 474
382 415
293 383
251 358
84 161
439 452
110 376
37 330
43 480
36 106
77 351
54 439
73 125
328 472
26 103
50 72
228 439
114 484
160 494
293 384
250 274
40 432
140 167
279 341
154 291
7 458
7 15
27 32
27 388
27 361
167 342
70 416
45 310
45 476
114 360
154 248
60 154
334 400
280 409
226 254
261 383
347 373
347 447
298 400
161 316
57 70
9 66
19 72
423 497
22 70
73 358
18 344
114 325
72 208
405 409
161 376
167 203
2 424
103 148
103 142
321 380
45 403
346 453
162 353
270 380
414 498
191 400
420 456
173 358
303 383
216 265
238 299
76 105
47 382
17 432
133 363
289 464
157 174
78 497
427 460
355 460
131 460
29 305
276 420
237 290
89 498
233 328
346 498
350 431
482 494
215 428
39 474
394 432
234 439
68 214
81 124
41 431
42 370
370 397
56 370
185 289
281 491
120 420
265 454
382 453
221 383
188 424
133 163
35 433
230 474
113 424
384 396
139 433
410 431
144 465
265 351
185 314
265 342
133 253
133 227
79 452
318 427
94 465
278 463
105 212
105 117
202 368
169 202
155 372
146 281
289 401
106 197
305 402
197 492
13 224
224 354
224 461
246 409
115 339
197 338
205 364
205 292
205 222
130 455
130 319
130 258
48 223
48 489
48 93
48 326
164 425
164 448
225 329
225 466
225 302
34 229
18 229
151 229
76 229
194 377
194 332
194 213
209 235
209 309
171 374
318 374
77 374
354 434
123 434
3 434
25 434
51 434
166 285
79 285
0 285
243 499
243 306
92 271
92 241
165 181
165 436
85 390
243 244
85 214
85 359
165 275
278 375
110 266
11 266
336 495
438 495
274 495
126 493
344 493
239 493
292 493
97 333
43 496
182 496
113 496
123 490
128 287
62 287
168 287
186 475
98 186
152 186
129 206
187 206
288 471
150 362
102 362
8 468
24 468
468 488
2 468
257 487
36 446
118 497
60 118
152 231
231 444
81 343
172 343
343 463
103 406
252 406
121 189
86 189
189 480
189 221
101 189
211 483
197 211
176 366
176 207
176 238
176 288
333 374
126 440
0 232
162 232
128 282
21 168
132 156
156 313
115 156
1 449
5 174
5 498
5 439
40 315
337 370
190 337
7 443
88 317
38 317
317 387
124 317
111 398
49 370
49 358
49 353
195 289
24 179
37 195
97 195
195 336
179 224
195 255
167 295
379 450
12 379
276 335
174 435
98 263
255 478
327 478
82 407
27 90
90 133
66 297
297 488
103 297
266 333
371 460
130 335
27 153
153 383
88 286
26 331
223 331
30 242
242 486
14 242
63 91
91 383
149 218
54 218
218 330
277 407
277 363
170 277
352 385
352 441
273 352
256 479
63 256
48 417
135 190
135 269
177 313
71 408
384 395
87 290
87 175
20 34
177 340
71 300
177 215
347 395
71 392
87 472
70 421
421 431
99 204
7 99
260 325
260 324
260 398
158 260
217 245
154 381
74 289
7 74
205 395
210 252
210 247
28 312
28 127
200 414
200 470
4 361
4 365
308 349
10 497
10 72
138 254
159 432
194 393
262 400
101 262
174 304
30 399
341 451
416 451
130 437
225 381
193 328
133 193
268 420
442 495
20 209
155 272
272 430
272 327
61 494
284 428
204 284
145 281
145 380
122 433
122 129
59 473
59 308
202 296
311 347
33 385
45 296
25 147
96 380
141 305
348 497
69 269
413 485
133 422
107 191
213 422
147 307
174 219
67 328
64 457
249 391
46 187
202 412
207 249
267 314
220 257
220 392
95 273
53 305
95 462
267 356
44 114
382 412
3 95
64 307
44 341
53 424
46 408
45 320
31 283
31 477
105 469
465 469
136 409
136 433
112 382
112 369
375 478
83 426
75 485
83 369
52 387
52 158
52 55
75 323
75 483
83 127
134 180
134 419
134 339
65 380
192 419
192 494
61 164
108 486
105 143
225 378
20 165
80 450
92 437
211 287
138 243
85 159
118 467
10 493
209 367
240 496
268 434
236 468
393 459
263 459
80 164
236 487
119 417
231 282
445 467
198 465
198 477
211 345
21 357
418 443
23 49
21 259
92 322
23 404
82 294
137 345
100 150
100 410
286 449
315 331
349 471
21 411
196 411
217 440
184 490
183 206
104 362
331 399
16 446
218 389
33 301
