47.136492
574
52
5497
140426
132 141
118 173
61 111
96 108
60 141
40 55
15 17
155 166
45 179
22 161
57 73
83 196
47 184
26 134
3 170
53 97
0 88
124 170
3 91
154 188
72 74
123 137
134 136
14 197
18 145
63 110
31 180
70 137
49 77
104 122
31 107
32 130
66 196
152 195
3 10
20 138
87 153
0 95
149 170
147 160
16 189
15 42
14 165
59 114
124 139
55 68
145 169
67 127
12 78
25 133
104 130
24 197
127 134
0 150
81 149
8 94
29 114
33 166
46 197
34 61
28 63
133 191
74 99
51 145
159 161
53 174
32 131
124 167
150 161
106 133
164 173
31 127
35 45
1 11
137 175
147 190
30 82
36 90
71 124
55 150
15 58
75 196
114 164
21 178
108 161
173 192
178 194
44 145
141 157
0 101
9 52
20 181
36 48
27 153
69 153
36 72
9 39
13 134
47 92
66 170
62 80
47 109
73 199
151 161
32 93
177 195
94 128
19 67
45 170
80 130
108 182
63 156
53 163
18 154
82 185
82 113
64 108
78 148
75 94
104 187
72 173
11 166
31 120
6 32
63 118
45 129
108 112
74 115
16 143
80 125
20 176
47 56
147 193
23 74
55 126
80 140
5 77
67 142
7 78
77 105
83 105
104 183
27 193
89 178
116 196
31 125
7 61
73 165
3 117
98 154
135 195
61 121
36 41
50 67
56 82
16 119
168 173
127 172
65 96
1 65
38 76
56 186
54 143
54 72
85 127
85 94
73 84
77 84
84 178
37 158
146 170
146 150
43 147
43 121
86 114
86 147
78 144
49 144
158 172
76 158
61 100
15 100
133 171
9 171
158 186
79 153
20 79
2 103
2 37
4 166
154 198
141 198
197 198
4 53
4 133
145 162
9 102
137 162
102 195
