17.197756
68453
24
12
206786
87 105
28 88
38 78
64 78
26 54
58 72
18 89
34 110
21 45
4 109
92 95
95 118
9 95
94 104
91 104
76 117
16 76
28 76
73 86
83 86
86 112
32 48
58 82
48 109
82 100
19 82
40 48
41 113
41 59
41 83
24 41
68 75
46 68
15 68
33 55
22 108
108 119
35 55
89 108
17 113
17 66
53 60
14 17
53 85
5 53
17 69
53 84
70 74
62 70
31 70
29 54
29 67
29 44
10 77
10 98
30 105
30 99
49 106
26 106
42 106
57 106
4 43
3 43
79 114
25 114
45 114
13 20
20 57
56 107
34 80
72 80
80 90
1 25
1 51
1 52
3 37
63 88
21 63
0 51
0 6
63 110
65 95
78 115
14 61
104 116
5 11
47 78
11 18
23 49
8 95
76 93
10 37
86 116
68 101
7 82
7 48
17 93
8 104
55 96
65 108
50 75
50 78
70 96
41 115
2 29
10 102
55 81
29 61
30 111
106 111
56 71
96 114
2 12
12 27
27 71
97 101
36 114
39 56
56 103
