27.235699
75
69
13397
59277
181 309
23 180
242 348
333 341
91 262
82 148
83 134
227 317
24 332
141 260
177 196
118 240
37 44
89 332
82 116
139 319
253 299
166 332
23 60
55 218
118 283
178 314
184 227
132 230
196 338
195 308
14 68
91 189
242 325
189 196
18 38
4 17
210 253
204 288
176 324
237 312
4 285
80 320
147 255
1 82
27 341
201 268
165 256
112 302
99 301
82 309
107 180
0 274
231 238
3 308
114 230
300 312
110 261
169 280
72 297
0 252
284 335
127 250
206 336
15 225
106 222
331 346
90 346
250 312
222 253
150 222
88 222
315 346
206 298
74 284
180 263
19 288
168 234
19 187
19 332
168 333
19 50
168 285
248 263
168 253
187 263
301 344
199 344
145 315
34 313
29 165
11 262
35 187
124 213
228 273
87 110
166 282
57 215
124 126
136 209
161 263
224 315
157 280
229 343
128 229
229 251
88 229
15 165
112 250
29 206
51 202
9 15
222 280
11 206
250 299
268 322
33 187
238 244
135 164
31 302
0 245
137 164
194 342
1 18
97 268
228 248
131 301
152 218
143 274
107 336
149 260
188 257
18 119
267 341
68 248
219 337
44 276
124 125
300 339
26 336
18 77
143 342
46 317
170 234
86 253
41 253
211 288
139 142
213 258
288 292
94 242
71 324
72 278
60 234
9 12
295 320
48 209
272 342
304 337
221 324
246 285
150 215
219 258
98 102
52 320
175 317
111 209
214 234
22 313
279 290
26 279
233 311
159 279
257 259
129 291
27 230
197 302
265 312
96 218
281 302
171 257
156 180
211 316
258 294
181 291
135 285
311 335
32 280
146 313
187 318
158 199
199 249
199 295
75 199
76 301
233 253
45 187
155 248
205 240
2 118
110 172
316 331
185 319
0 153
153 215
144 235
144 260
90 133
154 313
164 266
106 186
158 203
93 287
14 287
226 303
226 284
35 115
115 317
66 186
47 260
47 161
10 214
8 305
287 305
10 203
182 332
224 345
124 207
164 207
162 249
162 202
106 151
151 259
82 239
239 257
192 239
232 239
24 270
270 321
5 269
113 269
269 298
236 262
34 236
16 184
174 230
73 236
6 236
183 258
307 315
19 326
25 174
165 340
69 225
69 238
79 320
43 296
61 337
6 43
105 323
210 323
20 329
119 329
63 230
113 217
229 243
13 344
42 168
254 262
84 272
44 191
30 279
30 44
67 301
124 208
101 238
264 324
238 264
25 241
167 282
167 200
265 328
319 328
103 345
53 204
161 193
28 257
50 293
16 330
17 21
21 92
75 349
160 193
7 221
62 70
70 269
117 138
120 218
120 202
117 307
85 159
85 268
59 64
18 59
73 163
118 163
56 256
56 102
95 282
95 314
130 196
72 130
130 190
121 247
121 232
123 347
123 308
179 205
179 216
179 327
98 108
108 223
39 310
39 279
212 275
212 347
83 212
212 344
78 250
78 242
49 202
49 209
36 147
36 277
72 220
220 277
81 134
81 104
122 334
122 308
40 198
40 62
54 196
54 173
109 216
109 289
140 187
65 306
110 140
65 334
100 247
100 286
58 271
58 255
