24.973321
50322
40
287844
410061
7 108
173 174
154 197
104 171
9 41
3 166
101 175
35 93
60 135
170 186
60 190
52 118
24 139
69 173
27 54
65 66
1 132
116 161
17 56
56 136
152 184
81 104
25 68
130 198
50 131
91 108
88 109
141 170
44 101
39 139
89 132
68 70
50 95
111 159
33 91
89 93
49 130
52 92
13 19
20 173
56 137
112 184
65 96
68 114
72 131
58 194
30 70
71 99
30 180
71 93
71 166
71 184
5 71
68 71
30 58
50 180
72 189
76 96
73 88
73 104
76 92
76 110
43 76
168 173
37 73
73 196
37 106
88 167
43 160
105 124
122 134
38 153
62 187
86 178
28 85
106 183
134 194
1 96
5 144
36 90
127 133
109 153
84 88
138 178
4 79
13 96
53 85
50 64
11 102
6 160
5 123
10 85
41 166
126 159
14 153
90 160
134 188
159 182
79 130
33 88
4 93
63 90
104 162
101 156
24 110
5 176
107 178
134 149
127 192
108 151
174 178
143 179
31 90
98 172
119 155
127 169
65 125
8 159
37 51
52 142
132 155
120 170
55 166
138 184
65 100
81 119
150 172
54 115
106 150
37 74
129 173
68 143
5 102
40 104
93 158
78 117
26 182
166 191
85 191
61 161
78 196
102 126
83 85
60 96
102 128
52 148
46 118
46 54
32 161
32 132
57 67
67 141
19 87
87 154
45 87
177 197
34 168
34 97
82 99
21 161
12 52
21 57
23 70
94 101
56 94
85 103
103 187
2 15
2 127
2 26
30 140
140 164
0 9
49 163
181 185
151 185
83 157
105 193
157 199
17 195
6 193
195 198
59 180
59 77
16 170
121 180
22 68
47 102
47 165
29 129
29 113
48 124
48 147
42 80
42 192
18 36
18 146
75 113
75 145
