8.984808
30124
17
422815
703380
79 81
29 89
102 112
32 89
105 114
92 101
62 86
55 56
65 81
55 74
8 38
89 111
45 79
17 53
93 101
10 89
6 99
4 55
38 99
3 81
23 26
68 92
15 61
91 113
111 119
51 73
40 49
69 117
85 108
61 87
46 82
69 101
100 114
61 100
11 118
23 91
69 74
39 60
5 49
81 90
68 113
11 60
52 84
109 114
78 84
11 24
102 115
35 109
0 75
11 14
0 99
8 82
55 88
45 49
42 110
96 114
67 102
51 110
18 51
3 101
53 99
51 60
35 116
95 116
116 117
44 99
55 63
72 84
61 76
37 94
37 116
28 39
36 82
42 104
100 104
36 76
20 60
30 61
1 61
34 62
34 60
90 98
6 43
66 103
2 49
32 43
50 83
14 83
41 75
9 82
9 102
26 59
59 107
106 107
103 106
70 84
44 70
80 89
25 80
48 69
12 48
64 115
13 27
13 49
71 72
71 97
47 82
47 108
57 65
22 31
22 85
33 89
33 77
16 58
16 77
21 54
21 56
7 17
7 19
