10.700226
79
22
1521
149672
1 135
78 98
9 79
126 136
118 127
17 136
28 58
1 131
52 63
97 120
90 128
40 120
52 99
7 127
107 138
108 123
41 128
9 137
1 22
45 107
9 12
52 111
15 132
48 106
28 134
25 92
1 25
114 120
89 137
32 78
77 128
101 118
75 136
1 93
50 120
35 128
3 87
30 78
36 119
51 119
1 78
19 124
10 52
35 86
48 67
45 92
92 113
26 92
80 92
66 107
1 21
34 123
29 90
26 54
76 87
80 82
82 129
59 92
21 81
112 136
107 112
6 38
69 70
38 81
6 84
52 84
59 70
69 105
44 133
25 133
89 133
85 117
117 124
117 139
104 136
34 133
28 72
72 108
14 72
72 101
28 61
31 107
31 86
74 77
18 74
4 78
13 133
13 117
9 88
72 76
28 68
33 68
46 86
46 53
110 120
110 128
25 125
62 104
64 97
8 53
8 55
24 73
24 63
57 127
16 86
16 94
39 83
54 83
11 119
42 56
29 42
65 114
27 122
27 105
11 65
23 33
23 121
23 47
37 101
37 91
43 56
43 102
0 102
0 132
2 47
2 48
39 109
109 130
95 116
95 114
15 49
49 103
49 60
48 71
71 96
5 115
5 122
20 96
20 100
