89.433333
1
98
18
397292
123 183
80 81
145 156
105 245
121 239
150 297
150 237
239 344
115 277
79 166
124 334
122 249
143 257
110 279
150 285
131 263
129 284
116 245
262 334
112 218
38 140
182 292
181 280
158 329
157 313
151 337
171 200
98 200
184 200
140 312
163 284
152 277
145 224
106 280
188 305
111 304
38 135
197 281
132 174
81 253
268 322
221 282
155 284
284 286
138 165
138 144
138 175
134 202
96 247
101 295
87 309
103 227
99 238
85 245
85 142
83 153
138 335
217 235
144 278
120 137
79 100
78 254
77 259
41 347
32 227
113 132
176 224
87 210
281 330
99 219
99 186
99 170
164 202
91 180
139 305
140 311
279 326
314 327
242 334
224 235
157 308
92 176
235 271
136 311
91 142
195 308
306 310
305 315
179 244
247 299
221 256
172 232
32 311
279 293
234 241
244 294
247 333
339 349
168 311
103 349
36 349
245 333
243 348
281 318
18 308
234 254
229 292
176 231
242 269
236 278
281 320
33 47
272 331
249 283
267 312
166 169
7 47
259 340
244 286
300 332
150 302
248 312
250 325
34 48
264 292
278 319
252 277
95 207
95 146
91 107
6 56
36 100
94 310
161 249
119 247
168 196
41 203
157 307
219 239
24 272
40 232
196 222
58 268
91 208
158 261
12 279
192 310
191 240
250 301
190 240
211 272
209 268
204 235
202 293
16 193
185 225
16 219
22 162
215 312
213 292
190 233
190 223
189 243
36 316
1 160
30 243
195 339
1 104
3 314
16 97
15 273
2 263
31 250
185 251
9 346
35 222
54 265
15 114
27 68
36 323
37 265
38 84
31 83
3 284
24 55
65 159
26 137
9 17
40 185
45 142
45 74
44 103
43 234
24 95
11 103
41 151
15 115
89 183
40 66
39 339
38 266
5 263
117 222
3 212
9 291
25 272
130 239
29 166
101 161
31 48
59 260
2 340
9 40
23 143
22 205
82 202
1 141
63 176
83 90
16 345
101 178
18 187
22 28
55 321
21 111
13 232
50 143
53 259
15 93
56 290
52 278
83 126
81 214
66 79
22 197
18 255
1 229
59 161
0 145
137 177
47 199
75 277
67 92
79 234
303 342
112 250
293 310
148 183
65 288
79 221
18 300
101 287
127 232
70 95
144 268
87 191
62 167
55 118
56 142
277 342
71 249
59 289
45 198
68 228
76 185
56 78
61 158
81 197
218 342
45 341
47 88
46 157
57 59
68 206
65 115
64 111
47 186
61 249
66 197
55 194
41 338
149 221
62 246
72 166
48 51
73 339
49 132
48 201
65 230
69 145
317 342
87 275
150 275
143 275
62 336
243 338
263 338
67 265
142 274
274 275
68 133
133 219
140 298
24 298
144 173
270 338
220 229
143 328
244 328
62 328
328 334
20 66
42 174
10 190
10 68
296 342
296 343
111 296
47 296
258 303
258 293
125 298
3 8
8 229
8 183
125 154
42 154
173 328
125 270
19 308
19 224
4 108
4 229
109 161
109 115
14 82
14 280
86 343
276 337
226 305
132 226
276 324
86 216
60 137
60 158
147 200
147 265
102 128
102 308
