29.152701
436
33
24768
158909
64 144
33 135
40 94
14 94
3 104
13 27
64 111
19 88
29 53
35 88
45 49
37 132
58 129
15 90
132 133
116 125
16 55
13 106
56 133
145 149
46 147
95 120
23 143
44 147
77 130
5 6
13 108
22 114
32 127
96 106
43 107
94 115
25 138
28 56
96 136
56 155
10 77
26 119
73 79
51 131
26 128
52 128
16 17
49 56
26 51
127 141
5 83
21 103
102 135
9 21
120 150
126 145
26 110
11 13
71 77
29 125
78 96
15 75
31 70
75 139
100 138
84 145
62 135
3 123
56 95
4 56
47 110
133 137
129 140
31 99
88 153
45 88
60 96
7 129
73 157
16 159
28 80
50 127
42 110
15 68
31 97
51 66
21 38
102 157
23 156
86 147
59 120
3 24
25 72
30 114
73 121
23 72
43 154
21 97
24 35
56 105
20 133
17 145
87 94
125 148
34 114
46 113
26 112
106 120
5 98
28 158
12 26
12 64
15 50
76 110
1 101
48 92
87 93
93 139
93 117
89 93
1 48
65 125
31 65
0 65
39 110
3 39
91 101
56 91
91 94
65 93
21 118
23 118
36 52
36 69
109 113
28 109
92 142
43 142
133 134
53 81
67 81
85 120
74 145
106 152
74 152
51 151
77 151
57 135
57 130
63 115
63 146
16 61
5 61
8 73
8 114
18 64
18 82
41 124
41 82
2 122
2 37
28 54
54 129
