8.638051
74
22
135
137049
1 74
22 117
99 111
23 105
32 99
11 25
19 25
66 133
6 25
4 42
28 74
16 91
12 16
37 84
16 110
34 103
26 34
4 129
107 116
101 107
16 20
22 84
24 84
10 67
8 31
47 72
82 84
18 97
52 97
57 106
38 87
117 122
109 122
63 126
23 126
100 126
9 126
70 94
96 105
14 86
86 99
53 62
12 88
79 88
18 124
74 124
49 102
40 106
61 135
46 69
74 77
4 77
95 122
15 100
15 47
56 114
114 126
113 124
68 74
68 84
38 96
56 95
121 127
27 127
91 127
99 127
5 9
49 113
72 127
2 30
33 53
79 81
59 99
62 122
3 107
34 123
16 123
70 86
46 98
83 84
31 83
5 39
2 98
60 93
93 107
69 93
53 93
80 93
34 73
33 134
21 102
105 131
50 112
54 80
51 60
25 125
59 106
61 88
65 128
65 67
13 120
13 57
13 139
40 50
107 130
3 89
108 119
108 138
108 112
78 108
44 78
29 138
58 104
104 137
104 120
55 139
55 92
10 41
41 85
41 119
75 130
35 137
17 135
17 64
89 125
36 64
36 132
0 87
0 66
25 45
45 90
48 136
48 92
43 90
43 76
7 121
7 115
71 118
71 76
