138.396078
23029
146
7132
53248
255 330
293 306
288 456
339 499
58 367
7 354
34 398
44 165
328 377
112 366
9 466
112 357
234 289
330 334
225 378
182 231
60 362
15 195
68 105
63 346
45 474
352 457
221 377
59 178
104 421
276 358
230 317
112 438
116 374
129 161
152 187
14 124
124 278
21 72
304 332
62 472
353 365
225 478
105 345
1 237
385 470
235 458
76 190
176 189
66 497
370 442
213 272
237 465
163 192
131 229
274 375
114 130
3 383
185 370
264 355
58 253
56 288
88 374
303 318
113 241
42 141
405 426
413 471
307 427
288 490
309 462
78 130
374 434
151 190
302 493
92 475
416 439
128 259
191 421
260 487
32 302
107 172
55 239
172 382
319 354
419 476
287 336
301 351
427 431
139 167
18 339
149 240
27 453
269 488
97 289
323 416
273 494
163 294
83 358
60 215
349 427
106 367
252 260
310 400
348 388
32 130
207 327
66 314
383 424
125 353
461 482
34 232
221 420
453 464
318 492
87 117
43 60
282 447
51 472
283 464
259 441
210 236
84 458
86 195
5 259
165 292
254 289
24 351
169 420
102 236
239 437
241 403
239 312
214 220
131 322
17 34
134 186
109 328
129 386
20 387
168 422
272 408
8 19
90 92
259 450
74 388
317 347
239 298
187 390
71 328
190 404
120 163
122 149
298 385
165 315
220 224
119 462
178 452
287 338
263 332
414 474
464 484
156 421
21 404
405 480
19 28
115 346
21 268
204 273
260 415
11 200
49 58
19 468
92 463
130 295
76 471
171 178
88 297
336 346
193 461
84 373
84 318
21 74
32 163
60 96
167 356
10 355
187 257
416 477
391 472
12 313
342 405
400 451
388 428
79 176
298 370
330 337
392 405
54 400
27 394
195 246
238 488
388 418
48 234
182 244
81 158
197 351
132 168
173 355
401 459
346 364
300 375
316 419
88 375
462 485
146 302
106 397
0 105
417 459
217 317
146 297
93 195
142 461
267 381
313 443
141 279
299 352
167 247
124 262
136 496
91 371
73 354
377 427
409 496
162 267
376 394
266 369
327 444
242 459
265 373
335 375
13 236
160 387
258 377
168 226
39 498
143 373
157 293
37 464
297 435
394 412
340 353
202 327
69 282
218 324
134 250
2 373
281 400
126 473
87 313
118 182
50 58
70 298
290 332
369 399
296 297
175 332
149 366
31 380
103 302
170 287
352 489
85 249
194 325
56 279
58 457
95 273
6 366
124 235
360 371
9 212
227 297
65 471
176 469
155 339
214 241
40 325
55 311
101 134
98 471
57 66
166 459
311 369
216 416
39 384
145 176
423 461
178 270
220 433
385 436
129 193
36 328
134 270
164 344
58 270
293 333
153 387
141 199
172 361
85 117
147 370
47 128
29 272
183 369
183 387
246 318
172 449
225 449
317 449
183 474
18 88
126 324
211 358
31 196
180 267
211 383
4 140
273 377
6 343
190 331
22 108
92 215
70 467
221 286
31 128
70 261
135 385
144 496
11 53
48 123
168 216
138 474
48 411
363 371
106 150
275 289
19 234
286 330
175 458
6 448
75 225
21 174
80 488
258 287
33 76
81 310
241 454
236 286
4 326
149 280
47 148
25 389
374 455
126 320
16 383
26 159
209 237
70 154
81 446
308 419
25 445
133 407
206 282
23 419
85 479
39 46
30 256
351 466
30 235
215 221
47 396
235 355
34 216
237 286
39 486
243 429
377 429
308 429
30 350
22 175
25 498
133 188
175 260
77 84
89 100
353 466
31 110
47 406
164 432
182 466
25 228
336 488
48 179
26 410
187 498
126 189
30 222
112 321
33 52
4 184
164 495
77 127
133 491
81 203
212 421
4 74
6 402
89 205
26 425
22 430
77 111
77 99
33 35
89 212
215 371
133 212
33 181
22 223
89 329
285 361
221 271
305 498
94 298
94 291
64 310
64 472
64 401
64 342
64 201
233 354
85 233
233 357
82 189
82 395
385 483
482 483
241 483
327 483
393 449
270 393
183 284
234 284
216 219
76 219
121 366
121 128
88 121
271 305
121 291
189 359
9 359
359 458
277 282
11 277
164 372
66 277
26 372
267 372
67 293
67 429
67 141
233 285
251 395
251 293
341 419
131 341
341 394
208 310
32 208
37 198
198 379
177 195
177 461
220 481
383 481
167 481
245 472
245 272
358 460
460 496
368 498
267 368
137 325
137 352
41 450
11 41
61 447
0 61
74 248
248 336
106 440
440 462
38 165
38 105
