135.492898
999
145
9
53789
58 348
232 464
7 403
256 352
229 388
108 485
274 326
143 155
87 121
36 394
76 245
46 421
166 476
19 191
393 447
388 447
399 447
319 447
404 458
255 458
184 458
262 477
134 477
29 477
427 439
341 439
359 439
468 469
137 468
335 468
110 383
79 383
142 358
383 442
121 142
101 142
94 102
102 237
9 102
102 218
371 451
125 451
87 451
131 185
131 498
93 131
256 478
303 478
471 478
258 353
353 450
353 418
277 499
174 434
244 322
231 479
288 496
376 422
209 474
96 241
345 454
166 415
385 495
211 284
95 267
311 434
88 474
221 284
108 260
74 454
240 267
291 490
171 267
459 499
232 266
68 496
99 260
46 284
126 266
265 495
153 322
163 496
189 434
494 495
234 422
208 454
225 260
41 479
290 415
429 490
198 241
76 499
157 422
6 266
190 490
117 322
149 474
31 241
280 479
169 415
129 417
129 445
22 489
22 49
22 487
59 129
129 164
33 472
472 480
36 472
70 365
70 214
70 463
180 387
387 436
135 387
325 350
58 325
282 325
133 205
133 285
133 168
127 333
339 475
38 333
72 320
361 426
292 413
28 264
400 414
80 361
323 456
408 414
364 481
141 361
140 292
336 402
333 394
346 428
270 323
30 123
354 424
182 449
344 372
316 346
65 224
83 250
178 250
5 449
264 431
13 390
191 391
289 354
320 409
2 292
57 254
42 320
90 314
92 116
414 421
204 257
103 123
0 390
230 391
60 323
281 467
276 364
35 346
148 257
192 354
220 254
212 224
122 314
449 453
254 357
329 402
10 339
130 249
402 444
391 466
314 382
249 373
161 344
156 249
224 337
390 483
50 281
261 281
173 344
34 116
257 268
150 339
123 194
116 124
227 264
233 364
250 253
25 286
25 55
25 159
25 135
118 465
118 403
53 118
312 340
312 476
306 312
226 352
226 347
40 226
219 274
219 370
51 219
236 318
236 245
77 155
77 138
3 236
247 457
146 247
8 77
247 393
24 37
147 162
17 313
1 12
275 356
78 119
151 397
293 297
56 392
39 56
56 176
24 75
4 23
61 160
12 330
52 259
119 441
119 351
151 461
160 377
107 301
69 104
160 425
147 201
18 170
104 269
109 307
7 151
259 401
259 433
275 304
313 440
170 343
328 484
170 445
215 328
89 298
313 374
14 147
23 67
328 488
301 327
301 420
307 412
21 275
104 263
12 423
11 89
89 485
307 375
297 437
23 296
297 338
142 383
100 473
100 380
100 326
82 144
82 229
82 355
143 177
165 177
9 177
359 407
136 407
416 458
64 91
64 203
32 305
48 216
106 207
32 432
248 491
86 317
64 179
16 497
248 310
206 411
27 97
106 210
63 443
62 273
206 278
32 202
106 196
16 368
62 493
63 105
248 272
206 295
86 114
48 283
115 462
62 152
63 294
183 315
66 246
71 238
128 175
73 430
199 332
199 470
71 386
115 181
48 448
73 363
183 349
128 331
199 486
128 287
73 381
71 252
66 342
183 222
66 398
27 243
26 235
27 389
26 324
86 154
26 378
115 120
16 145
228 489
184 300
19 384
43 384
348 384
139 447
22 187
439 455
167 188
167 464
133 187
334 477
142 396
93 308
56 187
47 383
267 405
241 405
299 434
213 468
410 451
20 477
131 242
186 479
47 353
284 395
187 200
406 474
302 496
15 266
242 454
158 422
187 410
271 360
187 206
45 231
325 405
281 396
213 322
307 416
299 402
223 237
70 369
139 390
364 455
123 455
25 299
264 492
98 323
186 314
44 254
112 414
112 346
361 369
362 468
449 482
242 249
116 482
15 292
354 406
158 344
309 339
85 257
320 406
54 102
111 416
86 416
213 333
139 301
77 492
20 472
44 236
98 275
415 438
113 478
313 395
104 395
81 416
112 297
197 495
47 151
47 170
223 458
113 499
132 490
132 260
119 435
12 302
24 419
85 259
23 419
360 439
129 362
71 396
89 213
98 239
239 302
16 492
85 239
279 391
64 186
22 308
239 334
54 387
200 406
200 309
44 48
224 452
26 369
44 300
113 250
32 410
27 309
106 482
128 435
115 158
183 435
85 248
73 419
199 309
15 62
66 302
15 228
242 300
300 482
193 299
98 384
226 438
118 460
219 452
131 360
379 455
197 247
160 438
279 328
195 405
396 446
147 362
366 492
200 321
47 172
195 395
139 367
100 460
82 132
172 419
45 70
186 217
112 217
435 446
84 321
63 460
158 367
111 251
