21.979325
31
39
48
113792
82 88
17 80
62 174
36 164
78 135
58 104
6 114
6 125
6 105
22 71
21 60
70 180
134 139
48 144
81 97
65 139
58 118
143 182
36 45
123 180
41 47
13 151
48 145
36 140
78 101
20 30
45 186
120 139
13 49
45 169
155 180
45 76
32 82
71 85
54 102
93 157
188 189
122 126
12 30
166 189
21 117
136 174
86 142
129 142
61 182
36 160
54 195
20 139
26 82
52 58
75 172
107 174
21 161
79 176
162 182
127 163
71 137
119 157
13 185
28 58
44 58
148 161
80 181
23 174
25 128
30 165
141 172
189 190
152 158
25 68
137 154
54 99
142 179
121 181
24 181
78 87
17 158
148 177
177 182
133 177
126 131
64 131
28 59
56 59
59 124
64 91
187 192
138 187
127 187
56 191
183 191
27 95
95 194
67 95
19 146
118 146
89 159
159 194
116 121
125 178
14 50
1 39
131 178
35 83
10 35
50 191
1 9
9 31
10 33
40 198
157 198
35 91
48 147
45 109
82 171
48 199
83 199
57 172
58 74
48 74
109 131
33 113
6 175
173 175
47 175
52 196
189 196
30 51
94 113
94 95
13 197
2 98
33 116
48 168
71 168
5 25
11 142
11 36
33 115
115 198
3 81
3 172
150 164
13 150
187 199
142 170
42 156
42 182
30 132
132 158
51 177
36 55
16 84
16 154
16 111
40 73
73 193
78 130
25 130
38 97
38 185
110 180
6 110
4 157
4 29
46 111
46 176
66 157
69 78
153 174
153 189
100 167
23 100
13 18
18 54
8 138
8 103
63 77
79 90
90 92
2 178
34 84
34 112
7 15
7 112
0 82
72 184
0 158
96 98
96 108
43 149
53 74
53 77
5 39
9 171
106 175
37 66
72 196
37 43
