22.378406
83
41
35
115448
90 148
8 17
126 148
73 171
98 118
17 91
163 171
70 103
1 111
74 182
163 174
104 149
80 83
0 165
25 188
53 135
38 134
122 171
36 107
26 119
7 190
50 63
14 48
56 103
38 185
92 195
10 13
92 166
92 189
105 119
149 176
57 111
28 112
28 138
38 55
56 178
148 177
11 129
161 182
61 199
44 103
13 33
13 129
115 129
27 135
13 110
3 178
2 63
182 187
37 183
69 185
66 182
156 178
111 145
47 61
63 153
6 17
95 183
144 184
9 171
139 189
24 140
24 120
14 149
64 184
103 124
36 194
61 102
103 142
23 88
23 173
128 184
23 164
61 72
119 121
24 181
81 141
93 141
69 141
41 158
25 158
22 113
40 113
122 151
80 151
151 183
68 151
0 193
99 193
21 193
98 154
127 154
54 71
71 149
30 71
79 136
136 191
85 136
132 136
133 160
60 160
39 162
135 162
45 84
12 79
114 172
7 46
192 197
19 31
146 183
32 106
32 140
32 97
97 100
100 103
100 109
54 100
23 155
133 155
28 108
65 137
29 119
99 152
129 159
58 159
24 186
62 74
22 62
58 62
62 114
101 139
101 165
39 101
157 198
20 35
35 157
51 184
36 51
51 119
28 51
137 158
128 130
78 188
64 78
78 89
78 82
68 78
130 141
52 81
61 117
75 129
75 103
75 90
147 183
59 135
116 148
92 116
43 82
43 182
15 131
15 192
15 190
182 196
5 49
5 132
13 125
61 125
84 172
96 174
96 168
84 150
12 150
108 123
83 86
86 143
146 160
76 85
94 113
154 169
71 169
44 67
67 179
17 167
149 167
160 198
16 63
16 135
42 111
29 31
4 154
35 197
180 186
46 170
42 193
34 100
32 175
77 180
77 87
18 147
