16.484269
12
34
305189
493256
1 10
74 145
97 136
67 106
134 176
53 123
0 119
55 112
75 172
112 120
77 118
107 177
141 160
147 148
32 128
30 37
15 60
66 153
7 157
54 116
75 128
86 164
34 138
90 146
59 60
8 105
18 80
0 27
112 121
1 176
156 164
115 141
163 165
56 144
85 145
92 128
84 105
70 166
33 81
114 123
16 156
18 24
108 111
1 92
127 139
21 108
108 139
108 161
37 100
100 152
100 156
100 106
7 148
148 163
0 168
111 134
82 172
7 71
14 162
29 118
20 70
44 57
129 163
18 117
90 170
81 163
18 99
53 106
60 177
43 97
68 94
58 97
38 148
3 120
91 134
9 56
34 128
1 46
51 74
56 148
137 138
12 156
28 166
26 133
143 153
7 35
86 94
64 116
0 57
2 26
23 52
41 82
49 95
66 152
51 122
14 90
156 172
141 142
97 110
97 104
37 177
72 74
150 172
18 160
69 163
49 153
105 131
41 118
19 107
26 79
37 169
73 76
130 134
114 120
126 141
5 56
1 40
9 113
39 160
63 149
87 125
87 137
25 87
35 87
28 87
102 122
95 109
96 134
0 96
54 102
26 124
88 109
109 115
102 158
80 102
33 135
120 124
31 135
159 166
39 149
45 90
44 89
89 140
50 63
103 160
103 132
47 105
47 74
45 50
55 98
25 171
48 171
98 179
113 178
4 178
93 148
60 154
77 174
78 175
78 101
78 105
76 78
43 78
23 78
151 175
151 167
42 155
42 168
36 177
13 48
17 64
17 62
22 85
22 61
22 83
65 117
65 173
6 11
6 83
