62.535288
13193
72
52
88046
142 144
40 242
164 172
73 124
47 264
267 286
204 251
76 230
92 181
251 252
218 224
14 286
71 237
140 231
201 294
60 92
201 272
6 275
22 164
49 65
154 199
46 248
46 59
18 99
159 174
122 291
32 236
221 283
137 261
153 289
190 201
65 205
99 146
34 176
230 271
160 198
157 196
90 237
6 297
91 257
4 6
58 286
174 235
153 258
34 232
83 160
158 236
61 109
26 152
183 194
183 268
162 230
81 162
162 296
110 175
46 260
74 172
26 295
26 97
20 282
189 226
136 226
168 226
144 209
64 154
35 81
46 208
230 279
34 206
43 72
115 266
72 168
20 23
117 122
154 264
42 174
51 257
229 236
46 119
11 263
89 110
92 95
129 183
13 81
160 169
17 157
179 292
27 277
72 173
143 172
250 266
84 112
84 96
52 215
98 131
98 276
68 261
54 145
12 84
180 292
7 122
40 63
6 219
43 153
163 273
30 243
193 231
187 286
206 291
56 73
70 266
283 299
276 293
156 296
135 234
38 135
71 101
30 57
144 267
39 114
222 237
71 116
111 261
81 197
118 263
133 184
84 298
200 272
182 273
40 215
22 72
59 215
124 212
65 163
65 290
69 284
82 218
138 296
84 139
27 275
217 276
27 134
3 40
25 292
123 263
53 172
255 284
110 256
125 135
16 237
75 283
184 296
15 90
1 171
39 296
27 140
257 269
106 251
105 284
145 157
72 285
171 239
39 85
44 231
109 191
5 215
87 273
73 210
109 189
15 54
15 78
15 167
9 218
77 281
77 195
77 249
166 251
160 166
15 166
62 131
62 155
62 121
29 223
29 253
29 200
41 288
47 288
119 288
110 126
30 126
126 266
183 186
133 259
45 259
132 270
0 246
0 211
79 280
0 162
103 128
0 8
103 278
79 227
79 141
132 254
103 130
132 185
150 265
120 265
19 265
132 186
21 202
143 202
150 214
274 298
170 274
241 281
113 162
10 84
178 207
20 207
225 247
80 286
171 240
112 240
166 228
276 287
48 102
161 257
213 233
213 238
178 213
31 174
31 71
31 170
31 226
109 165
165 276
2 153
2 238
2 92
2 122
192 244
192 237
192 215
12 36
36 93
36 212
19 36
20 149
149 295
39 66
66 172
66 218
108 126
100 186
72 177
29 287
62 161
107 135
107 144
80 265
94 224
77 177
216 283
65 216
30 245
39 245
26 88
88 292
37 299
30 37
104 236
104 154
84 86
86 261
55 99
55 215
151 231
65 151
147 201
147 284
24 231
40 220
33 263
27 33
28 225
28 244
28 262
203 242
28 186
24 79
103 220
113 188
50 67
50 108
102 247
127 188
102 148
