45.466667
1
67
8
280741
75 276
85 235
85 258
86 229
87 202
89 91
91 116
270 288
29 253
121 150
92 251
100 234
100 286
102 149
102 190
102 196
169 255
66 252
170 296
108 149
112 143
112 219
112 249
119 201
120 278
63 192
44 281
47 278
50 175
24 84
50 273
52 192
53 85
54 93
57 127
60 139
61 158
62 244
74 156
25 40
74 262
199 223
67 232
69 91
70 192
70 292
71 104
71 198
186 255
24 230
210 242
181 228
184 281
185 272
72 245
195 199
25 51
74 114
201 225
203 271
203 298
204 272
208 281
179 236
217 288
170 250
176 278
232 290
236 237
238 293
239 240
239 284
252 254
0 6
29 261
44 247
126 222
127 166
127 197
127 274
129 203
134 229
135 225
136 276
138 181
139 203
139 233
146 287
0 39
150 160
158 288
159 278
161 178
164 244
166 210
177 229
29 45
21 48
23 32
24 77
4 294
50 260
37 100
38 210
26 73
26 127
27 238
17 25
29 117
78 172
0 81
0 241
2 65
30 276
31 71
32 131
32 137
33 247
5 285
148 181
79 93
82 85
7 255
3 48
4 41
4 171
4 282
232 262
226 247
200 245
44 181
94 278
8 150
93 222
10 90
10 99
10 106
12 256
13 215
44 188
43 78
34 295
44 113
35 239
281 299
42 74
95 247
16 225
9 251
280 291
203 291
207 279
126 279
97 279
175 279
146 180
87 180
124 180
4 187
150 187
0 187
241 297
188 297
133 153
253 269
44 153
140 144
130 153
207 212
113 144
182 269
2 153
119 144
1 269
170 212
50 111
106 155
5 168
152 168
32 168
168 282
71 125
44 145
141 259
243 280
194 243
108 243
210 224
25 231
139 231
231 255
183 236
112 183
32 157
85 157
96 289
34 289
132 287
132 205
132 176
102 147
147 239
162 170
192 277
36 251
36 143
124 128
128 272
103 123
142 252
55 103
15 220
220 258
257 274
24 216
37 142
10 189
73 103
216 255
189 232
48 189
12 220
104 142
256 257
110 288
110 170
88 229
74 88
165 206
206 264
206 288
202 206
105 248
211 245
78 211
248 268
127 211
58 248
221 267
161 221
55 218
115 209
245 263
199 209
97 218
25 193
170 266
182 193
78 283
14 100
14 272
93 246
13 20
20 213
20 115
155 187
180 231
58 167
59 285
28 225
227 238
170 227
47 151
107 118
107 295
107 178
64 68
64 292
109 244
109 278
50 83
83 276
48 191
191 251
145 259
40 56
76 91
56 80
22 229
163 265
163 215
76 199
173 177
11 205
214 251
154 294
111 174
19 297
125 248
18 224
122 268
49 244
49 89
147 275
101 162
174 277
98 101
167 289
46 246
