13.006695
460446
19
251671
1099920
13 54
63 65
40 57
16 94
63 66
78 94
50 68
40 80
36 40
1 86
56 93
74 79
43 83
2 79
6 69
81 91
39 53
22 93
53 60
63 71
27 58
38 43
79 84
59 89
13 92
46 96
78 96
13 96
91 96
11 59
11 90
45 69
45 49
40 45
12 55
15 40
55 61
14 73
69 76
3 86
5 32
19 78
17 83
5 34
84 86
77 90
58 78
29 90
37 91
69 98
93 95
34 73
59 87
42 87
10 76
36 85
75 99
31 32
13 51
0 49
41 59
2 93
25 55
68 72
10 75
49 79
88 91
39 43
48 59
46 65
21 75
75 92
61 97
28 69
49 52
73 95
9 68
23 90
55 70
20 90
20 78
4 86
82 96
12 82
24 73
24 44
64 75
33 43
33 63
4 68
30 85
26 45
62 74
44 67
18 69
8 35
8 60
7 42
7 47
