76.392232
144
112
58
43391
16 24
320 341
66 268
254 331
54 303
239 426
73 134
232 377
401 473
108 472
221 443
329 473
441 442
313 480
272 480
255 482
164 227
235 302
149 376
439 461
165 257
300 404
167 258
296 455
243 302
306 380
203 276
347 476
154 341
197 355
198 253
40 276
188 228
202 352
46 124
136 376
351 422
153 351
131 346
82 434
103 409
248 400
182 262
222 271
90 271
424 473
4 278
88 431
165 469
304 440
31 395
305 356
87 345
389 489
130 165
264 326
180 435
229 286
289 498
233 290
168 246
179 264
49 485
31 425
103 295
13 446
290 497
190 244
145 439
111 399
11 134
417 439
339 418
68 223
243 390
91 386
68 312
224 369
151 271
110 472
335 472
68 245
276 402
356 400
19 386
258 263
70 300
33 266
209 352
111 353
300 394
72 173
125 377
254 494
254 372
49 282
45 290
283 446
366 438
304 335
118 258
30 264
369 499
138 351
59 311
290 456
166 186
131 342
7 165
6 49
33 181
31 105
288 366
168 442
79 124
195 199
26 63
12 144
127 455
28 304
51 54
155 388
173 259
152 431
29 383
134 391
17 311
105 471
392 416
89 103
233 377
177 180
133 403
189 434
466 484
69 384
96 133
78 131
54 367
3 431
217 317
19 459
60 123
60 107
99 155
311 458
177 415
64 416
5 217
76 352
302 411
81 400
133 406
453 476
315 416
349 433
195 418
32 397
193 473
1 342
348 355
234 364
51 473
349 351
264 274
177 277
26 390
24 217
109 384
86 426
262 436
40 162
332 438
112 180
341 445
52 442
143 289
0 122
67 155
122 173
215 443
18 265
251 431
419 480
94 190
142 380
170 467
188 291
133 389
104 262
234 428
210 234
408 418
55 344
220 286
185 286
120 397
161 376
270 278
285 320
190 333
3 86
264 490
254 432
15 159
35 50
60 412
142 146
304 413
14 87
77 111
25 318
36 361
36 431
150 230
369 467
340 455
58 476
142 174
74 177
55 363
158 188
397 429
3 480
55 186
155 202
293 439
18 359
114 417
176 377
325 361
124 196
150 451
114 365
27 318
307 426
39 289
121 355
214 318
48 466
41 434
12 349
427 482
26 117
44 375
44 216
3 15
114 236
180 458
150 261
114 212
44 474
343 438
15 115
12 241
15 382
171 443
162 446
18 460
257 361
311 430
12 491
98 132
41 308
277 308
28 493
352 493
463 493
287 493
253 493
37 493
128 358
35 358
21 358
182 314
164 314
211 314
314 383
364 468
10 53
50 53
137 260
204 260
260 309
0 279
199 279
322 478
60 478
98 129
101 129
129 349
43 336
281 287
156 281
29 281
350 464
306 464
268 464
205 250
178 397
32 205
17 178
23 421
101 178
66 240
240 323
326 357
357 410
228 357
226 247
1 226
75 381
75 328
75 309
75 488
75 414
278 370
107 370
131 338
62 492
234 492
128 492
198 492
349 470
214 470
53 336
434 437
227 310
310 487
149 267
267 278
87 267
75 308
289 387
137 387
328 373
373 416
308 310
249 381
338 358
417 481
193 327
327 414
300 327
119 327
172 316
316 386
219 465
304 465
42 134
42 60
42 276
56 133
56 217
38 418
191 396
334 472
57 324
57 190
57 311
334 355
93 323
95 432
95 442
16 95
80 304
18 80
80 361
213 379
215 273
175 475
175 284
273 486
273 466
175 337
22 175
100 273
273 288
218 321
218 324
447 473
231 284
231 234
21 47
47 343
71 333
200 400
369 378
46 163
163 462
139 466
135 264
134 420
83 110
42 493
116 173
188 371
371 486
180 330
207 254
106 271
352 398
95 358
393 400
376 393
111 454
246 275
275 459
102 285
102 319
242 362
219 242
242 449
242 297
147 426
49 147
92 471
92 172
31 192
54 292
84 201
84 113
292 483
292 417
84 274
2 312
2 318
183 394
183 286
26 269
269 455
116 314
68 405
341 405
160 297
160 482
423 482
302 496
134 496
237 302
148 170
148 449
140 148
384 450
190 450
363 450
369 495
142 280
280 300
238 350
3 34
34 233
155 385
124 385
43 225
225 299
106 279
55 97
97 476
150 368
368 438
184 301
184 201
85 477
169 258
85 433
191 281
20 61
20 396
38 206
103 354
271 354
267 298
57 421
208 252
33 208
208 349
8 252
33 157
44 157
8 194
298 374
9 448
65 93
457 481
448 470
334 360
387 479
256 457
187 452
256 452
454 492
330 407
207 444
141 407
169 464
334 379
294 479
126 379
