47.800000
1
54
9
644622
22 87
17 35
23 109
23 119
23 187
24 141
20 36
20 174
14 106
21 133
16 152
48 132
49 92
51 132
13 42
25 89
25 125
25 138
26 194
27 152
7 133
0 6
0 147
1 12
20 186
101 157
101 188
101 189
104 168
104 181
61 71
64 95
81 191
71 146
1 87
15 47
15 134
15 144
15 171
34 131
35 105
4 28
37 159
40 197
34 79
31 182
40 130
38 83
40 96
34 164
34 62
33 88
32 95
34 93
41 86
13 44
31 148
8 187
31 176
35 154
4 127
13 63
1 194
2 132
3 127
4 10
4 151
5 143
43 160
59 190
8 198
11 39
11 111
11 177
12 30
12 55
12 74
45 173
45 127
86 171
87 90
88 92
88 158
88 161
88 192
57 164
45 57
45 70
86 167
18 160
19 108
20 35
94 112
53 194
54 95
56 194
91 159
59 118
59 180
79 141
80 106
81 97
81 113
82 87
73 195
75 140
78 104
79 133
108 135
108 139
108 155
100 152
0 124
71 123
83 166
84 198
85 101
17 78
164 169
164 199
66 86
155 166
156 198
164 165
100 131
92 115
92 183
139 193
94 153
94 179
94 189
95 176
98 195
99 127
106 145
114 133
116 193
163 195
67 83
68 193
150 158
150 170
142 159
149 150
71 102
143 158
127 196
143 184
110 140
122 140
140 171
65 160
132 189
129 150
120 143
159 175
13 175
108 175
23 117
2 117
117 152
95 117
11 117
1 9
172 190
60 198
60 63
50 152
25 50
172 175
59 72
128 198
136 162
104 128
69 107
35 126
71 72
0 128
146 162
46 79
40 126
162 178
9 60
137 189
137 158
77 92
77 81
185 193
185 195
45 52
52 106
52 160
121 194
103 164
29 178
58 171
60 76
107 121
58 126
