4.412176
29
15
32048
220296
60 75
2 45
11 34
65 86
61 62
43 47
42 91
16 78
62 91
4 53
40 62
66 67
12 29
44 83
3 10
52 74
67 90
75 96
11 70
28 70
23 24
24 76
12 24
24 37
69 97
32 97
54 97
27 46
46 99
41 48
2 46
75 87
44 67
53 60
43 74
9 96
74 83
4 55
1 86
17 56
28 45
32 56
56 85
8 88
56 72
5 90
11 64
55 59
11 33
55 99
55 82
26 86
87 97
68 72
58 75
58 61
36 81
36 97
36 48
0 11
54 89
89 93
68 73
11 84
74 84
24 25
25 67
18 48
18 30
97 98
16 98
29 95
23 49
3 95
49 71
14 62
20 50
20 27
19 38
77 88
77 78
7 77
39 77
46 80
14 38
35 75
13 39
13 15
57 63
19 63
22 57
22 94
22 51
6 86
6 97
21 92
21 42
31 94
31 79
