16.106129
51
35
13620
107769
49 109
13 184
35 154
107 176
38 155
25 114
130 177
14 128
105 161
92 197
25 149
38 94
25 169
159 188
81 153
159 178
85 153
33 37
43 127
61 143
12 43
115 128
60 199
23 37
32 150
50 176
15 126
97 144
30 186
30 143
32 186
123 186
95 138
12 95
58 95
20 32
62 167
24 127
15 154
79 196
6 80
125 177
4 89
41 105
70 98
143 170
49 80
125 154
129 151
108 175
100 128
34 64
101 151
34 148
81 195
9 157
69 143
139 144
32 87
105 166
7 127
37 102
8 105
54 187
32 58
122 185
174 175
15 165
28 171
140 195
10 171
77 143
116 118
91 134
99 184
177 180
9 91
16 34
23 39
29 79
65 89
119 183
15 121
79 163
2 9
142 195
1 159
82 101
40 182
9 76
140 187
122 153
144 147
143 161
3 171
116 175
34 120
120 143
56 73
104 186
141 179
179 186
104 153
75 179
30 56
133 151
128 137
137 159
75 137
119 158
98 158
158 194
45 134
45 64
137 158
26 44
44 61
44 108
44 156
36 105
138 198
164 198
117 176
30 181
28 190
182 190
9 190
48 128
48 107
96 189
35 96
96 109
31 89
31 95
131 179
21 133
136 151
72 184
72 175
63 184
55 83
54 55
78 132
33 78
135 177
74 127
112 136
52 89
78 112
135 137
106 195
106 129
162 197
73 162
30 124
124 196
67 181
110 144
110 153
79 168
86 97
42 82
38 172
66 172
25 193
152 193
13 193
84 100
84 88
9 68
5 68
11 176
11 38
53 66
53 199
46 154
46 113
19 185
19 71
47 183
47 90
191 192
171 191
17 90
17 62
57 132
57 145
93 111
93 167
0 76
0 173
18 92
18 146
51 160
51 186
5 22
27 103
22 59
27 131
