13.447879
437992
23
1251
693724
36 114
100 114
111 126
12 41
95 134
75 99
32 79
27 114
107 133
43 88
76 106
41 106
131 139
38 53
41 129
47 99
11 84
31 108
113 126
23 93
29 81
43 82
117 139
54 95
11 109
23 91
28 76
77 92
41 135
19 106
3 103
61 133
19 69
24 53
43 69
68 69
11 71
43 86
53 138
85 113
85 124
26 92
53 110
1 95
62 88
53 98
14 139
6 59
68 85
64 101
17 59
51 107
76 127
11 27
105 126
0 119
59 63
34 85
70 133
46 90
16 93
59 61
36 116
76 94
20 90
108 133
9 48
70 135
65 79
53 59
90 136
2 95
89 110
40 126
22 85
31 95
52 91
87 120
16 120
43 115
115 139
28 132
53 112
112 114
79 112
66 69
3 79
44 92
41 102
125 132
60 125
55 98
55 120
112 128
73 117
30 61
18 95
13 69
90 130
8 81
0 8
5 8
4 126
45 106
42 122
6 42
10 59
8 13
37 128
4 97
8 130
29 74
74 83
39 71
62 123
96 123
33 90
33 99
78 85
78 92
25 77
25 118
9 25
25 50
25 121
49 64
49 116
21 50
21 137
7 72
7 53
15 66
15 104
35 51
35 58
57 119
57 67
56 104
56 80
