12.543333
22
38
2082
367258
114 177
168 179
3 86
152 196
41 60
5 108
107 115
1 142
89 161
56 78
131 189
117 172
90 180
2 85
78 173
90 183
59 115
85 171
14 22
100 179
37 125
56 166
33 35
41 67
41 48
117 118
159 183
33 153
96 153
32 153
93 163
26 121
121 179
121 164
79 194
114 167
165 193
70 193
164 183
19 158
10 189
57 86
86 168
133 193
134 174
109 194
30 32
32 152
1 32
43 104
34 41
29 126
50 117
51 108
13 196
67 118
83 111
6 161
112 189
59 90
81 175
41 96
161 198
61 192
4 190
102 175
68 134
1 194
18 85
56 148
24 124
122 126
93 114
143 152
117 197
4 106
19 125
17 126
88 152
1 101
110 126
69 114
40 134
116 147
15 41
48 175
41 182
175 188
98 145
72 145
35 145
52 145
58 196
58 184
4 61
53 180
28 81
28 179
20 109
20 189
77 169
169 192
71 169
104 169
2 169
167 169
3 128
138 151
71 170
170 199
103 149
103 153
77 191
74 86
129 158
137 191
99 159
39 74
74 125
22 178
82 179
24 129
118 120
45 183
125 178
156 169
63 85
63 117
151 156
32 92
36 181
36 70
36 195
36 116
14 36
36 83
30 94
62 99
140 173
113 140
140 180
160 163
139 160
77 132
21 183
130 139
4 123
123 161
80 86
22 185
89 105
47 185
127 174
105 126
18 141
73 141
7 75
75 108
75 134
27 154
27 56
98 162
55 62
21 127
54 73
54 144
10 176
16 115
11 121
11 95
64 186
64 121
98 136
136 155
187 193
76 111
9 29
77 150
31 195
31 42
38 49
38 197
79 135
135 157
44 147
44 65
87 91
87 108
84 87
23 66
23 91
25 133
25 97
12 198
12 46
0 84
0 119
8 146
8 52
