4.421228
36
16
3416
210138
54 60
3 15
21 90
52 62
15 26
57 76
12 67
6 20
55 90
21 92
47 52
6 96
52 93
47 60
38 52
30 38
8 66
16 61
57 97
64 97
33 97
41 92
5 77
23 41
6 77
24 56
15 84
15 68
56 66
0 60
14 22
40 87
56 84
69 81
28 39
39 91
5 39
66 86
0 88
68 81
86 88
74 97
69 98
53 98
13 98
42 98
31 35
35 52
39 40
23 44
11 44
14 44
42 44
44 50
22 74
11 17
17 28
25 59
19 25
32 89
32 33
15 72
6 95
45 63
45 50
36 45
19 72
70 78
29 70
31 70
46 79
46 90
34 65
34 43
1 34
34 59
4 43
4 61
18 73
18 69
9 79
9 49
48 94
48 63
7 91
7 27
7 67
51 60
51 82
71 83
71 90
37 83
37 80
2 99
2 94
10 29
10 85
58 73
58 75
