106.797518
85
115
317
67881
115 288
355 364
148 163
224 332
208 211
5 83
64 286
129 232
184 271
124 354
20 233
171 358
130 393
150 327
214 391
14 30
144 284
267 336
259 374
25 355
133 287
207 228
266 332
170 323
70 323
282 318
184 362
218 226
140 326
96 283
154 205
98 130
314 340
23 114
229 373
96 325
47 311
21 286
2 169
14 93
371 384
237 387
267 379
111 330
6 169
189 321
249 326
135 336
8 239
72 264
96 195
172 188
165 216
12 347
62 379
74 290
24 261
127 259
191 394
116 330
130 240
155 223
99 329
309 331
117 144
67 71
5 398
159 395
200 392
60 340
181 252
264 378
97 238
29 166
313 396
96 281
42 88
303 330
112 226
110 259
332 388
3 180
113 313
374 379
153 154
309 320
115 269
179 378
88 158
85 332
129 280
190 353
237 383
95 274
121 392
70 340
49 172
253 330
143 214
2 311
133 231
378 385
312 323
85 221
239 389
180 195
171 369
129 387
133 273
221 342
214 328
163 274
258 379
140 290
298 377
92 263
63 144
149 347
9 48
14 72
29 172
10 261
213 292
311 334
274 322
168 337
268 302
308 377
275 392
214 390
226 265
145 214
152 233
157 159
272 378
183 282
67 222
102 115
71 377
279 323
143 166
244 303
46 88
175 293
114 137
150 364
29 309
169 206
40 177
225 326
131 180
123 162
75 336
27 159
67 69
67 234
181 217
22 237
66 114
199 265
192 301
109 163
108 373
242 326
7 114
89 189
311 337
31 72
87 347
94 259
72 168
190 319
18 92
9 209
43 211
199 233
144 288
17 150
204 315
282 360
193 384
166 235
119 162
11 181
125 313
26 155
274 361
114 307
45 343
44 324
36 104
78 316
204 291
97 294
192 397
79 220
44 203
37 212
18 129
196 248
32 267
196 304
115 132
85 154
36 387
330 333
92 346
288 384
103 148
186 354
33 227
53 340
192 333
169 277
99 256
101 126
15 136
78 81
40 57
14 201
1 313
134 154
15 305
9 396
73 295
80 293
150 243
144 283
286 359
40 285
118 282
140 354
162 333
97 141
51 180
32 257
202 392
182 292
228 382
41 228
192 241
99 161
34 292
76 189
68 133
16 162
148 254
357 384
262 290
101 128
77 317
100 292
145 227
0 373
190 202
99 195
130 264
15 107
37 338
44 61
165 348
34 88
288 359
36 54
148 230
211 356
122 221
77 365
245 394
142 190
13 221
32 198
237 363
76 184
109 247
19 155
219 308
36 156
335 336
344 394
50 166
160 189
97 360
172 236
297 303
204 208
266 322
35 171
70 214
246 309
72 120
211 300
79 375
5 151
345 356
66 228
66 165
92 273
345 367
45 178
92 344
174 354
77 202
37 360
109 164
73 255
176 227
268 367
239 376
32 194
196 276
73 138
73 208
289 386
91 355
34 40
204 366
165 368
28 299
260 303
28 56
78 339
44 76
101 146
77 370
293 381
151 171
4 5
45 250
15 273
28 173
109 341
79 399
151 196
2 45
37 215
9 380
251 380
289 380
55 261
19 55
11 55
66 306
105 195
86 259
86 288
147 208
147 394
351 387
185 349
82 264
82 267
7 139
139 210
139 219
28 39
39 303
85 310
151 310
9 350
233 350
202 296
76 296
86 270
167 184
149 167
167 294
84 306
84 105
185 270
349 351
90 229
90 290
34 372
333 372
70 372
79 278
150 278
67 278
65 313
14 65
65 227
2 38
38 360
58 355
58 78
163 197
29 197
140 197
106 239
106 226
181 187
187 259
52 286
52 159
59 347
59 293
352 373
101 352
