33.800805
8
64
20
280736
41 235
115 142
129 262
129 288
133 260
133 284
134 197
134 240
137 143
6 192
140 279
102 110
123 161
7 193
4 214
23 124
80 136
120 274
147 240
29 156
28 220
28 186
152 240
27 225
153 192
34 115
74 196
76 136
50 145
93 207
55 194
90 238
127 189
128 156
41 204
97 105
216 295
37 111
50 85
123 168
176 257
140 271
143 163
135 296
142 255
19 105
105 287
78 105
41 172
91 138
41 209
233 296
204 274
100 101
70 272
100 201
4 161
69 93
223 232
98 196
176 285
36 273
233 295
77 107
68 133
79 152
79 184
237 296
110 157
28 277
57 245
113 176
110 179
63 198
62 156
61 225
4 100
214 230
67 111
196 246
103 237
114 277
43 165
123 170
86 115
204 266
165 265
241 293
19 192
51 271
192 240
192 286
89 93
215 234
129 235
165 239
221 295
202 252
205 225
11 129
23 210
223 263
108 295
273 299
59 215
24 214
4 93
16 240
3 111
164 223
120 175
47 50
215 269
273 292
60 189
204 243
120 256
214 294
79 228
23 269
23 131
162 226
140 269
53 224
204 224
123 174
156 202
115 202
84 140
31 198
143 212
145 212
125 252
206 252
100 289
88 180
180 197
57 180
227 270
139 270
150 270
129 268
165 268
268 287
141 268
51 219
219 222
7 219
208 242
32 208
10 208
250 280
138 280
247 251
107 251
248 251
236 297
143 281
120 261
194 253
231 253
253 290
75 132
132 278
124 132
183 273
111 187
121 270
72 296
10 72
198 203
77 160
4 154
154 252
28 146
71 116
116 298
9 276
276 293
136 185
119 122
122 141
82 269
2 136
82 268
117 281
123 218
117 261
218 270
109 213
146 251
96 261
121 132
40 169
106 215
106 188
229 238
93 229
94 229
118 229
146 191
71 158
158 295
158 225
166 224
44 297
191 218
116 132
39 258
8 39
12 129
26 189
116 183
49 132
15 104
104 150
151 191
70 148
148 282
255 291
73 111
73 79
14 185
52 143
35 130
43 48
66 112
50 66
213 244
44 187
183 217
130 151
2 203
167 203
35 177
126 244
42 65
65 75
65 190
54 229
92 299
46 231
148 261
171 248
55 171
171 249
30 41
30 136
143 182
126 154
38 247
144 178
53 144
46 280
25 133
25 79
173 282
169 195
3 20
20 283
64 180
155 275
155 174
58 275
58 241
0 95
95 110
95 196
9 95
45 236
45 267
17 102
17 254
21 91
21 33
12 195
87 254
87 264
26 217
13 28
159 258
56 245
56 99
159 251
200 211
22 211
22 259
5 176
5 280
81 83
83 278
83 226
199 223
18 227
1 149
1 162
18 181
160 200
160 199
