42.775235
130
67
24
78205
78 166
10 197
96 241
199 256
61 118
161 277
201 238
238 288
94 254
158 221
178 244
22 274
56 187
43 188
130 219
28 264
150 171
125 244
76 252
47 238
38 264
117 118
211 222
203 222
45 150
19 115
79 161
259 269
45 279
10 64
253 257
69 235
69 181
69 297
32 133
1 252
72 166
223 241
17 238
17 213
17 94
17 159
10 119
10 162
194 253
136 138
5 138
138 157
97 106
118 285
110 165
60 253
39 150
30 161
102 258
50 133
153 154
73 232
18 244
9 212
48 241
237 252
102 116
122 281
21 102
195 222
0 281
127 212
31 212
11 281
36 253
261 264
81 108
108 196
141 268
121 141
141 226
256 269
160 264
152 165
4 131
92 166
93 261
147 221
126 132
97 138
108 155
118 287
42 118
62 190
62 265
232 290
131 153
131 145
70 230
24 70
70 179
170 224
26 126
8 62
40 256
161 284
65 80
7 170
142 193
3 286
91 220
67 198
91 292
105 126
3 83
14 142
142 174
35 65
67 192
77 154
77 206
77 225
126 217
46 137
46 280
25 37
25 204
107 200
107 140
16 177
136 177
160 177
41 229
41 95
41 146
113 185
6 185
42 185
41 217
20 182
114 182
47 182
53 182
62 182
75 218
93 218
60 218
104 297
82 104
19 104
64 104
189 262
12 262
167 262
249 260
51 249
117 249
123 168
135 168
29 195
149 207
207 252
3 207
128 207
20 231
106 120
128 289
289 295
33 34
120 175
92 234
84 251
130 251
251 283
56 63
63 109
46 207
191 279
191 296
191 239
161 293
239 293
53 208
170 294
219 267
226 255
221 255
23 62
23 69
98 274
44 98
66 102
24 88
227 272
30 227
54 227
66 217
217 227
209 271
101 149
101 275
68 101
180 212
10 180
49 112
112 287
112 124
143 236
55 131
55 102
17 55
148 209
90 276
148 223
90 170
148 163
90 108
46 88
27 115
27 299
27 49
202 253
241 282
77 90
123 156
142 156
87 215
82 215
144 165
71 144
29 185
59 256
57 238
133 263
246 263
150 245
17 214
25 156
186 244
150 186
25 215
52 67
52 260
91 240
240 244
264 266
221 266
118 164
70 164
15 276
15 250
176 189
100 116
74 118
67 111
111 165
173 188
173 246
173 259
58 87
58 248
65 139
210 291
232 242
141 216
184 210
210 254
169 281
133 169
247 272
65 205
77 242
166 273
138 273
85 187
85 236
13 22
13 183
13 43
118 134
262 293
107 139
151 232
107 270
29 267
99 102
99 141
89 283
168 271
207 243
172 208
103 294
2 298
2 156
207 233
34 176
143 298
214 278
98 245
129 278
234 270
148 228
86 205
