14.009746
67
36
351307
426340
113 169
58 89
55 153
31 105
161 172
12 38
23 134
54 126
111 143
69 80
77 172
105 172
140 154
58 109
18 189
46 135
137 179
105 160
38 153
55 164
189 192
8 121
33 64
43 198
100 143
153 172
15 188
53 80
113 172
117 133
40 170
115 166
80 142
11 64
77 115
122 147
7 41
57 76
43 171
43 161
80 181
99 174
3 153
91 122
8 64
17 58
110 177
7 177
144 177
98 129
121 177
60 177
82 161
62 119
123 196
89 115
113 184
94 98
140 153
126 130
0 118
75 95
105 199
58 149
97 189
28 67
168 173
29 118
34 99
165 196
58 127
76 189
68 162
112 168
63 189
62 143
13 103
103 198
79 130
29 137
4 99
145 196
3 139
60 149
35 188
36 98
102 134
35 120
58 142
55 59
113 175
22 168
55 133
10 55
43 47
48 126
48 145
56 120
5 120
99 191
25 168
120 133
117 168
91 176
102 146
7 157
78 162
34 78
30 150
78 161
150 195
157 196
147 157
73 80
155 176
155 185
148 155
30 194
180 194
13 194
24 98
24 188
134 159
84 190
119 159
84 146
107 193
83 88
40 193
81 118
64 81
49 193
83 129
129 193
85 122
50 136
50 66
9 50
50 193
52 75
52 136
67 131
58 96
17 93
20 131
17 124
86 98
32 177
9 61
90 191
27 118
32 134
22 152
37 90
42 92
66 158
42 188
71 152
39 90
135 152
19 88
125 178
125 181
19 20
14 45
14 97
82 114
114 197
26 189
158 182
26 161
72 93
51 74
74 129
17 106
106 108
85 87
54 128
115 183
156 185
6 156
104 143
167 168
141 157
132 178
95 101
101 138
65 180
65 187
2 55
2 116
16 57
16 44
21 116
21 151
1 186
70 163
70 154
1 63
