22.027054
39
30
61
179548
29 73
10 107
39 79
26 96
56 90
25 106
15 25
64 69
6 28
18 136
20 31
18 130
12 20
39 123
73 117
8 50
29 74
65 120
27 122
118 129
3 58
53 58
16 58
64 114
18 113
54 57
11 50
41 45
1 73
76 129
48 71
21 104
25 44
10 40
88 96
50 80
32 48
6 75
42 46
82 129
21 63
41 64
8 92
25 101
62 124
52 115
39 77
7 56
48 103
6 9
46 133
56 108
47 122
60 105
49 54
30 72
81 125
46 97
101 115
43 54
3 97
62 70
102 115
2 125
14 20
60 72
12 68
4 122
62 93
60 89
36 58
99 110
44 116
70 116
99 116
116 139
74 112
67 112
30 112
68 78
78 120
34 78
11 83
58 83
100 119
65 100
50 137
24 37
20 131
119 126
96 126
38 126
115 134
56 134
115 135
10 135
127 129
37 98
94 125
94 139
98 131
19 23
23 85
23 45
33 61
61 115
24 61
61 121
38 51
51 111
0 87
10 128
73 128
55 125
18 55
46 55
23 110
0 36
35 59
59 137
64 84
85 91
91 132
58 66
54 66
5 64
5 21
13 21
100 127
17 95
17 132
62 138
6 138
39 86
22 48
60 86
109 122
46 109
22 112
