109.383333
1
132
26714
144015
135 247
283 401
211 231
305 455
399 426
260 321
195 417
281 469
81 394
38 195
118 212
250 420
97 203
288 362
97 251
265 414
81 90
49 142
96 480
60 462
179 433
151 421
415 478
224 317
384 497
165 355
191 444
171 181
214 328
161 447
19 242
141 172
279 316
45 499
84 247
245 446
50 340
271 499
80 454
71 115
339 431
242 293
148 352
358 423
190 395
204 438
171 271
88 130
319 404
61 284
164 265
107 175
179 301
79 263
19 438
52 165
94 207
28 482
363 491
15 116
174 201
195 416
458 495
44 370
57 497
1 452
232 295
72 108
308 466
145 475
201 364
163 310
99 489
55 253
118 150
4 420
50 276
303 344
199 387
131 395
343 427
103 107
281 386
89 328
83 99
80 308
82 420
193 224
92 452
144 184
141 413
3 53
61 168
12 448
56 292
50 121
76 170
28 366
36 55
165 371
60 385
172 309
18 172
277 426
313 332
326 427
269 455
183 379
0 369
56 411
133 458
207 449
66 199
22 292
63 499
104 272
134 457
114 480
119 248
167 303
145 235
327 420
82 221
166 278
233 327
265 412
6 223
99 266
69 303
13 247
224 465
281 479
272 496
12 377
85 90
64 272
337 370
107 293
397 476
26 132
251 375
52 375
52 488
200 334
233 344
162 394
61 128
166 289
126 396
228 403
62 65
272 479
6 169
319 326
50 428
279 339
194 224
80 393
231 391
109 313
106 108
88 487
108 336
238 295
15 419
95 161
247 306
204 473
159 367
8 464
315 337
68 486
3 261
211 461
390 450
47 451
26 408
391 405
67 183
49 78
99 308
124 134
273 382
386 428
246 367
82 297
107 298
381 440
21 388
362 424
414 435
179 312
30 76
40 192
262 389
37 477
335 487
215 438
430 466
77 451
403 472
162 274
137 435
115 354
231 316
96 300
105 435
126 306
1 30
358 378
220 455
200 358
39 148
3 309
184 216
0 437
91 161
391 468
328 400
49 113
389 394
166 479
17 26
321 428
158 206
223 470
103 486
217 408
158 285
128 165
162 380
402 458
452 481
383 422
381 433
111 395
103 134
0 103
280 367
112 453
303 438
0 140
273 425
251 358
35 337
182 323
353 476
34 497
319 407
99 439
279 328
296 415
52 148
381 406
55 311
44 130
325 401
43 422
184 253
33 90
96 420
48 470
41 80
68 418
55 157
151 413
58 485
27 362
6 294
172 467
62 243
256 487
123 435
143 281
28 388
16 184
482 492
198 449
255 265
326 477
180 488
324 470
442 450
106 453
12 330
210 482
241 453
2 207
204 329
97 498
273 287
40 172
391 493
230 319
162 484
44 338
219 394
49 306
60 160
15 185
195 434
62 267
45 160
28 476
66 273
42 219
249 321
367 475
13 79
202 450
106 458
321 410
219 349
152 426
302 466
127 145
201 309
373 444
264 279
156 292
155 363
240 363
346 464
11 165
432 444
218 403
46 361
295 429
68 223
365 477
106 182
227 401
12 251
415 489
3 445
17 55
182 392
5 211
126 333
198 453
115 322
213 320
61 194
117 310
85 310
363 414
52 144
82 435
75 388
14 408
222 320
2 12
19 307
320 441
427 459
148 494
87 184
14 267
257 476
277 490
171 416
356 470
158 311
118 376
6 443
171 176
19 463
314 464
174 450
68 237
345 488
91 333
270 451
291 313
299 310
188 219
44 357
162 194
126 341
208 480
125 245
7 422
189 466
201 268
139 480
26 146
366 408
108 471
303 350
98 192
264 388
158 360
339 368
279 347
136 199
245 311
426 428
51 151
93 339
46 389
255 299
4 201
82 351
173 488
149 204
96 455
245 348
179 259
115 279
398 482
182 187
166 290
23 167
76 359
97 490
23 135
427 460
233 234
233 409
86 183
26 101
134 436
47 166
372 477
211 304
147 300
54 103
147 252
118 154
106 120
10 308
154 184
32 58
414 456
70 334
15 24
275 451
24 273
32 87
199 275
10 132
138 389
138 205
110 442
25 438
82 331
331 395
229 445
207 236
236 487
54 318
239 326
223 239
286 295
100 205
44 286
153 375
258 479
20 395
186 194
282 485
178 282
197 225
197 289
145 474
474 499
267 474
342 424
327 342
122 183
122 292
60 122
73 219
73 244
106 177
177 196
74 218
74 108
74 313
226 403
226 401
79 209
119 209
209 374
102 483
102 248
9 179
9 195
129 362
129 464
31 381
31 422
29 320
29 415
254 452
233 254
254 444
59 151
59 497
