41.375076
98
48
38
142400
50 115
24 40
37 57
49 82
114 174
20 31
64 91
11 19
91 162
57 150
45 102
102 155
30 167
8 24
99 101
94 144
143 177
58 94
94 118
79 136
55 63
89 113
24 164
97 172
32 176
35 82
141 176
88 104
88 137
88 116
17 56
17 160
17 132
17 22
4 130
48 152
29 136
4 106
4 123
19 69
19 129
57 173
39 131
90 128
128 159
115 166
31 87
21 113
25 38
36 113
0 103
43 172
62 70
62 66
62 178
12 63
89 136
115 142
39 71
33 38
60 153
52 101
105 171
14 89
46 82
134 152
22 63
68 152
31 158
60 114
4 107
128 149
59 176
3 101
16 136
89 167
83 172
117 167
102 121
41 105
113 135
6 103
91 154
38 74
71 116
2 60
103 112
111 167
76 105
28 39
44 125
44 177
44 175
44 139
145 152
145 176
63 145
13 80
13 62
13 170
13 84
7 47
7 100
7 125
7 110
23 151
23 95
23 34
53 109
53 75
10 157
9 157
106 157
119 157
15 18
78 115
38 67
78 103
101 126
15 65
57 126
19 78
91 126
31 67
15 146
15 67
14 148
85 148
108 122
96 108
92 108
26 54
26 177
26 98
5 89
119 140
140 168
73 140
1 9
1 122
138 174
77 138
34 51
92 93
93 105
39 93
81 118
128 163
44 169
145 169
13 81
7 81
145 163
60 161
42 86
86 147
6 156
1 126
23 81
51 157
27 94
24 27
88 127
102 127
101 165
120 172
82 133
133 177
53 156
53 120
67 124
78 124
72 168
72 147
93 148
5 179
140 161
61 179
156 165
