20.783333
1
25
152085
1391636
93 98
13 43
21 91
55 82
13 38
27 32
5 14
9 92
12 79
48 82
24 31
1 94
74 80
42 50
24 52
13 45
46 65
27 61
20 59
41 47
14 85
41 66
39 48
56 90
60 98
1 58
8 26
26 53
26 72
26 38
32 91
14 45
55 71
63 67
19 24
1 34
53 74
54 92
10 90
24 72
44 48
29 85
73 85
68 87
51 92
68 96
23 90
35 89
59 97
14 40
15 27
24 87
6 69
46 78
62 80
32 90
97 98
16 55
64 68
11 85
12 37
69 75
86 91
17 41
25 84
12 45
49 68
1 67
32 50
36 48
4 50
7 25
55 77
41 58
20 84
7 89
0 1
67 69
13 76
49 89
69 82
63 89
54 67
12 70
2 46
50 57
14 22
27 28
87 99
91 95
81 92
46 81
32 88
3 19
3 27
33 78
26 83
30 45
18 88
