64.948660
128
101
30
47612
194 375
159 268
70 182
234 438
170 418
231 381
138 321
47 163
290 296
14 381
60 432
255 371
157 404
88 170
134 305
195 308
96 216
13 74
121 300
74 189
3 404
100 387
47 99
246 328
36 89
246 383
54 216
260 333
40 416
155 183
86 183
326 327
19 305
58 209
387 449
135 348
354 390
111 169
257 381
292 435
284 430
75 430
34 296
366 368
282 367
206 218
170 324
84 371
135 441
56 370
70 186
115 370
226 433
48 430
375 413
43 378
17 237
144 190
190 270
47 150
244 273
22 394
43 242
226 375
226 436
70 439
94 173
94 118
94 446
151 352
94 360
151 309
190 201
74 149
142 382
142 254
142 281
129 247
136 375
165 387
349 435
435 447
49 321
76 448
207 247
91 169
70 130
47 318
27 43
152 246
216 401
167 308
198 432
83 135
94 448
17 199
74 336
82 101
62 253
22 187
93 190
226 429
151 362
55 427
89 396
249 282
220 404
333 379
371 374
218 323
44 354
117 345
332 425
208 247
283 419
13 416
31 419
16 282
37 345
0 345
345 363
69 448
122 311
72 229
26 169
353 361
28 338
144 435
89 247
72 73
271 327
42 72
102 137
296 320
135 368
389 448
215 425
131 438
1 26
233 260
106 218
156 274
416 423
182 305
218 420
97 253
253 339
335 395
107 374
164 309
175 359
20 102
361 392
355 432
209 227
268 412
158 209
205 401
59 218
157 239
97 260
232 244
101 175
110 175
301 330
260 307
219 361
127 330
122 253
102 386
205 244
356 411
321 417
183 325
105 395
250 361
370 415
69 439
308 402
24 89
150 354
65 156
4 327
50 122
147 156
15 356
197 438
104 170
338 369
115 144
139 174
162 358
89 128
351 443
90 340
144 438
281 396
188 272
108 268
139 295
122 238
176 188
98 156
90 224
370 440
139 395
314 317
314 406
285 410
285 331
285 376
164 372
112 372
88 264
171 264
39 264
20 344
149 344
103 297
280 297
252 297
68 297
140 148
2 148
407 409
358 365
218 365
350 365
316 398
6 398
206 398
109 228
45 109
95 222
0 7
114 313
6 217
172 256
29 256
256 413
167 184
124 184
9 341
55 71
52 306
71 319
121 306
168 380
214 341
341 384
240 416
261 289
37 168
160 289
118 168
289 293
306 351
30 89
9 126
53 247
2 53
107 193
65 193
18 23
23 106
5 431
85 330
22 445
364 445
159 445
12 346
144 442
21 209
61 179
179 444
47 181
66 421
161 424
36 161
32 291
32 242
32 407
204 294
12 204
225 353
225 364
225 421
94 154
72 154
196 235
196 379
114 196
39 329
329 419
172 391
244 391
143 361
25 356
203 419
203 395
203 229
169 203
241 338
217 344
180 269
180 357
56 180
122 185
70 185
302 404
22 302
302 328
338 393
45 393
310 393
256 297
170 426
142 426
80 387
59 80
17 80
80 375
262 357
262 275
192 262
385 425
293 385
214 385
95 146
146 356
192 248
248 296
248 327
1 38
38 288
38 296
139 286
151 286
102 212
212 418
41 280
41 432
102 347
266 448
10 428
10 61
10 366
10 282
347 403
347 430
209 266
75 265
265 274
246 377
156 377
151 153
81 153
148 184
11 86
47 303
139 303
67 344
258 375
267 282
244 343
160 279
188 342
64 448
78 282
79 416
279 294
72 298
35 395
23 409
241 372
314 388
51 183
51 367
125 422
124 125
17 245
245 299
43 211
211 282
178 183
113 381
200 322
277 427
277 312
230 441
414 434
200 350
132 403
82 200
133 226
230 400
414 438
132 177
223 443
223 337
210 277
68 223
120 263
133 425
90 113
5 132
33 123
33 81
141 300
141 287
188 278
278 308
87 370
46 162
46 259
202 345
202 321
398 437
251 330
175 251
92 354
92 319
87 314
90 145
145 312
166 285
63 257
53 213
222 302
67 236
21 405
77 405
119 204
119 221
8 397
25 334
334 397
276 304
191 408
116 391
116 304
143 243
66 191
126 373
57 346
179 399
166 193
120 431
11 315
