76.224578
103
83
16
95695
87 283
46 97
244 281
190 283
223 283
45 283
50 207
51 252
231 252
59 207
207 231
85 252
221 261
8 207
252 273
114 221
52 221
68 221
193 239
89 239
239 251
210 264
234 264
271 282
157 180
35 205
246 290
149 266
98 298
169 180
216 230
146 290
79 294
82 294
72 298
116 287
132 287
126 180
237 291
219 290
42 205
172 230
144 282
177 298
74 266
117 264
124 282
37 205
96 294
4 230
95 287
189 266
24 291
159 291
244 259
32 259
259 260
86 243
86 174
86 160
21 86
71 227
111 184
71 136
60 107
0 71
60 233
131 139
71 88
111 112
34 60
131 181
17 111
19 131
131 203
60 84
185 222
46 222
222 256
232 296
200 247
97 232
118 247
170 232
109 196
70 258
178 228
147 194
140 187
135 194
211 236
123 258
69 212
63 110
61 133
125 133
62 130
31 69
15 211
113 197
161 178
258 292
110 114
36 62
91 187
165 211
187 195
25 62
133 279
69 248
76 197
191 196
197 214
39 110
194 280
196 209
168 178
104 267
104 225
104 281
106 269
106 138
106 217
2 128
2 29
2 92
90 101
101 289
101 167
175 181
16 175
175 188
49 270
49 265
49 182
23 92
26 129
166 202
66 215
156 268
64 277
55 186
44 166
156 293
179 253
53 64
27 198
198 275
83 105
166 249
186 229
186 295
142 179
198 213
48 103
26 119
64 224
66 233
22 26
56 83
103 192
47 66
103 148
12 65
12 299
179 238
83 288
30 156
122 221
77 223
77 183
77 226
111 247
122 264
21 257
201 257
164 257
158 207
141 272
51 272
20 81
20 100
20 208
5 38
9 145
73 263
6 121
9 10
3 206
9 28
5 254
3 262
78 152
3 94
6 18
41 171
73 155
41 143
5 134
6 199
78 115
78 163
41 93
73 75
158 287
158 205
67 266
23 211
33 99
235 291
242 282
176 230
162 294
146 250
43 240
14 33
14 154
120 283
14 227
247 297
14 239
197 297
2 49
220 232
194 220
120 298
23 198
23 66
11 60
122 186
62 151
133 151
176 258
151 196
178 242
176 187
0 108
31 108
57 286
43 54
54 218
54 285
204 283
252 284
204 239
90 102
71 250
120 259
110 250
173 180
2 235
111 120
150 290
26 67
11 156
166 242
11 103
83 162
104 274
81 137
137 243
106 274
3 297
86 173
64 250
20 67
73 220
40 131
7 222
6 235
41 162
13 164
13 285
101 153
153 175
102 104
11 99
23 276
49 58
235 240
150 179
12 58
80 158
80 220
7 297
67 245
151 255
242 276
162 278
176 245
78 204
9 40
5 284
99 241
57 274
1 240
1 255
204 278
127 241
