35.580281
81
43
312
129859
73 192
106 173
41 64
107 116
19 153
152 177
136 152
37 132
77 123
96 174
148 160
113 184
118 188
182 193
141 194
120 157
104 194
26 67
147 153
49 180
119 123
53 82
68 192
17 180
29 136
81 178
73 103
43 194
45 107
81 157
39 170
123 161
59 195
54 171
69 172
34 181
62 180
85 171
103 144
111 171
74 191
69 129
125 146
39 101
99 159
93 99
56 122
27 99
94 99
4 122
122 167
124 182
23 106
26 163
11 144
148 183
65 131
89 146
22 121
18 183
30 78
97 114
36 81
12 105
41 50
137 198
136 187
0 30
56 118
158 198
66 101
10 110
41 51
4 13
142 175
38 188
69 179
81 196
10 190
47 182
102 128
39 160
47 192
26 63
108 192
60 101
100 123
46 183
29 176
39 127
39 112
70 136
130 198
101 126
22 186
15 171
5 120
79 153
8 26
131 140
48 175
80 120
144 145
74 146
22 169
159 167
29 197
30 32
0 153
143 188
113 132
27 166
12 94
150 181
107 166
141 175
88 96
106 149
133 180
90 96
57 115
98 194
13 57
55 57
28 29
53 189
31 133
117 131
53 165
24 132
12 154
10 33
55 59
59 168
86 128
20 111
14 51
1 188
21 66
7 21
21 144
21 92
16 69
16 149
16 83
16 38
16 181
7 84
1 164
84 164
53 134
99 134
61 153
61 122
6 69
6 194
40 107
40 136
132 185
181 185
15 95
95 101
95 135
71 77
57 71
22 156
156 179
25 122
10 25
58 184
58 114
58 155
119 138
138 191
138 139
146 162
162 198
69 109
35 131
109 180
35 192
20 76
14 76
12 151
26 151
87 158
87 128
52 83
52 199
9 67
9 91
75 128
75 120
44 106
44 96
3 42
3 31
2 36
2 72
