20.167035
704
29
105
181268
129 131
106 134
105 111
92 107
97 127
84 118
35 131
31 115
4 66
27 44
38 108
25 75
63 118
12 72
12 29
1 4
114 126
7 63
44 93
6 39
131 134
7 43
9 62
7 33
1 67
116 128
51 120
23 116
59 105
32 136
95 137
18 28
18 80
25 112
0 115
7 122
113 118
18 87
83 120
15 44
66 104
99 131
103 114
79 95
36 108
71 108
120 127
91 138
26 98
6 65
3 6
85 89
76 130
11 66
86 101
81 95
53 107
76 95
17 111
22 62
25 86
105 139
12 110
67 88
60 67
61 138
50 130
8 107
6 101
89 121
20 130
35 130
106 136
54 138
93 131
20 67
60 133
102 133
57 133
47 115
62 69
73 89
114 125
41 116
77 78
69 77
17 77
28 64
97 109
98 109
62 117
52 103
16 121
6 10
89 119
40 94
13 131
2 133
19 74
14 124
14 24
14 57
19 48
19 65
40 109
109 119
2 77
45 136
45 89
70 118
70 74
37 94
37 135
13 64
25 42
42 120
115 123
67 123
110 123
5 7
49 122
49 90
96 118
96 116
107 132
132 136
58 95
58 108
21 131
21 68
30 130
30 138
55 82
34 62
34 114
56 68
56 100
16 46
46 55
