18.000000
1
25
739924
787093
76 126
65 132
128 139
62 122
29 58
78 128
86 105
80 93
76 132
49 127
83 136
114 138
59 97
23 104
80 81
28 138
44 115
70 114
68 89
33 110
30 118
60 62
121 124
48 118
54 97
73 77
67 124
83 101
61 97
97 117
36 113
47 80
51 77
63 128
16 23
33 55
35 132
10 105
89 108
62 135
137 138
90 125
23 40
50 126
8 25
29 84
69 118
50 53
1 138
11 107
98 136
8 120
106 125
66 113
12 105
84 87
8 17
6 136
20 49
32 83
26 33
103 136
50 133
120 132
77 97
83 85
62 81
49 74
4 8
35 42
39 124
6 43
47 138
15 70
125 131
13 84
89 115
10 62
44 112
22 112
80 109
0 77
25 103
92 112
102 125
8 27
27 125
15 82
82 91
95 123
64 123
11 19
19 56
94 99
79 94
94 130
71 83
37 63
24 112
24 58
24 119
24 65
5 128
5 112
37 111
7 49
7 124
7 77
7 96
99 129
129 136
18 138
18 89
45 112
45 124
54 116
95 116
100 132
38 139
38 66
52 75
52 90
21 106
21 33
34 88
34 97
9 137
9 41
14 136
14 23
31 134
31 96
19 71
2 105
2 118
3 107
3 72
46 64
46 57
