13.304940
192
20
182
190018
36 74
35 100
8 90
4 65
56 82
17 44
35 74
14 73
32 111
87 102
88 113
93 102
105 107
24 111
50 89
38 45
51 110
70 73
20 46
3 85
38 49
85 109
2 38
46 89
2 18
31 38
15 64
44 62
46 60
22 107
36 37
89 92
21 85
12 64
79 89
46 99
108 111
67 93
16 118
46 95
65 101
28 74
101 110
63 65
71 93
17 61
54 64
53 91
91 119
61 91
2 7
2 41
110 116
68 107
89 110
16 94
42 44
59 110
73 115
85 112
25 28
18 39
39 42
19 47
69 86
16 86
29 33
15 29
73 117
5 78
56 81
81 98
55 114
9 58
77 82
77 100
77 91
84 89
2 84
91 103
16 103
25 27
55 78
38 106
64 106
85 106
27 114
52 110
97 119
72 97
75 100
40 109
10 40
13 52
65 66
66 80
34 73
77 104
1 8
1 113
76 107
74 76
48 107
48 88
11 90
11 83
9 117
19 76
34 104
0 49
0 26
57 93
57 80
46 96
96 111
6 111
6 30
23 87
23 43
