2.935146
46
15
70089
182699
75 98
55 67
9 69
45 69
59 98
14 73
32 73
30 73
9 55
39 76
25 63
32 95
45 66
25 60
55 98
65 87
23 87
31 76
13 78
78 93
78 84
70 87
48 57
17 80
61 75
4 88
48 70
37 48
25 29
15 77
18 98
18 93
48 78
0 23
49 91
44 88
1 58
22 57
22 25
36 39
36 81
8 41
8 66
6 81
19 37
18 53
31 44
41 47
47 52
25 42
12 92
43 48
31 85
25 64
64 80
61 82
85 92
10 82
17 72
48 85
3 13
48 91
56 98
20 69
28 98
69 94
2 99
72 77
85 99
10 58
4 27
33 84
66 89
35 96
19 35
11 24
11 69
86 97
54 97
53 97
5 26
5 79
5 67
34 74
16 96
16 83
50 71
50 87
34 56
51 80
51 68
21 73
21 54
7 40
7 79
46 90
46 95
38 71
38 62
