2.806668
28
19
66396
136395
50 68
63 116
66 71
85 91
79 81
94 95
113 120
15 87
46 81
12 113
0 120
37 120
13 45
19 136
37 122
16 54
47 81
77 107
91 101
24 94
24 74
61 72
33 105
88 105
62 105
48 118
45 118
50 118
27 118
16 118
7 118
32 68
104 136
25 127
65 101
25 87
120 138
20 87
3 68
33 43
1 63
21 90
30 81
132 137
81 123
68 78
71 136
12 32
21 63
52 101
77 112
54 112
41 114
8 74
73 86
49 73
17 73
90 92
75 92
92 137
0 92
13 44
44 124
30 44
84 136
84 118
29 105
63 69
69 87
76 118
134 135
9 134
95 134
108 134
73 110
29 92
44 110
40 124
36 38
38 61
38 49
82 120
23 97
28 134
53 78
53 111
10 38
72 139
9 31
31 123
57 129
127 129
34 101
56 132
41 83
24 133
79 99
24 34
93 96
93 105
59 104
10 23
4 112
76 115
26 98
17 18
18 70
52 98
36 80
80 119
89 114
8 89
61 125
62 106
68 128
6 97
6 131
29 109
51 134
60 102
26 60
86 126
126 130
2 96
7 35
35 121
100 119
100 103
5 103
5 58
22 64
64 117
64 85
11 39
11 22
14 57
14 55
42 67
42 122
