65.432427
3
93
140923
206804
300 305
18 222
256 388
24 370
218 250
79 255
95 191
151 176
342 394
226 324
340 360
225 284
34 342
44 311
93 318
126 302
18 140
74 348
21 191
145 369
18 206
28 134
104 224
290 296
101 315
254 302
132 266
219 339
93 176
31 179
156 212
43 371
144 330
44 390
279 348
6 315
171 365
178 316
2 243
56 166
345 392
210 266
3 334
83 270
186 296
227 253
242 353
288 323
37 146
182 313
214 285
0 333
315 372
396 397
135 219
130 391
77 359
294 337
62 140
143 313
101 162
80 316
9 225
103 164
45 243
22 257
79 370
6 376
205 347
205 260
231 253
283 356
44 257
336 369
18 294
58 62
218 221
204 362
213 287
207 398
65 180
266 326
103 261
142 314
99 387
106 399
148 211
10 292
5 27
211 222
151 337
154 352
151 263
157 263
263 386
263 341
185 263
154 323
154 371
154 193
323 351
154 310
349 365
207 261
17 218
201 350
23 333
159 322
344 374
75 308
245 322
76 310
140 150
134 376
2 114
1 246
322 343
266 366
116 342
67 239
125 215
192 272
86 213
184 282
211 276
194 223
27 371
31 354
219 340
59 249
2 70
207 293
93 209
18 173
30 167
98 370
356 395
77 121
124 254
124 146
146 296
190 255
244 276
282 285
129 255
275 345
144 158
120 381
285 377
19 223
275 344
31 221
125 280
39 140
22 381
207 320
238 381
341 342
304 365
205 361
168 305
10 90
93 295
105 325
141 144
123 218
67 89
3 69
70 254
38 348
272 284
153 255
264 362
177 196
103 149
138 151
107 382
330 331
64 75
51 323
103 160
112 166
270 335
163 357
366 381
175 310
273 297
122 134
12 241
33 253
208 272
43 75
140 284
309 329
143 335
176 369
37 252
16 75
29 371
119 224
230 316
91 356
155 350
117 166
110 305
217 342
8 59
37 298
310 325
1 139
253 332
211 228
37 105
47 333
345 375
168 235
77 169
40 381
4 210
3 182
32 299
1 106
275 362
32 131
223 391
325 383
3 373
234 242
53 242
313 338
32 328
115 225
2 267
225 355
213 366
10 378
198 229
104 233
161 344
67 233
325 358
251 353
226 317
107 147
3 222
166 271
272 352
109 277
96 357
125 247
31 111
99 394
184 224
297 380
48 344
241 367
162 314
92 99
102 314
133 213
345 385
256 262
60 369
130 325
20 107
11 59
210 380
248 255
256 346
40 226
87 151
201 351
202 296
212 281
26 103
46 167
177 350
256 286
1 277
277 325
244 297
36 185
170 270
241 399
209 301
277 319
232 314
232 297
166 232
189 226
189 305
319 364
94 393
216 336
172 270
44 137
137 242
113 310
137 356
237 329
237 286
5 237
102 269
94 216
193 306
188 269
57 222
57 275
14 219
14 67
10 14
14 364
84 241
84 144
113 363
78 261
78 393
85 350
85 253
15 235
15 97
66 277
66 220
35 362
35 370
32 258
258 275
258 348
2 82
82 316
55 107
55 75
68 226
68 191
224 278
205 278
49 125
39 49
187 312
45 187
236 397
236 360
81 231
291 309
291 327
65 291
118 259
248 259
136 284
88 107
88 174
321 386
100 321
165 221
125 197
306 307
73 180
73 265
81 165
183 313
183 212
71 146
71 389
128 349
128 212
54 72
72 301
72 384
203 384
203 379
198 203
52 152
127 152
152 268
152 181
50 357
50 255
7 133
7 77
36 199
199 368
42 389
42 195
13 357
13 52
41 268
41 274
200 240
146 200
108 127
108 167
63 160
63 303
25 263
25 59
289 322
57 289
61 370
61 333
