52.706906
41
78
13
67773
190 228
166 324
175 324
293 336
133 339
16 202
125 245
0 51
21 275
202 306
69 202
140 202
16 275
124 228
171 275
78 170
182 196
182 340
182 227
23 182
32 325
60 325
80 325
86 199
102 273
134 273
260 273
84 199
136 199
75 118
300 324
115 336
55 210
108 195
18 49
151 187
152 307
32 246
163 259
183 306
256 268
262 338
214 218
279 317
14 86
243 326
93 242
223 336
214 318
105 125
79 125
53 214
40 228
22 276
276 295
42 276
120 125
75 214
91 214
12 265
128 265
258 265
220 267
1 297
228 267
121 255
297 338
121 197
98 297
25 267
267 291
93 121
70 179
150 176
85 204
234 261
39 204
44 204
156 179
149 261
189 261
111 179
146 176
114 233
114 348
59 114
6 301
35 301
66 129
129 177
129 294
129 168
263 288
164 263
230 263
2 132
2 163
2 27
2 126
132 225
225 257
225 327
76 90
90 235
90 143
131 200
108 131
131 341
77 181
77 229
51 77
211 247
247 283
247 337
81 103
81 289
81 109
50 242
3 50
50 320
65 139
123 243
139 328
139 151
17 123
123 343
280 344
323 344
218 344
319 344
219 344
159 161
47 236
161 240
154 165
154 329
47 251
68 333
137 215
67 221
206 299
206 248
100 206
68 335
67 192
68 323
161 203
137 280
33 47
138 154
137 141
10 313
10 252
10 256
87 286
83 286
169 286
26 286
79 286
57 208
57 207
57 198
8 278
8 72
8 322
76 285
82 180
180 241
55 180
49 212
205 212
52 87
212 222
207 212
9 52
112 174
155 334
19 309
118 173
191 309
98 281
259 281
193 334
78 334
170 173
74 173
186 345
133 174
30 309
195 281
279 345
210 249
209 249
89 319
23 36
36 66
36 97
36 193
36 336
7 188
38 213
95 268
119 298
99 172
99 224
119 239
135 302
7 127
135 253
135 307
95 162
119 316
38 339
7 37
99 277
95 237
38 58
83 254
296 330
116 330
144 148
63 148
89 297
97 104
11 258
0 11
11 18
11 178
11 191
125 282
34 194
103 122
11 297
121 282
14 217
94 217
28 304
48 64
64 187
64 82
61 275
232 317
232 326
232 275
232 246
110 347
110 169
88 110
216 312
53 216
24 216
62 145
62 296
62 292
134 185
101 325
88 96
312 332
92 332
43 114
15 244
250 267
81 254
311 315
290 311
61 129
73 183
182 231
266 336
73 271
54 214
125 346
273 346
71 269
13 15
13 92
13 34
71 160
71 152
201 276
199 201
31 284
153 228
153 324
153 202
142 261
54 204
158 179
176 231
114 147
56 265
59 310
250 263
43 90
287 301
50 167
67 194
45 300
324 342
63 238
238 269
57 331
274 290
123 226
81 101
117 139
272 286
130 205
130 276
8 272
184 331
301 310
77 106
305 322
106 247
47 226
147 344
38 314
135 314
95 314
249 282
10 117
5 30
131 142
46 288
46 145
154 287
270 314
206 266
303 331
254 321
28 282
61 119
161 201
4 104
107 282
20 89
41 99
7 56
264 286
20 308
28 158
184 349
29 249
41 64
31 113
31 185
122 157
28 274
