3.260245
35
21
428869
522714
76 81
78 138
6 17
66 92
20 89
130 136
34 139
106 139
108 125
41 110
4 100
33 34
2 82
5 76
47 76
33 137
33 65
19 76
32 65
71 123
33 119
86 119
81 119
11 117
45 117
117 131
115 117
22 53
22 47
11 78
33 111
4 92
64 125
8 101
63 120
32 89
104 118
72 130
59 91
21 137
92 116
57 110
21 96
31 125
76 78
33 55
53 136
43 124
99 136
80 125
22 80
43 80
25 73
25 80
91 134
37 134
28 128
78 109
13 30
35 134
22 88
18 117
88 116
25 134
112 135
35 112
1 16
28 93
93 104
0 93
80 93
1 128
51 72
51 94
51 129
26 51
17 132
51 87
87 132
29 76
29 103
76 77
77 84
39 138
62 118
7 39
27 48
24 33
25 48
97 126
40 97
14 42
6 14
10 131
95 127
2 95
60 86
67 117
129 133
70 133
3 34
83 120
56 110
83 96
46 90
46 119
15 110
15 73
13 67
68 84
74 108
44 107
30 44
22 75
36 42
23 69
23 56
29 97
52 71
27 52
50 105
50 110
50 82
114 115
98 124
49 61
61 126
49 113
113 122
101 113
54 102
38 43
102 123
9 63
9 85
58 121
43 58
12 121
12 79
