14.737005
145
23
42517
147131
34 107
5 91
91 132
57 123
3 90
12 111
26 120
1 73
81 103
103 117
15 100
40 85
18 77
103 130
32 84
25 59
11 35
22 108
17 26
0 112
70 131
57 122
39 92
102 121
33 102
102 118
105 114
50 100
87 111
69 114
72 92
54 95
93 138
109 112
33 128
56 77
7 107
137 138
32 79
106 114
26 41
26 40
127 131
26 61
40 88
36 100
35 36
80 138
43 120
74 138
75 112
19 57
15 126
92 127
60 95
53 95
1 89
45 91
77 110
97 108
32 65
3 29
59 138
72 100
91 93
28 111
78 100
14 40
1 9
96 108
43 91
75 129
84 94
47 60
103 135
102 135
8 78
8 108
107 139
1 139
51 67
31 67
67 126
67 121
95 124
112 124
26 124
9 124
1 58
37 58
52 71
37 133
47 71
121 133
50 119
100 104
13 102
77 119
13 27
48 118
31 82
4 108
17 42
42 55
46 136
46 108
0 64
57 64
91 101
101 114
20 49
20 44
68 136
68 125
44 68
99 114
49 76
76 83
24 56
2 134
67 134
38 63
38 88
21 107
21 32
62 121
62 98
6 25
6 10
3 86
82 86
23 30
23 94
113 115
48 113
16 66
16 128
111 116
3 116
