59.216667
1
80
0
282199
73 223
148 279
65 242
66 288
67 76
68 96
69 219
70 182
144 256
71 264
71 276
73 94
73 181
150 179
73 246
74 80
74 238
74 274
142 265
76 84
142 222
77 146
77 184
77 223
78 201
56 115
49 131
49 145
49 147
49 171
159 271
51 87
52 176
53 174
54 226
55 287
56 108
78 214
159 263
57 140
58 105
59 160
59 275
60 76
156 216
62 139
154 242
62 269
63 219
110 272
102 217
128 196
104 208
105 215
105 277
106 187
125 280
107 173
107 178
107 208
109 163
110 171
128 248
124 274
124 209
122 288
117 274
113 275
114 195
114 237
114 261
116 176
117 229
117 252
90 100
79 171
79 186
79 250
141 163
83 200
85 175
85 188
86 117
87 294
88 239
89 144
56 249
0 71
90 224
133 295
133 273
95 242
96 129
96 165
131 238
98 217
128 292
128 267
26 267
18 198
218 280
20 124
21 140
211 216
23 110
24 218
25 110
26 120
207 226
26 213
18 172
206 226
27 174
27 219
205 288
28 133
28 279
29 78
203 218
31 142
32 90
33 287
225 275
279 299
3 79
275 284
5 101
259 280
5 278
6 235
257 285
8 85
237 274
233 235
47 62
11 219
12 50
13 217
14 179
15 160
16 189
220 280
17 88
218 296
18 121
163 236
180 196
179 247
176 268
174 293
169 187
168 200
41 137
41 243
41 258
35 285
163 232
43 72
43 251
160 227
44 77
45 133
46 279
48 174
37 232
34 74
193 216
37 228
190 287
191 235
37 291
241 258
128 230
166 269
223 231
164 245
90 177
226 298
230 279
200 282
162 223
197 199
159 202
161 223
160 244
194 281
118 176
260 290
143 155
274 297
144 153
280 283
288 289
134 287
136 226
179 297
138 275
183 245
136 164
135 180
176 241
135 151
152 221
152 253
153 187
185 235
170 285
167 171
134 285
134 140
212 286
133 289
148 202
155 199
187 270
132 295
132 255
157 206
158 221
130 217
136 218
43 103
36 179
36 242
37 241
38 88
39 254
40 119
40 182
40 260
41 185
42 85
42 200
42 218
36 140
43 231
112 210
50 290
56 283
60 262
61 114
61 142
61 159
62 244
64 96
64 105
10 194
1 161
2 290
4 7
4 194
5 118
5 230
7 156
9 144
9 255
9 280
10 149
43 283
12 210
16 254
18 111
19 157
19 199
22 210
26 177
27 126
27 290
30 78
30 163
96 177
87 103
87 138
88 149
91 161
92 104
92 189
64 216
93 192
92 240
97 103
99 233
103 119
107 138
111 242
81 287
82 212
81 286
75 122
76 136
71 153
126 266
127 167
130 135
61 234
7 192
64 123
136 204
158 270
