40.028989
59
77
18702
53981
243 310
113 331
31 350
147 216
267 370
76 113
251 345
200 246
274 365
167 182
223 346
127 216
175 242
178 181
297 356
63 163
172 387
59 321
122 282
85 275
74 299
96 334
98 395
124 232
103 332
159 293
310 351
28 143
131 276
89 132
178 276
189 200
40 394
324 398
194 395
262 383
237 275
81 105
171 258
16 203
25 286
297 318
193 249
128 282
106 158
192 393
74 121
35 387
79 175
53 261
304 334
147 187
287 311
5 338
339 398
23 100
69 86
36 279
306 339
86 357
114 379
30 288
263 281
36 125
74 226
5 283
131 160
85 185
59 281
86 158
255 265
182 215
150 284
10 39
114 230
193 230
230 275
276 314
160 273
5 186
163 231
190 368
163 335
46 146
377 379
356 380
81 294
127 309
2 291
311 364
36 354
239 393
80 393
26 265
241 387
168 293
74 257
21 334
140 240
22 112
53 293
118 160
244 264
228 330
51 262
221 394
56 297
68 281
213 276
39 388
81 376
203 391
116 315
35 224
21 365
1 397
99 293
53 206
210 380
152 233
298 311
185 316
171 334
110 188
5 274
110 353
28 268
200 210
130 202
83 216
172 299
281 390
151 182
284 285
227 275
169 330
120 146
310 340
86 161
203 256
124 323
81 183
297 365
28 61
30 103
270 290
3 379
330 352
129 361
255 388
30 137
22 96
312 393
58 363
113 240
2 144
80 184
122 299
223 398
111 292
66 244
253 286
2 67
36 202
37 290
30 209
43 71
87 290
132 219
100 238
152 313
139 276
209 282
30 237
142 146
22 250
15 355
95 129
43 265
193 365
18 39
44 132
193 348
198 393
50 159
271 284
307 355
58 95
42 95
102 277
105 244
277 351
161 355
115 124
100 107
277 299
174 371
215 371
42 371
371 390
164 167
164 310
200 359
53 359
204 320
181 320
71 320
72 95
72 177
230 245
98 208
211 245
108 359
4 316
4 315
5 153
328 393
142 399
47 52
52 386
295 361
90 295
211 333
333 354
148 295
50 289
289 378
22 373
34 394
305 310
20 379
20 140
119 254
119 191
119 208
141 386
141 395
7 282
7 385
78 123
123 146
113 123
297 349
254 349
113 269
369 379
124 369
123 320
212 244
124 212
191 296
81 197
117 119
27 191
74 308
62 154
31 62
379 382
342 358
358 370
303 358
39 367
317 396
134 317
93 398
90 93
93 344
308 358
73 370
118 326
327 394
327 346
154 327
9 73
276 375
302 326
11 205
225 319
198 225
155 302
205 382
77 355
133 301
77 108
32 286
32 160
1 145
145 235
286 366
110 360
225 375
248 305
229 381
51 94
94 106
94 216
187 392
207 392
162 329
162 385
27 381
101 234
101 303
60 292
60 329
12 60
101 135
165 395
165 266
278 300
317 392
272 387
272 397
259 272
34 278
218 343
97 396
97 199
320 343
155 360
293 362
341 362
29 362
92 152
92 280
152 325
265 325
57 199
57 336
29 156
156 345
170 251
170 173
166 277
166 311
149 183
149 330
86 195
75 116
75 104
37 75
195 347
133 145
45 311
45 88
6 301
6 136
6 201
55 190
55 128
29 54
54 91
49 306
49 180
13 48
13 234
64 350
64 175
17 175
2 17
126 218
126 247
0 284
109 203
5 109
14 323
14 389
82 309
82 384
70 322
70 267
196 252
196 201
176 222
138 254
157 254
24 258
176 283
260 337
260 314
100 372
282 372
163 217
217 290
132 157
24 179
28 138
65 236
65 192
33 130
33 220
84 184
84 214
8 41
11 19
19 374
38 366
0 248
8 38
