74.276622
109
102
30
51891
44 67
211 397
6 407
41 393
189 240
259 310
221 267
229 373
137 338
226 388
384 388
291 388
39 364
211 248
60 267
432 439
67 345
314 439
259 368
117 189
43 329
233 430
91 328
292 334
258 339
61 302
423 439
327 373
269 274
175 186
19 355
217 329
34 238
200 237
95 237
206 286
293 375
204 216
313 396
342 447
79 445
70 407
167 419
77 206
120 445
204 417
52 324
10 236
300 375
350 414
109 267
57 114
85 285
90 183
278 436
254 303
254 335
50 437
210 363
50 77
50 406
50 209
59 98
69 166
98 242
338 400
98 118
194 219
72 194
166 392
190 193
194 283
190 222
93 190
166 383
85 266
40 85
280 335
207 364
154 334
31 324
174 364
316 354
334 410
144 252
162 167
206 241
167 185
206 233
228 426
24 254
110 350
141 186
331 350
210 434
234 412
313 340
171 373
45 211
232 234
234 431
110 210
210 216
19 313
132 176
30 34
150 430
84 284
171 267
156 338
202 302
346 350
42 338
215 408
435 445
20 332
92 116
34 243
65 325
230 280
332 413
272 329
9 204
40 111
63 82
183 321
26 333
53 381
76 401
130 158
378 386
18 302
44 192
180 370
47 203
231 316
134 426
97 426
2 74
4 176
252 442
382 430
257 298
41 139
48 308
315 316
280 427
116 268
22 381
282 296
269 316
66 212
123 317
321 378
398 430
2 34
401 425
170 215
198 401
237 377
224 324
37 407
0 67
399 426
80 116
176 299
103 123
238 381
236 280
8 63
212 330
111 189
1 378
36 410
49 258
34 402
5 12
214 252
41 421
41 261
237 365
158 404
173 288
212 279
63 105
15 186
51 165
51 351
51 114
139 429
5 26
26 223
127 375
208 296
164 250
16 88
155 183
57 288
94 288
8 387
215 405
11 258
16 32
16 371
16 122
179 332
204 304
100 439
100 445
135 246
135 281
73 379
73 227
64 305
64 369
64 83
62 68
62 433
62 140
146 447
146 159
146 376
181 411
14 411
247 411
148 411
29 75
29 88
29 294
180 449
416 449
101 449
301 449
129 243
129 349
129 205
298 336
253 311
325 336
380 438
161 438
184 336
278 311
99 311
156 438
17 308
17 263
17 326
121 318
27 448
121 149
27 394
27 89
121 143
27 100
213 428
48 428
36 147
119 147
12 147
301 356
25 142
60 142
51 102
64 147
115 287
259 276
247 276
91 197
197 341
195 254
320 357
136 367
367 418
23 373
71 160
160 307
251 444
74 160
99 320
163 197
3 251
178 367
237 239
81 334
178 239
239 272
81 260
81 200
358 388
177 275
275 360
275 444
164 275
196 370
106 196
196 295
85 312
312 384
312 332
288 352
152 167
135 312
13 397
13 100
306 403
128 306
192 306
100 306
51 389
372 389
177 359
108 309
107 218
107 260
54 381
54 258
256 343
108 256
256 319
87 262
262 279
262 382
262 274
64 352
65 78
34 289
158 289
41 289
78 225
361 429
78 287
78 385
182 361
361 403
259 337
337 418
63 337
96 186
25 249
249 442
249 353
47 249
201 443
131 316
62 352
38 329
38 184
38 280
55 365
215 415
55 441
158 415
55 313
350 415
10 138
138 250
73 309
73 422
14 265
183 265
70 348
296 348
96 146
29 337
104 189
104 167
129 422
58 123
41 58
35 204
16 35
112 430
112 176
191 436
191 387
169 416
113 194
98 366
190 235
145 257
46 313
124 203
151 324
134 145
188 426
235 378
322 338
124 344
46 116
188 296
169 297
151 302
145 395
210 322
323 343
84 273
273 347
125 295
141 323
270 401
183 270
364 446
271 341
259 271
86 206
67 86
86 252
26 290
166 290
21 255
21 357
21 440
157 244
157 231
187 328
187 424
123 133
133 302
28 215
28 234
33 261
33 284
126 407
33 168
126 375
7 414
7 420
264 400
135 264
23 356
62 446
153 232
38 121
56 162
352 374
374 390
142 245
17 126
352 409
277 359
239 391
131 199
152 362
172 362
361 443
220 359
366 391
113 172
