20.737677
23
35
118532
512260
50 71
83 160
59 165
32 55
16 33
63 159
127 165
32 108
119 144
37 106
26 87
48 133
22 126
45 167
89 108
64 86
48 145
113 142
32 94
3 65
24 169
31 135
34 137
3 136
18 173
39 81
116 132
94 102
65 102
52 102
13 102
90 128
59 150
120 150
23 26
61 150
94 150
69 177
5 33
39 157
109 130
119 164
9 160
26 130
30 109
58 135
10 48
60 152
99 160
22 106
3 139
33 94
109 114
33 50
1 87
87 174
28 137
44 152
119 159
22 143
128 138
67 175
135 142
132 149
0 89
11 32
117 135
152 161
21 39
0 152
112 119
3 98
103 156
95 104
137 141
18 113
57 113
64 160
53 89
82 109
51 108
107 175
2 95
12 31
19 165
32 56
78 113
132 179
97 175
95 148
4 123
4 131
91 128
101 131
101 150
166 170
8 122
151 160
54 87
54 89
12 166
74 152
47 56
24 47
47 144
43 175
27 173
27 152
8 91
23 163
8 47
100 155
100 175
95 105
118 142
122 129
129 156
68 137
68 155
115 151
36 74
20 25
25 158
25 123
70 137
70 128
46 67
46 80
43 115
22 93
93 160
80 153
134 153
40 178
168 178
119 140
48 140
29 48
115 172
105 172
163 178
79 147
69 147
147 154
147 178
73 81
73 154
73 110
73 124
76 165
76 171
62 66
62 102
7 132
7 39
14 179
14 146
125 169
15 125
125 176
77 150
77 162
41 85
41 45
41 171
72 167
72 92
49 66
49 84
52 88
6 38
35 42
6 71
75 99
35 168
75 96
17 111
88 121
17 110
