97.734149
1614
119
8846
55213
17 158
132 255
356 407
285 375
26 222
63 178
99 344
111 412
120 364
312 372
101 362
28 262
174 195
13 159
144 352
128 438
177 366
280 318
21 84
251 370
301 385
123 240
97 281
157 388
139 351
49 105
243 249
377 402
191 205
133 141
30 269
34 303
172 376
80 435
267 273
89 414
15 231
163 365
33 350
83 297
39 54
66 393
191 228
185 437
119 296
192 234
96 368
60 269
49 136
235 408
314 328
5 146
176 335
132 368
125 407
73 328
30 294
41 387
322 374
202 209
133 293
84 374
102 430
120 215
240 247
382 417
237 411
112 312
72 92
250 401
177 343
61 413
417 447
103 328
90 190
237 325
18 271
49 259
64 305
117 325
199 250
126 368
146 175
26 295
154 178
294 313
14 190
231 276
271 362
177 274
343 367
269 337
245 367
19 441
355 433
216 362
9 342
250 439
130 288
190 292
221 311
271 340
55 296
0 354
151 433
38 422
76 305
12 127
79 398
327 334
160 317
407 436
63 122
95 321
192 289
229 435
146 254
30 320
220 362
106 322
40 352
227 351
45 415
6 213
81 404
130 194
95 264
38 184
200 248
111 358
36 195
244 270
290 429
191 440
83 258
88 111
390 406
287 404
78 277
59 160
214 433
128 443
367 418
272 384
180 385
207 384
285 305
304 306
283 310
85 209
298 331
50 390
161 386
51 415
92 189
12 160
35 404
269 315
10 80
115 208
20 248
86 211
104 283
165 377
7 429
188 397
142 248
221 396
130 171
37 408
158 374
213 336
221 332
349 411
39 211
263 368
83 308
188 209
142 359
70 243
127 307
223 354
206 294
44 175
3 296
39 114
113 133
80 445
87 251
198 271
181 430
159 288
262 379
233 298
328 428
344 427
147 260
229 441
232 384
92 291
150 322
91 312
67 393
322 389
187 380
32 385
239 413
286 290
149 347
38 425
48 398
50 183
304 397
334 354
307 365
195 314
158 330
192 409
140 367
74 347
212 243
84 448
167 280
100 132
225 352
41 252
213 265
187 432
129 417
71 280
78 90
226 270
23 172
31 365
123 224
26 333
219 388
39 391
155 273
25 120
1 97
187 302
256 260
137 398
140 361
115 127
123 153
360 383
53 158
131 303
62 102
37 436
350 400
143 240
209 385
203 412
273 381
303 375
127 350
101 138
309 357
62 178
140 403
97 434
190 444
196 408
30 120
84 204
65 309
89 316
211 242
311 371
211 399
309 335
132 383
122 413
8 115
57 78
16 74
195 238
95 193
44 271
262 382
197 367
278 351
179 385
164 342
24 270
416 441
183 437
339 347
275 393
22 437
2 127
128 162
52 390
327 342
123 268
323 377
294 411
236 283
115 395
415 449
110 417
68 430
240 320
51 214
298 359
41 324
140 394
222 231
168 231
217 304
47 325
260 363
16 251
243 282
108 353
13 109
109 386
75 218
145 314
135 145
18 145
300 349
176 300
169 341
253 262
26 373
141 373
77 266
266 353
98 227
299 303
145 299
94 243
156 187
156 325
156 271
94 390
94 305
94 308
94 169
253 341
156 392
241 262
98 300
266 373
231 420
420 437
346 420
140 210
187 210
116 352
111 257
116 209
190 210
116 347
257 260
268 369
304 369
160 369
170 257
201 374
201 314
228 329
303 329
329 368
128 329
118 329
58 371
32 58
58 319
182 421
148 161
385 419
43 271
11 182
43 296
148 203
46 148
182 360
192 419
221 426
49 426
124 172
24 124
124 416
398 442
367 442
133 345
405 442
250 345
441 442
211 345
345 348
81 152
152 279
152 388
27 282
29 377
29 248
29 407
108 134
166 280
166 348
378 417
378 388
378 430
326 378
27 218
284 405
172 410
410 433
134 170
29 118
107 384
107 365
107 342
121 283
69 408
121 130
89 121
69 97
39 230
41 230
186 344
186 421
4 346
4 338
42 298
38 42
191 261
261 312
93 279
93 173
56 393
56 78
82 232
413 424
92 424
95 423
404 423
80 246
213 246
270 446
290 446
273 431
178 431
