16.620934
9
31
178757
436782
96 129
96 113
70 137
98 126
96 115
116 128
38 58
44 153
59 92
90 123
38 39
19 50
38 149
9 147
20 95
83 133
17 111
15 80
37 65
48 91
17 147
22 120
68 113
40 148
31 157
125 158
111 158
91 151
25 35
32 154
69 130
44 75
92 152
152 156
43 152
44 152
1 35
1 126
1 86
110 158
61 110
110 130
110 154
147 148
95 100
25 66
2 126
16 74
65 132
87 113
113 134
50 59
6 87
17 104
89 96
97 157
80 122
44 131
64 95
71 114
94 144
91 155
87 132
27 40
74 133
63 96
46 124
7 120
36 155
65 101
43 145
0 42
21 35
40 55
125 138
5 43
24 63
44 147
35 108
91 107
114 147
0 119
78 157
53 113
60 70
29 92
21 92
17 117
78 112
0 90
95 125
0 13
43 67
16 126
65 66
13 91
73 125
70 77
35 123
87 118
0 143
18 96
70 156
143 157
11 62
46 62
62 69
62 141
14 158
68 159
71 81
132 140
76 81
82 140
79 96
79 139
81 121
14 54
23 126
12 95
30 80
30 38
26 30
23 30
19 103
103 146
10 102
10 26
33 110
41 127
17 28
4 132
102 127
33 136
49 72
1 72
51 85
24 85
85 144
105 128
54 105
105 150
8 38
34 151
106 141
47 106
93 120
43 93
1 135
49 99
135 142
88 109
88 147
3 32
3 45
52 84
52 94
56 121
56 57
