35.418638
6
57
321686
381658
24 63
12 35
185 237
72 192
152 161
95 199
129 242
66 201
180 239
144 196
18 43
170 179
114 202
66 132
8 113
184 249
130 169
95 191
187 245
83 160
34 93
149 214
193 217
12 148
143 240
45 104
24 247
5 213
5 98
39 178
21 227
38 214
75 83
12 69
119 223
54 71
82 96
5 80
60 160
1 158
73 180
27 72
35 49
26 35
104 156
22 198
165 196
84 130
30 80
160 172
34 109
105 206
56 100
58 72
20 60
134 227
146 184
75 128
82 163
5 248
92 207
136 173
54 140
28 168
36 204
202 243
37 66
122 209
118 214
12 174
63 217
33 35
33 147
33 202
33 180
43 159
159 233
126 159
159 162
36 147
101 208
67 205
15 85
85 239
80 85
101 205
149 205
60 205
78 85
44 205
38 123
123 126
123 187
123 152
123 207
123 131
98 196
129 218
15 188
111 161
124 131
1 76
138 162
236 237
39 179
59 206
56 175
90 202
95 139
184 203
17 80
56 178
184 222
108 207
122 227
88 246
150 210
25 129
173 207
74 131
8 197
211 236
171 193
60 171
151 227
84 151
82 151
1 114
88 221
153 233
47 66
66 100
108 180
14 236
184 215
47 209
46 223
94 161
120 237
129 244
54 192
120 132
1 77
99 162
72 106
52 54
5 133
86 131
70 204
192 204
60 167
137 208
164 168
55 177
15 194
14 248
236 241
2 17
29 193
88 192
88 235
121 206
80 150
143 238
104 107
198 215
34 66
162 226
180 200
29 113
189 232
19 56
75 110
8 176
154 161
89 173
124 164
15 141
1 142
148 186
41 130
177 223
9 233
210 244
6 34
34 220
24 230
125 198
204 249
13 187
43 97
155 227
32 35
162 189
68 193
0 209
10 198
42 43
36 102
64 85
62 205
3 12
127 228
100 228
62 143
3 95
64 190
62 206
195 196
195 219
195 231
7 106
4 36
66 181
229 232
93 157
87 161
11 82
50 214
16 117
116 214
166 196
31 157
48 233
115 137
91 136
53 115
81 91
40 229
117 138
51 206
61 104
8 61
135 143
135 224
31 103
65 103
212 224
212 225
75 183
183 223
44 182
182 216
126 234
23 209
79 127
79 112
57 186
57 145
