68.150000
1
88
53007
295790
15 148
157 275
84 278
12 71
18 19
172 314
77 186
39 120
4 208
118 129
241 254
97 196
6 301
19 47
108 221
155 328
14 199
149 271
138 235
101 327
207 312
161 212
73 285
99 262
79 172
117 197
238 258
53 197
51 287
98 204
102 113
121 342
146 182
268 319
11 225
13 27
43 115
120 287
319 334
199 296
62 198
238 246
3 313
3 304
185 328
6 211
60 86
202 226
42 220
72 184
23 243
7 198
94 197
149 256
41 177
44 287
177 244
54 61
95 243
123 148
48 73
1 322
1 167
10 153
92 137
120 330
247 313
329 337
65 315
172 287
181 215
7 78
90 316
111 182
19 91
164 200
7 195
285 340
287 335
266 319
311 335
81 280
132 187
9 77
77 127
134 182
3 302
43 169
160 323
5 89
190 222
47 106
182 339
199 263
229 242
169 187
99 315
205 251
17 177
43 163
203 287
135 239
29 290
142 341
66 142
11 142
2 173
64 284
99 231
51 54
220 298
73 119
184 287
98 165
228 327
120 264
143 210
116 137
250 266
85 205
76 108
91 253
175 338
141 150
71 261
63 328
52 137
108 310
86 293
55 290
66 298
189 319
97 294
86 209
274 343
115 326
128 343
39 343
223 232
190 219
13 67
90 275
124 270
110 194
4 185
104 173
114 172
33 324
79 214
198 228
1 158
133 173
89 94
151 205
177 326
215 325
98 257
89 193
31 227
233 235
121 206
230 253
150 303
247 335
34 286
70 93
120 244
32 250
164 324
7 242
49 226
232 344
31 169
31 69
87 184
198 281
146 149
10 307
10 183
97 252
240 337
150 185
190 320
160 260
59 337
150 276
4 30
25 284
50 97
239 241
131 172
140 143
113 144
157 170
68 250
121 188
178 236
93 152
64 150
54 294
80 243
190 272
162 178
84 166
4 139
33 71
6 47
168 335
105 187
226 300
31 336
75 280
214 253
98 218
284 316
148 293
7 311
130 248
226 293
253 282
126 319
7 279
243 266
151 334
19 237
34 242
38 241
164 331
306 327
59 94
88 290
202 274
199 228
93 179
148 216
187 291
138 248
149 159
46 328
184 192
146 222
43 259
269 332
1 245
250 269
97 235
34 267
112 248
34 122
161 345
160 318
0 253
135 232
47 205
126 175
99 272
13 347
238 244
198 283
26 238
132 322
8 84
249 275
56 284
82 220
312 327
54 57
6 45
124 143
113 348
24 178
25 161
94 308
89 349
86 340
168 215
103 128
146 160
245 280
228 308
10 242
197 277
35 213
35 178
3 35
191 230
191 299
110 191
185 333
169 333
217 280
142 180
180 343
145 218
145 194
22 145
164 234
213 234
234 317
77 234
234 297
146 295
215 288
21 161
266 295
289 305
29 305
13 21
108 201
321 343
288 290
224 229
121 321
201 233
84 224
71 96
96 173
36 106
83 294
287 346
154 253
107 326
74 272
36 156
100 156
94 136
136 239
136 273
129 136
58 143
58 241
28 275
28 93
37 171
37 203
20 314
20 292
16 225
16 309
174 272
109 142
40 284
40 137
125 170
176 255
125 147
109 113
103 176
174 265
