70.850000
1
87
6653
249625
105 255
130 333
63 166
45 65
40 308
285 337
200 322
5 273
1 50
153 312
209 255
3 196
79 206
43 57
224 302
148 291
204 271
229 254
113 340
48 102
160 230
136 308
81 164
82 226
31 156
335 347
156 262
119 185
35 280
181 342
176 230
43 236
46 112
135 179
7 233
69 75
30 242
99 302
179 305
213 260
160 234
19 74
153 207
72 198
230 290
142 192
66 229
256 268
102 343
196 339
169 190
279 314
132 173
332 347
67 208
109 121
46 264
93 300
46 212
54 192
317 325
170 219
145 152
126 195
168 273
168 265
68 287
179 349
117 243
278 323
135 323
114 313
67 168
7 56
243 295
125 322
71 99
73 165
152 193
121 200
253 346
242 247
99 178
171 179
64 156
130 215
267 332
176 321
76 164
77 254
7 261
66 154
182 346
5 293
80 260
226 258
274 325
176 211
61 291
236 321
93 103
39 341
282 336
27 186
224 310
225 290
39 292
2 45
102 117
152 281
122 248
63 214
242 266
6 84
198 227
183 254
5 196
96 101
36 123
114 263
74 279
114 145
39 60
45 251
101 130
97 322
320 336
78 276
104 141
81 128
324 335
137 267
75 291
191 205
175 230
81 88
8 75
130 318
28 160
123 326
131 162
160 253
42 217
20 206
5 238
23 43
121 192
76 100
148 348
256 347
43 316
168 319
157 276
46 105
1 331
21 113
54 76
283 337
191 284
303 332
27 110
76 159
27 147
15 254
5 16
26 142
95 126
68 122
123 189
140 299
255 275
18 176
10 256
102 129
208 330
34 342
226 252
87 198
94 121
291 342
224 345
1 106
72 192
55 204
0 35
276 297
172 346
113 294
24 255
93 338
105 190
141 148
96 202
13 66
149 224
126 216
23 342
107 184
53 63
145 206
161 219
86 145
21 329
62 160
228 336
27 41
190 315
35 250
156 204
78 309
7 29
174 208
29 176
246 301
49 98
98 127
99 289
54 307
54 102
74 237
207 318
33 96
165 322
191 249
50 239
206 220
54 118
92 122
81 299
273 337
32 243
6 162
60 255
6 29
76 301
167 260
132 208
45 302
190 334
54 124
231 256
196 286
173 219
311 323
142 304
63 229
180 184
52 75
114 306
98 259
7 151
120 148
138 142
257 308
86 290
11 204
47 153
152 221
137 325
134 184
134 260
201 322
201 208
12 325
59 256
59 130
199 269
199 282
175 199
85 199
12 199
145 288
105 222
222 229
29 218
126 218
200 232
43 232
17 232
98 232
89 324
89 111
273 296
133 219
133 184
39 133
74 210
210 276
1 210
108 302
116 300
116 196
14 179
14 96
277 336
139 323
61 197
203 339
203 242
122 203
155 197
155 298
203 241
108 139
192 272
210 272
235 327
235 314
44 235
217 235
51 54
51 240
146 187
146 186
146 327
58 104
58 328
17 194
38 170
38 245
22 27
22 35
91 185
91 144
90 143
90 246
90 344
9 189
9 66
163 204
113 163
163 243
83 123
83 308
37 191
4 177
70 226
150 223
150 156
4 309
37 290
70 102
25 287
25 270
115 239
115 188
158 244
158 344
91 194
