37.155826
196
46
128
122994
122 196
51 115
37 140
60 104
60 97
6 30
6 21
37 167
62 114
37 171
60 128
63 71
5 145
59 145
148 166
62 147
124 132
59 130
141 163
51 145
112 191
113 125
33 74
49 69
12 58
148 191
150 163
174 184
105 158
4 146
44 103
23 52
49 86
96 193
79 83
44 49
123 193
41 108
136 191
103 118
3 68
52 143
79 195
158 180
124 125
181 193
151 187
29 115
83 111
27 188
0 188
46 58
36 108
172 198
84 113
124 138
113 149
89 161
165 174
54 163
11 33
146 188
62 177
89 182
65 111
6 175
89 135
119 127
10 33
54 134
40 115
43 196
103 197
79 181
31 103
52 189
24 88
67 151
24 121
18 190
101 134
66 124
58 125
17 111
89 159
80 102
76 158
15 80
93 169
34 95
33 56
48 90
21 93
61 90
55 142
55 109
7 95
62 102
63 92
63 72
19 113
79 129
87 134
18 183
42 108
103 107
24 85
80 157
131 151
16 93
127 159
6 110
127 137
26 90
89 133
172 193
75 135
98 196
93 178
35 80
17 78
125 158
95 179
22 28
28 32
10 28
2 115
2 188
53 82
82 130
106 186
32 154
154 174
55 139
58 168
153 168
108 144
45 94
94 102
94 153
23 156
125 156
24 192
49 192
63 162
39 132
39 100
39 78
39 199
39 197
100 170
170 196
91 121
151 164
111 164
58 64
73 106
68 73
73 185
14 73
9 194
28 64
116 145
52 116
37 116
25 60
25 33
21 155
90 155
57 173
57 75
13 57
38 198
21 38
152 173
115 152
144 186
49 126
117 118
81 117
117 185
20 176
20 182
1 56
1 134
8 134
160 191
79 160
70 99
65 70
77 186
47 193
47 55
18 120
58 120
50 103
50 95
9 77
91 162
