6.207041
58
16
88564
205522
7 98
38 75
5 92
64 75
22 69
30 69
4 60
33 96
23 75
13 20
4 35
8 75
65 95
1 4
15 39
6 77
71 98
69 98
24 92
17 62
24 62
51 62
37 62
16 98
6 16
16 31
16 20
30 66
39 66
66 72
66 92
11 66
8 85
54 73
41 85
64 73
39 88
46 98
52 95
68 96
31 96
3 36
6 47
14 49
69 90
71 99
6 50
26 92
37 97
53 58
55 97
58 80
9 95
57 96
76 78
58 76
57 80
40 93
34 62
40 97
9 34
32 96
32 61
66 67
70 98
45 74
54 67
4 43
43 61
74 93
49 63
63 78
11 29
29 36
77 94
79 83
4 42
41 79
21 48
48 95
28 99
28 59
56 69
19 59
60 89
12 66
44 86
44 59
0 14
0 87
2 84
84 91
55 84
18 81
18 87
25 59
25 82
10 27
10 38
