29.950000
1
37
2823
888676
20 23
79 116
45 69
108 136
27 54
75 80
89 120
16 119
32 86
69 128
14 49
72 101
1 123
64 111
38 46
61 139
7 49
49 104
89 107
50 119
55 91
52 55
43 77
41 124
56 137
94 95
6 20
21 59
72 134
17 97
64 67
67 120
82 98
70 111
8 85
71 127
41 94
3 113
42 67
32 114
10 138
6 71
71 137
65 71
24 48
25 129
25 59
36 129
36 112
113 115
109 115
111 115
71 115
2 69
46 56
76 106
110 111
68 74
55 122
103 130
33 46
15 53
48 93
20 37
15 39
8 92
43 116
17 42
28 133
68 132
17 99
107 133
12 57
2 39
59 63
105 116
8 84
53 136
118 124
75 133
57 123
41 120
20 29
113 121
50 106
81 109
13 138
4 113
8 104
39 131
51 79
51 120
62 94
68 102
32 126
6 103
109 117
13 18
0 21
6 112
11 119
27 80
18 139
34 94
59 90
19 119
27 83
60 103
44 139
35 98
26 59
98 104
103 135
50 55
31 136
100 109
124 125
73 124
78 138
49 87
65 138
47 106
9 72
58 123
48 77
26 98
12 106
69 88
22 133
22 32
66 69
66 138
30 115
30 50
39 96
40 123
68 96
5 27
5 72
