94.113750
52
114
113
54804
46 86
60 376
202 416
129 425
156 379
66 448
16 443
307 407
198 290
34 103
240 384
245 297
204 273
145 414
77 300
103 140
51 196
201 298
87 396
309 374
182 374
195 425
136 398
257 322
6 143
18 123
17 398
142 360
344 432
251 294
125 289
165 185
304 397
23 66
273 318
85 207
46 168
53 149
339 436
118 239
237 314
13 195
144 246
267 306
211 237
397 448
213 425
190 441
317 449
98 101
44 216
104 159
174 432
59 149
416 437
141 289
268 289
165 217
307 361
46 329
108 354
353 444
162 184
201 405
254 377
38 356
85 307
281 357
191 204
21 118
152 353
157 367
207 382
33 269
215 356
99 228
69 319
319 377
256 381
385 432
148 398
18 52
135 307
186 278
171 229
101 255
190 242
178 221
155 179
198 406
409 436
262 380
36 356
224 279
42 271
331 368
53 418
2 423
216 253
279 395
286 331
119 184
28 418
169 368
121 368
181 368
159 418
197 273
21 400
145 366
58 207
163 206
357 430
362 440
249 269
91 149
191 445
45 312
245 328
122 269
415 423
0 40
350 429
116 404
96 404
228 404
2 115
13 434
184 231
1 392
102 323
204 443
73 214
1 371
182 386
113 192
30 87
50 377
232 245
71 143
12 350
113 343
263 329
193 246
18 151
45 325
45 301
256 283
46 429
237 247
124 359
113 310
9 423
95 112
120 443
20 147
182 281
256 280
63 439
97 348
181 223
189 354
216 440
55 155
176 196
243 323
3 99
208 374
191 406
229 442
115 402
25 68
10 354
10 155
117 339
77 421
56 190
11 186
73 77
219 232
43 311
43 199
112 261
191 362
373 426
100 164
200 369
36 247
81 236
25 54
10 229
139 379
93 397
130 271
210 373
48 167
15 143
303 344
89 163
221 391
127 386
112 248
180 267
354 388
363 436
49 194
115 230
76 106
238 443
87 169
214 305
20 272
386 401
196 257
263 360
157 345
177 404
20 244
166 186
205 267
246 324
5 360
137 294
157 399
294 413
219 373
386 433
198 364
80 118
43 431
191 222
326 353
64 220
31 37
151 287
145 447
100 317
72 187
229 420
172 173
100 105
214 419
40 99
134 145
259 425
69 148
408 416
81 158
7 57
43 107
31 411
200 228
172 319
200 291
115 436
310 323
200 277
108 397
35 354
2 31
66 292
62 273
99 427
128 281
281 316
271 320
97 233
79 255
41 294
199 269
69 390
25 351
335 377
7 334
76 251
97 449
25 437
19 350
124 288
115 194
113 154
4 66
146 246
64 412
31 82
76 133
76 94
378 423
146 190
8 13
70 216
101 276
157 260
221 313
146 279
79 124
83 356
199 271
374 417
172 346
61 165
22 379
155 358
1 265
163 287
172 383
81 447
7 275
65 149
69 215
72 349
81 90
64 410
104 212
161 212
167 212
72 315
69 150
292 293
274 293
114 293
266 327
327 439
14 327
226 375
48 375
0 389
60 389
389 435
49 333
67 333
333 424
203 355
296 355
355 376
244 370
203 370
11 26
26 67
103 438
2 264
146 241
375 403
10 352
227 245
129 227
198 227
77 394
78 217
18 250
201 250
183 293
131 182
131 204
132 286
132 303
110 132
39 77
39 65
319 338
228 338
398 422
216 422
46 422
114 422
111 149
111 397
251 342
342 367
223 342
258 342
199 302
302 312
347 432
17 347
307 347
285 332
25 332
163 332
20 387
163 387
360 365
143 365
368 393
112 393
75 393
170 323
170 201
84 337
84 124
84 289
32 75
32 299
225 256
13 225
126 270
251 340
340 447
295 373
186 295
84 333
92 183
160 322
160 337
24 118
24 66
138 262
47 138
138 400
153 384
63 153
153 372
27 117
27 240
14 29
29 279
175 394
78 92
284 321
209 353
101 336
139 284
7 336
196 209
284 430
341 425
103 341
234 323
97 234
235 265
235 379
109 184
109 416
1 428
64 428
212 282
267 282
45 282
74 350
74 221
100 330
72 330
264 308
88 446
126 352
218 308
218 446
188 252
188 370
